0.32	4.0
0.81	1.0
1.29	2.0
1.77	3.0
2.24	4.0
2.72	1.0
3.21	2.0
3.68	3.0
4.16	4.0
4.63	1.0
5.11	2.0
5.59	3.0
6.07	4.0
6.54	1.0
7.01	2.0
7.49	3.0
7.97	4.0
8.45	1.0
8.93	2.0
9.41	3.0
9.88	4.0
10.37	1.0
10.84	2.0
11.32	3.0
11.8	4.0
12.28	1.0
12.76	2.0
13.23	3.0
13.71	4.0
14.19	1.0
14.66	2.0
15.15	3.0
15.62	4.0
16.1	1.0
16.57	2.0
17.05	3.0
17.53	4.0
18.01	1.0
18.48	2.0
18.96	3.0
19.44	4.0
19.92	1.0
20.4	2.0
20.88	3.0
21.36	4.0
21.83	1.0
22.31	2.0
22.79	3.0
23.27	4.0
23.74	1.0
24.22	2.0
24.69	3.0
25.17	4.0
25.62	1.0
26.11	2.0
26.57	3.0
27.05	4.0
27.53	1.0
28.01	2.0
28.49	3.0
28.98	4.0
29.47	1.0
29.95	2.0
30.44	3.0
30.9	4.0
31.38	1.0
31.86	2.0
32.33	3.0
32.81	4.0
33.29	1.0
33.76	2.0
34.24	3.0
34.71	4.0
35.19	1.0
35.67	2.0
36.14	3.0
36.63	4.0
37.11	1.0
37.6	2.0
38.07	3.0
38.55	4.0
39.02	1.0
39.5	2.0
39.97	3.0
40.45	4.0
40.93	1.0
41.42	2.0
41.9	3.0
42.38	4.0
42.86	1.0
43.33	2.0
43.81	3.0
44.29	4.0
44.76	1.0
45.25	2.0
45.73	3.0
46.21	4.0
46.69	1.0
47.16	2.0
47.63	3.0
48.1	4.0
48.58	1.0
49.07	2.0
49.55	3.0
50.02	4.0
50.5	1.0
50.99	2.0
51.46	3.0
51.94	4.0
52.41	1.0
52.89	2.0
53.35	3.0
53.83	4.0
54.32	1.0
54.78	2.0
55.27	3.0
55.75	4.0
56.23	1.0
56.71	2.0
57.2	3.0
57.67	4.0
58.15	1.0
58.62	2.0
59.1	3.0
59.58	4.0
60.06	1.0
60.53	2.0
61.01	3.0
61.48	4.0
61.97	1.0
62.44	2.0
62.92	3.0
63.41	4.0
63.88	1.0
64.36	2.0
64.83	3.0
65.31	4.0
65.78	1.0
66.27	2.0
66.74	3.0
67.23	4.0
67.7	1.0
68.18	2.0
68.66	3.0
69.13	4.0
69.61	1.0
70.08	2.0
70.56	3.0
71.05	4.0
71.53	1.0
72.01	2.0
72.48	3.0
72.95	4.0
73.43	1.0
73.91	2.0
74.39	3.0
74.87	4.0
75.34	1.0
75.83	2.0
76.32	3.0
76.78	4.0
77.25	1.0
77.73	2.0
78.2	3.0
78.67	4.0
79.14	1.0
79.61	2.0
80.08	3.0
80.56	4.0
81.04	1.0
81.53	2.0
82.01	3.0
82.49	4.0
82.97	1.0
83.46	2.0
83.93	3.0
84.4	4.0
84.87	1.0
85.35	2.0
85.83	3.0
86.31	4.0
86.79	1.0
87.28	2.0
87.75	3.0
88.23	4.0
88.7	1.0
89.19	2.0
89.66	3.0
90.15	4.0
90.64	1.0
91.12	2.0
91.6	3.0
92.08	4.0
92.54	1.0
93.02	2.0
93.49	3.0
93.97	4.0
94.45	1.0
94.93	2.0
95.41	3.0
95.89	4.0
96.37	1.0
96.85	2.0
97.32	3.0
97.79	4.0
98.27	1.0
98.75	2.0
99.24	3.0
99.72	4.0
100.19	1.0
100.66	2.0
101.15	3.0
101.63	4.0
102.1	1.0
102.58	2.0
103.06	3.0
103.53	4.0
104.01	1.0
104.5	2.0
104.98	3.0
105.45	4.0
105.93	1.0
106.39	2.0
106.86	3.0
107.33	4.0
107.8	1.0
108.29	2.0
108.76	3.0
109.24	4.0
109.72	1.0
110.19	2.0
110.68	3.0
111.16	4.0
111.62	1.0
112.09	2.0
112.57	3.0
113.05	4.0
113.54	1.0
114.03	2.0
114.51	3.0
114.98	4.0
115.46	1.0
115.94	2.0
116.42	3.0
116.9	4.0
117.37	1.0
117.85	2.0
118.32	3.0
118.81	4.0
119.27	1.0
119.75	2.0
120.23	3.0
120.71	4.0
121.19	1.0
121.67	2.0
122.14	3.0
122.62	4.0
123.1	1.0
123.58	2.0
124.06	3.0
124.54	4.0
125.01	1.0
125.5	2.0
125.96	3.0
126.44	4.0
126.92	1.0
127.39	2.0
127.87	3.0
128.36	4.0
128.84	1.0
129.31	2.0
129.8	3.0
130.27	4.0
130.75	1.0
131.23	2.0
131.71	3.0
132.19	4.0
132.67	1.0
133.14	2.0
133.62	3.0
134.08	4.0
134.55	1.0
135.04	2.0
135.52	3.0
136.0	4.0
136.47	1.0
136.96	2.0
137.43	3.0
137.91	4.0
138.4	1.0
138.87	2.0
139.35	3.0
139.83	4.0
140.32	1.0
140.8	2.0
141.28	3.0
141.75	4.0
142.22	1.0
142.7	2.0
143.17	3.0
143.66	4.0
144.14	1.0
144.61	2.0
145.09	3.0
145.55	4.0
146.02	1.0
146.51	2.0
146.99	3.0
147.47	4.0
147.95	1.0
148.44	2.0
148.91	3.0
149.39	4.0
149.86	1.0
150.34	2.0
150.82	3.0
151.29	4.0
151.78	1.0
152.27	2.0
152.74	3.0
153.21	4.0
153.68	1.0
154.16	2.0
154.63	3.0
155.11	4.0
155.6	1.0
156.07	2.0
156.55	3.0
157.02	4.0
157.49	1.0
157.98	2.0
158.46	3.0
158.94	4.0
159.42	1.0
159.9	2.0
160.38	3.0
160.87	4.0
161.35	1.0
161.83	2.0
162.31	3.0
162.79	4.0
163.26	1.0
163.74	2.0
164.21	3.0
164.68	4.0
165.14	1.0
165.63	2.0
166.1	3.0
166.58	4.0
167.06	1.0
167.53	2.0
168.02	3.0
168.5	4.0
168.96	1.0
169.44	2.0
169.92	3.0
170.4	4.0
170.88	1.0
171.37	2.0
171.84	3.0
172.32	4.0
172.8	1.0
173.28	2.0
173.75	3.0
174.23	4.0
174.71	1.0
175.18	2.0
175.66	3.0
176.14	4.0
176.61	1.0
177.1	2.0
177.57	3.0
178.05	4.0
178.54	1.0
179.01	2.0
179.49	3.0
179.96	4.0
180.45	1.0
180.93	2.0
181.39	3.0
181.87	4.0
182.35	1.0
182.83	2.0
183.3	3.0
183.77	4.0
184.26	1.0
184.74	2.0
