0.53	1.0
1.1	2.0
1.68	3.0
2.26	4.0
2.84	1.0
3.41	2.0
3.99	3.0
4.56	4.0
5.15	1.0
5.72	2.0
6.3	3.0
6.88	4.0
7.45	1.0
8.02	2.0
8.61	3.0
9.18	4.0
9.76	1.0
10.34	2.0
10.92	3.0
11.49	4.0
12.07	1.0
12.64	2.0
13.23	3.0
13.79	4.0
14.38	1.0
14.96	2.0
15.54	3.0
16.11	4.0
16.69	1.0
17.26	2.0
17.84	3.0
18.4	4.0
19.0	1.0
19.57	2.0
20.15	3.0
20.72	4.0
21.31	1.0
21.89	2.0
22.46	3.0
23.02	4.0
23.6	1.0
24.19	2.0
24.77	3.0
25.34	4.0
25.92	1.0
26.49	2.0
27.07	3.0
27.64	4.0
28.21	1.0
28.79	2.0
29.38	3.0
29.95	4.0
30.53	1.0
31.1	2.0
31.69	3.0
32.26	4.0
32.84	1.0
33.41	2.0
34.0	3.0
34.58	4.0
35.15	1.0
35.73	2.0
36.31	3.0
36.88	4.0
37.46	1.0
38.04	2.0
38.61	3.0
39.19	4.0
39.77	1.0
40.34	2.0
40.92	3.0
41.5	4.0
42.07	1.0
42.65	2.0
43.23	3.0
43.8	4.0
44.38	1.0
44.96	2.0
45.54	3.0
46.11	4.0
46.69	1.0
47.27	2.0
47.85	3.0
48.42	4.0
48.99	1.0
49.59	2.0
50.15	3.0
50.72	4.0
51.3	1.0
51.88	2.0
52.46	3.0
53.03	4.0
53.62	1.0
54.2	2.0
54.77	3.0
55.34	4.0
55.93	1.0
56.5	2.0
57.08	3.0
57.65	4.0
58.23	1.0
58.8	2.0
59.39	3.0
59.96	4.0
60.54	1.0
61.1	2.0
61.69	3.0
62.26	4.0
62.85	1.0
63.42	2.0
63.99	3.0
64.57	4.0
65.15	1.0
65.73	2.0
66.31	3.0
66.88	4.0
67.46	1.0
68.04	2.0
68.62	3.0
69.19	4.0
69.76	1.0
70.34	2.0
70.92	3.0
71.49	4.0
72.08	1.0
72.65	2.0
73.24	3.0
73.81	4.0
74.39	1.0
74.97	2.0
75.54	3.0
76.11	4.0
76.69	1.0
77.26	2.0
77.85	3.0
78.42	4.0
79.0	1.0
79.58	2.0
80.16	3.0
80.72	4.0
81.3	1.0
81.88	2.0
82.46	3.0
83.04	4.0
83.63	1.0
84.19	2.0
84.77	3.0
85.35	4.0
85.92	1.0
86.49	2.0
87.08	3.0
87.65	4.0
88.22	1.0
88.81	2.0
89.39	3.0
89.96	4.0
90.54	1.0
91.11	2.0
91.69	3.0
92.27	4.0
92.84	1.0
93.42	2.0
94.0	3.0
94.58	4.0
95.15	1.0
95.73	2.0
96.31	3.0
96.88	4.0
97.46	1.0
98.04	2.0
98.62	3.0
99.18	4.0
99.77	1.0
100.35	2.0
100.92	3.0
101.5	4.0
102.07	1.0
102.66	2.0
103.24	3.0
103.81	4.0
104.38	1.0
104.95	2.0
105.54	3.0
106.12	4.0
106.7	1.0
107.27	2.0
107.85	3.0
108.43	4.0
109.0	1.0
109.58	2.0
110.16	3.0
110.74	4.0
111.31	1.0
111.88	2.0
112.46	3.0
113.03	4.0
113.61	1.0
114.2	2.0
114.76	3.0
115.35	4.0
115.92	1.0
116.5	2.0
117.08	3.0
117.66	4.0
118.23	1.0
118.79	2.0
119.39	3.0
119.96	4.0
120.54	1.0
121.12	2.0
121.7	3.0
122.28	4.0
122.85	1.0
123.42	2.0
124.0	3.0
124.58	4.0
125.16	1.0
125.74	2.0
126.32	3.0
126.9	4.0
127.47	1.0
128.03	2.0
128.62	3.0
129.19	4.0
129.76	1.0
130.34	2.0
130.93	3.0
131.5	4.0
132.08	1.0
132.65	2.0
133.24	3.0
133.81	4.0
134.39	1.0
134.96	2.0
135.55	3.0
136.11	4.0
136.69	1.0
137.26	2.0
137.85	3.0
138.42	4.0
139.0	1.0
139.58	2.0
140.16	3.0
140.72	4.0
141.31	1.0
141.89	2.0
142.47	3.0
143.04	4.0
143.61	1.0
144.19	2.0
144.78	3.0
145.35	4.0
145.92	1.0
146.51	2.0
147.09	3.0
147.66	4.0
148.23	1.0
148.81	2.0
149.39	3.0
149.97	4.0
150.54	1.0
151.12	2.0
151.7	3.0
152.27	4.0
152.85	1.0
153.43	2.0
154.01	3.0
154.59	4.0
155.16	1.0
155.74	2.0
156.31	3.0
156.89	4.0
157.46	1.0
158.04	2.0
158.62	3.0
159.2	4.0
159.78	1.0
160.36	2.0
160.94	3.0
161.5	4.0
162.08	1.0
162.66	2.0
163.24	3.0
163.82	4.0
164.39	1.0
164.97	2.0
165.55	3.0
166.12	4.0
166.69	1.0
167.28	2.0
167.85	3.0
168.43	4.0
169.01	1.0
169.58	2.0
170.16	3.0
170.74	4.0
171.32	1.0
171.9	2.0
172.47	3.0
173.05	4.0
173.63	1.0
174.2	2.0
174.77	3.0
175.34	4.0
175.93	1.0
176.51	2.0
177.08	3.0
177.66	4.0
178.23	1.0
178.81	2.0
179.4	3.0
179.97	4.0
180.54	1.0
181.12	2.0
181.7	3.0
182.27	4.0
182.85	1.0
183.43	2.0
184.01	3.0
184.58	4.0
185.16	1.0
185.73	2.0
186.32	3.0
186.9	4.0
187.48	1.0
188.05	2.0
188.63	3.0
189.2	4.0
189.78	1.0
190.36	2.0
190.93	3.0
191.51	4.0
192.09	1.0
192.67	2.0
193.24	3.0
193.82	4.0
194.4	1.0
194.97	2.0
195.55	3.0
196.13	4.0
196.71	1.0
197.28	2.0
197.86	3.0
198.43	4.0
199.01	1.0
199.58	2.0
200.17	3.0
200.75	4.0
201.32	1.0
201.89	2.0
202.48	3.0
203.05	4.0
203.62	1.0
204.2	2.0
204.78	3.0
205.35	4.0
205.93	1.0
206.5	2.0
207.09	3.0
207.66	4.0
208.24	1.0
208.82	2.0
209.4	3.0
209.97	4.0
210.55	1.0
211.13	2.0
211.72	3.0
