0.27	1.0
0.93	2.0
1.55	3.0
2.22	4.0
2.86	1.0
3.49	2.0
4.15	3.0
4.8	4.0
5.45	1.0
6.12	2.0
6.74	3.0
7.37	4.0
8.0	1.0
8.67	2.0
9.3	3.0
9.95	4.0
10.61	1.0
11.22	2.0
11.87	3.0
12.48	4.0
13.16	1.0
13.79	2.0
14.44	3.0
15.12	4.0
15.76	1.0
16.39	2.0
17.01	3.0
17.66	4.0
18.31	1.0
18.94	2.0
19.58	3.0
20.22	4.0
20.89	1.0
21.53	2.0
22.19	3.0
22.82	4.0
23.44	1.0
24.11	2.0
24.74	3.0
25.41	4.0
26.05	1.0
26.68	2.0
27.29	3.0
27.96	4.0
28.6	1.0
29.24	2.0
29.9	3.0
30.55	4.0
31.19	1.0
31.85	2.0
32.51	3.0
33.13	4.0
33.78	1.0
34.41	2.0
35.06	3.0
35.69	4.0
36.32	1.0
36.98	2.0
37.62	3.0
38.27	4.0
38.91	1.0
39.56	2.0
40.2	3.0
40.84	4.0
41.48	1.0
42.11	2.0
42.75	3.0
43.38	4.0
44.07	1.0
44.71	2.0
45.32	3.0
45.98	4.0
46.61	1.0
47.24	2.0
47.91	3.0
48.55	4.0
49.2	1.0
49.84	2.0
50.5	3.0
51.13	4.0
51.75	1.0
52.4	2.0
53.06	3.0
53.71	4.0
54.34	1.0
55.0	2.0
55.64	3.0
56.29	4.0
56.93	1.0
57.59	2.0
58.23	3.0
58.86	4.0
59.51	1.0
60.17	2.0
60.81	3.0
61.45	4.0
62.06	1.0
62.68	2.0
63.35	3.0
63.99	4.0
64.64	1.0
65.27	2.0
65.92	3.0
66.56	4.0
67.22	1.0
67.85	2.0
68.5	3.0
69.15	4.0
69.78	1.0
70.44	2.0
71.08	3.0
71.69	4.0
72.35	1.0
73.02	2.0
73.67	3.0
74.31	4.0
74.95	1.0
75.63	2.0
76.27	3.0
76.91	4.0
77.54	1.0
78.17	2.0
78.8	3.0
79.45	4.0
80.11	1.0
80.73	2.0
81.37	3.0
82.02	4.0
82.65	1.0
83.3	2.0
83.95	3.0
84.58	4.0
85.22	1.0
85.87	2.0
86.49	3.0
87.16	4.0
87.8	1.0
88.48	2.0
89.1	3.0
89.74	4.0
90.38	1.0
91.02	2.0
91.67	3.0
92.31	4.0
92.95	1.0
93.58	2.0
94.23	3.0
94.86	4.0
95.51	1.0
96.16	2.0
96.82	3.0
97.48	4.0
98.12	1.0
98.77	2.0
99.42	3.0
100.06	4.0
100.69	1.0
101.34	2.0
101.99	3.0
102.64	4.0
103.27	1.0
103.92	2.0
104.58	3.0
105.22	4.0
105.84	1.0
106.5	2.0
107.13	3.0
107.77	4.0
108.38	1.0
109.02	2.0
109.7	3.0
110.32	4.0
110.99	1.0
111.64	2.0
112.29	3.0
112.95	4.0
113.57	1.0
114.21	2.0
114.86	3.0
115.51	4.0
116.14	1.0
116.8	2.0
117.44	3.0
118.08	4.0
118.7	1.0
119.37	2.0
120.0	3.0
120.65	4.0
121.28	1.0
121.95	2.0
122.59	3.0
123.23	4.0
123.85	1.0
124.49	2.0
125.15	3.0
125.79	4.0
126.44	1.0
127.08	2.0
127.73	3.0
128.36	4.0
129.0	1.0
129.62	2.0
130.3	3.0
130.94	4.0
131.58	1.0
132.24	2.0
132.9	3.0
133.55	4.0
134.16	1.0
134.81	2.0
135.46	3.0
136.1	4.0
136.73	1.0
137.39	2.0
138.02	3.0
138.66	4.0
139.31	1.0
139.97	2.0
140.62	3.0
141.27	4.0
141.9	1.0
142.56	2.0
143.2	3.0
143.82	4.0
144.46	1.0
145.13	2.0
145.77	3.0
146.4	4.0
147.06	1.0
147.7	2.0
148.32	3.0
148.96	4.0
149.6	1.0
150.25	2.0
150.92	3.0
151.57	4.0
152.2	1.0
152.85	2.0
153.5	3.0
154.15	4.0
154.8	1.0
155.44	2.0
156.07	3.0
156.71	4.0
157.35	1.0
158.01	2.0
158.65	3.0
159.27	4.0
159.92	1.0
160.57	2.0
161.21	3.0
161.84	4.0
162.49	1.0
163.13	2.0
163.77	3.0
164.41	4.0
165.05	1.0
165.71	2.0
166.37	3.0
167.01	4.0
167.66	1.0
168.32	2.0
168.97	3.0
169.6	4.0
170.24	1.0
170.9	2.0
171.54	3.0
172.17	4.0
172.78	1.0
173.43	2.0
174.1	3.0
174.72	4.0
175.36	1.0
176.03	2.0
176.69	3.0
177.33	4.0
177.96	1.0
178.62	2.0
179.26	3.0
179.89	4.0
180.51	1.0
181.18	2.0
181.83	3.0
182.47	4.0
183.11	1.0
183.76	2.0
184.4	3.0
185.05	4.0
185.7	1.0
186.36	2.0
186.99	3.0
187.63	4.0
188.26	1.0
188.9	2.0
189.54	3.0
190.16	4.0
190.8	1.0
191.47	2.0
192.14	3.0
192.79	4.0
193.43	1.0
194.08	2.0
194.71	3.0
195.35	4.0
195.98	1.0
196.61	2.0
197.27	3.0
197.91	4.0
198.56	1.0
199.22	2.0
199.86	3.0
200.5	4.0
201.16	1.0
201.81	2.0
202.46	3.0
203.1	4.0
203.72	1.0
204.39	2.0
205.04	3.0
205.69	4.0
206.31	1.0
206.96	2.0
207.59	3.0
208.23	4.0
208.86	1.0
209.52	2.0
210.15	3.0
210.78	4.0
211.45	1.0
212.11	2.0
212.76	3.0
213.39	4.0
214.04	1.0
214.7	2.0
215.33	3.0
215.98	4.0
216.62	1.0
217.27	2.0
217.91	3.0
218.56	4.0
219.18	1.0
219.84	2.0
220.48	3.0
221.1	4.0
221.77	1.0
222.43	2.0
223.07	3.0
223.7	4.0
224.34	1.0
224.99	2.0
225.62	3.0
226.25	4.0
226.9	1.0
227.58	2.0
228.23	3.0
228.86	4.0
229.49	1.0
230.14	2.0
230.78	3.0
231.39	4.0
232.01	1.0
232.68	2.0
233.32	3.0
233.97	4.0
234.62	1.0
235.27	2.0
235.92	3.0
236.56	4.0
237.19	1.0
237.88	2.0
238.51	3.0
239.17	4.0
239.79	1.0
240.5	2.0
241.17	3.0
241.88	4.0
242.61	1.0
243.26	2.0
243.97	3.0
244.62	4.0
245.24	1.0
245.91	2.0
246.57	3.0
247.31	4.0
248.02	1.0
248.7	2.0
249.39	3.0
250.1	4.0
250.78	1.0
251.47	2.0
252.21	3.0
252.98	4.0
253.94	1.0
254.93	2.0
255.89	3.0
256.85	4.0
257.78	1.0
258.79	2.0
