0.63	1.0
1.47	2.0
2.31	3.0
3.14	4.0
3.98	1.0
4.82	2.0
5.67	3.0
6.51	4.0
7.35	1.0
8.18	2.0
9.03	3.0
9.87	4.0
10.71	1.0
11.55	2.0
12.38	3.0
13.23	4.0
14.07	1.0
14.9	2.0
15.74	3.0
16.58	4.0
17.42	1.0
18.26	2.0
19.1	3.0
19.94	4.0
20.79	1.0
21.62	2.0
22.47	3.0
23.3	4.0
24.14	1.0
24.98	2.0
25.82	3.0
26.66	4.0
27.5	1.0
28.34	2.0
29.18	3.0
30.02	4.0
30.86	1.0
31.7	2.0
32.54	3.0
33.38	4.0
34.22	1.0
35.06	2.0
35.9	3.0
36.74	4.0
37.58	1.0
38.42	2.0
39.26	3.0
40.1	4.0
40.93	1.0
41.78	2.0
42.62	3.0
43.46	4.0
44.29	1.0
45.14	2.0
45.98	3.0
46.82	4.0
47.67	1.0
48.5	2.0
49.34	3.0
50.18	4.0
51.02	1.0
51.86	2.0
52.7	3.0
53.54	4.0
54.38	1.0
55.22	2.0
56.06	3.0
56.9	4.0
57.74	1.0
58.58	2.0
59.42	3.0
60.26	4.0
61.1	1.0
61.94	2.0
62.78	3.0
63.62	4.0
64.46	1.0
65.3	2.0
66.14	3.0
66.98	4.0
67.82	1.0
68.66	2.0
69.5	3.0
70.34	4.0
71.18	1.0
72.02	2.0
72.86	3.0
73.71	4.0
74.54	1.0
75.38	2.0
76.22	3.0
77.06	4.0
77.9	1.0
78.73	2.0
79.57	3.0
80.42	4.0
81.26	1.0
82.1	2.0
82.93	3.0
83.78	4.0
84.62	1.0
85.46	2.0
86.3	3.0
87.13	4.0
87.98	1.0
88.82	2.0
89.66	3.0
90.5	4.0
91.34	1.0
92.19	2.0
93.01	3.0
93.86	4.0
94.69	1.0
95.53	2.0
96.38	3.0
97.21	4.0
98.05	1.0
98.89	2.0
99.73	3.0
100.58	4.0
101.41	1.0
102.25	2.0
103.09	3.0
103.93	4.0
104.77	1.0
105.61	2.0
106.45	3.0
107.29	4.0
108.13	1.0
108.97	2.0
109.81	3.0
110.66	4.0
111.49	1.0
112.33	2.0
113.17	3.0
114.02	4.0
114.85	1.0
115.69	2.0
116.53	3.0
117.37	4.0
118.21	1.0
119.05	2.0
119.89	3.0
120.74	4.0
121.58	1.0
122.41	2.0
123.25	3.0
124.09	4.0
124.93	1.0
125.77	2.0
126.61	3.0
127.45	4.0
128.3	1.0
129.13	2.0
129.97	3.0
130.81	4.0
131.65	1.0
132.49	2.0
133.33	3.0
134.17	4.0
135.01	1.0
135.85	2.0
136.68	3.0
137.53	4.0
138.37	1.0
139.21	2.0
140.05	3.0
140.88	4.0
141.73	1.0
142.57	2.0
143.41	3.0
144.25	4.0
145.09	1.0
145.93	2.0
146.77	3.0
147.61	4.0
148.45	1.0
149.29	2.0
150.12	3.0
150.97	4.0
151.81	1.0
152.65	2.0
153.49	3.0
154.33	4.0
155.17	1.0
156.01	2.0
156.85	3.0
157.69	4.0
158.53	1.0
159.36	2.0
160.2	3.0
161.05	4.0
161.89	1.0
162.73	2.0
163.56	3.0
164.41	4.0
165.24	1.0
166.09	2.0
166.92	3.0
167.77	4.0
168.61	1.0
169.45	2.0
170.28	3.0
171.13	4.0
171.97	1.0
172.81	2.0
173.64	3.0
174.49	4.0
175.33	1.0
176.16	2.0
177.0	3.0
177.84	4.0
178.68	1.0
179.52	2.0
180.36	3.0
181.21	4.0
182.05	1.0
182.88	2.0
183.72	3.0
184.56	4.0
185.4	1.0
186.24	2.0
187.08	3.0
187.92	4.0
188.76	1.0
189.6	2.0
190.44	3.0
191.27	4.0
192.12	1.0
192.96	2.0
193.8	3.0
194.64	4.0
195.48	1.0
196.32	2.0
197.16	3.0
198.0	4.0
198.84	1.0
199.68	2.0
200.52	3.0
201.36	4.0
202.2	1.0
203.04	2.0
203.88	3.0
204.71	4.0
205.56	1.0
206.4	2.0
207.24	3.0
208.08	4.0
208.92	1.0
209.76	2.0
210.6	3.0
211.44	4.0
212.28	1.0
213.12	2.0
213.96	3.0
214.8	4.0
215.64	1.0
216.49	2.0
217.32	3.0
218.16	4.0
219.0	1.0
219.84	2.0
220.68	3.0
221.52	4.0
222.41	1.0
223.26	2.0
224.13	3.0
224.93	4.0
225.68	1.0
226.46	2.0
227.16	3.0
227.92	4.0
228.64	1.0
229.42	2.0
