0.02	2.0
0.76	3.0
1.45	4.0
2.19	1.0
2.89	2.0
3.6	3.0
4.29	4.0
5.02	1.0
5.72	2.0
6.41	3.0
7.15	4.0
7.82	1.0
8.54	2.0
9.23	3.0
9.92	4.0
10.61	1.0
11.35	2.0
12.03	3.0
12.73	4.0
13.37	1.0
14.09	2.0
14.75	3.0
15.45	4.0
16.13	1.0
16.77	2.0
17.49	3.0
18.2	4.0
18.9	1.0
19.62	2.0
20.33	3.0
21.06	4.0
21.73	1.0
22.38	2.0
23.1	3.0
23.78	4.0
24.42	1.0
25.14	2.0
25.79	3.0
26.54	4.0
27.28	1.0
28.0	2.0
28.77	3.0
29.5	4.0
30.21	1.0
30.96	2.0
31.63	3.0
32.35	4.0
33.08	1.0
33.76	2.0
34.51	3.0
35.21	4.0
35.91	1.0
36.6	2.0
37.31	3.0
38.05	4.0
38.76	1.0
39.5	2.0
40.2	3.0
40.89	4.0
41.6	1.0
42.32	2.0
43.03	3.0
43.76	4.0
44.46	1.0
44.99	2.0
45.55	3.0
46.14	4.0
46.68	1.0
47.31	2.0
48.0	3.0
48.7	4.0
49.44	1.0
50.13	2.0
50.85	3.0
51.56	4.0
52.29	1.0
52.96	2.0
53.67	3.0
54.39	4.0
55.12	1.0
55.8	2.0
56.53	3.0
57.21	4.0
57.91	1.0
58.59	2.0
59.34	3.0
60.08	4.0
60.81	1.0
61.51	2.0
62.24	3.0
62.94	4.0
63.66	1.0
64.36	2.0
65.08	3.0
65.79	4.0
66.51	1.0
67.19	2.0
67.94	3.0
68.62	4.0
69.34	1.0
70.04	2.0
70.78	3.0
71.48	4.0
72.22	1.0
72.94	2.0
73.68	3.0
74.4	4.0
75.11	1.0
75.81	2.0
76.54	3.0
77.26	4.0
78.0	1.0
78.73	2.0
79.47	3.0
80.16	4.0
80.88	1.0
81.61	2.0
82.34	3.0
83.1	4.0
83.82	1.0
84.55	2.0
85.31	3.0
86.01	4.0
86.73	1.0
87.45	2.0
88.17	3.0
88.87	4.0
89.58	1.0
90.31	2.0
91.08	3.0
91.79	4.0
92.53	1.0
93.27	2.0
94.03	3.0
94.75	4.0
95.5	1.0
96.25	2.0
97.0	3.0
97.67	4.0
98.41	1.0
99.11	2.0
99.83	3.0
100.54	4.0
101.3	1.0
102.0	2.0
102.72	3.0
103.44	4.0
104.17	1.0
104.89	2.0
105.59	3.0
106.29	4.0
107.02	1.0
107.75	2.0
108.47	3.0
109.16	4.0
109.88	1.0
110.58	2.0
111.28	3.0
111.98	4.0
112.69	1.0
113.4	2.0
114.13	3.0
114.84	4.0
115.52	1.0
116.24	2.0
116.95	3.0
117.63	4.0
118.33	1.0
119.06	2.0
119.77	3.0
120.47	4.0
121.14	1.0
121.83	2.0
122.5	3.0
123.16	4.0
123.83	1.0
124.55	2.0
125.23	3.0
125.92	4.0
126.58	1.0
127.25	2.0
127.94	3.0
128.64	4.0
129.36	1.0
130.08	2.0
130.81	3.0
131.51	4.0
132.21	1.0
132.93	2.0
133.62	3.0
134.3	4.0
134.99	1.0
135.69	2.0
136.36	3.0
137.02	4.0
137.71	1.0
138.4	2.0
139.09	3.0
139.82	4.0
140.57	1.0
141.28	2.0
142.0	3.0
142.68	4.0
143.4	1.0
144.09	2.0
144.81	3.0
145.5	4.0
146.22	1.0
146.88	2.0
147.59	3.0
148.28	4.0
148.98	1.0
149.69	2.0
150.43	3.0
151.13	4.0
151.84	1.0
152.55	2.0
153.27	3.0
153.99	4.0
154.7	1.0
155.4	2.0
156.14	3.0
156.85	4.0
157.58	1.0
158.31	2.0
159.04	3.0
159.74	4.0
160.47	1.0
161.18	2.0
161.88	3.0
162.61	4.0
163.36	1.0
164.09	2.0
164.8	3.0
165.55	4.0
166.28	1.0
166.99	2.0
167.72	3.0
168.45	4.0
169.17	1.0
169.89	2.0
170.61	3.0
171.33	4.0
172.04	1.0
172.75	2.0
173.48	3.0
174.19	4.0
174.92	1.0
175.64	2.0
176.34	3.0
177.08	4.0
177.83	1.0
178.57	2.0
179.25	3.0
180.0	4.0
180.73	1.0
181.47	2.0
182.15	3.0
182.89	4.0
183.63	1.0
184.36	2.0
185.06	3.0
185.73	4.0
186.46	1.0
187.17	2.0
187.87	3.0
188.59	4.0
189.3	1.0
190.0	2.0
190.71	3.0
191.42	4.0
192.13	1.0
192.86	2.0
193.55	3.0
194.24	4.0
194.93	1.0
195.64	2.0
196.32	3.0
196.98	4.0
197.67	1.0
198.38	2.0
199.09	3.0
199.77	4.0
200.45	1.0
201.14	2.0
201.84	3.0
202.51	4.0
203.17	1.0
203.85	2.0
204.55	3.0
205.23	4.0
205.92	1.0
206.61	2.0
207.3	3.0
208.02	4.0
208.72	1.0
209.44	2.0
210.15	3.0
210.88	4.0
211.59	1.0
212.3	2.0
213.02	3.0
213.71	4.0
214.39	1.0
215.09	2.0
215.77	3.0
216.44	4.0
217.14	1.0
217.84	2.0
218.52	3.0
219.27	4.0
220.02	1.0
220.7	2.0
221.41	3.0
222.13	4.0
222.85	1.0
223.55	2.0
224.24	3.0
224.95	4.0
225.66	1.0
226.35	2.0
227.06	3.0
227.76	4.0
228.48	1.0
229.18	2.0
229.94	3.0
230.66	4.0
231.38	1.0
232.1	2.0
232.84	3.0
233.54	4.0
234.26	1.0
234.97	2.0
235.69	3.0
236.42	4.0
237.16	1.0
237.89	2.0
238.6	3.0
239.34	4.0
240.05	1.0
240.78	2.0
241.5	3.0
242.22	4.0
242.99	1.0
243.73	2.0
244.48	3.0
245.19	4.0
245.94	1.0
246.67	2.0
247.41	3.0
248.13	4.0
248.87	1.0
249.6	2.0
250.34	3.0
251.05	4.0
251.76	1.0
252.48	2.0
253.2	3.0
253.94	4.0
254.71	1.0
255.45	2.0
256.18	3.0
256.87	4.0
257.63	1.0
258.37	2.0
259.11	3.0
259.84	4.0
260.61	1.0
261.33	2.0
262.07	3.0
262.79	4.0
263.52	1.0
264.25	2.0
264.98	3.0
265.72	4.0
266.49	1.0
267.19	2.0
267.93	3.0
268.63	4.0
269.36	1.0
270.07	2.0
270.81	3.0
271.53	4.0
272.25	1.0
272.99	2.0
273.69	3.0
274.39	4.0
275.12	1.0
275.83	2.0
276.52	3.0
277.18	4.0
277.86	1.0
278.56	2.0
279.27	3.0
279.97	4.0
280.65	1.0
281.33	2.0
282.0	3.0
282.68	4.0
283.35	1.0
284.05	2.0
284.75	3.0
285.43	4.0
286.12	1.0
286.81	2.0
287.49	3.0
288.18	4.0
288.92	1.0
289.62	2.0
290.33	3.0
291.04	4.0
291.74	1.0
292.45	2.0
293.17	3.0
293.79	4.0
294.45	1.0
295.16	2.0
295.85	3.0
296.53	4.0
297.24	1.0
297.95	2.0
298.62	3.0
299.37	4.0
300.12	1.0
300.82	2.0
301.51	3.0
302.19	4.0
302.9	1.0
303.61	2.0
304.32	3.0
305.05	4.0
305.79	1.0
306.48	2.0
307.22	3.0
307.91	4.0
308.63	1.0
309.35	2.0
310.1	3.0
310.8	4.0
311.53	1.0
312.27	2.0
312.98	3.0
313.68	4.0
314.42	1.0
315.13	2.0
315.89	3.0
316.6	4.0
317.35	1.0
318.11	2.0
318.9	3.0
319.7	4.0
320.55	1.0
321.34	2.0
322.17	3.0
323.02	4.0
323.86	1.0
324.6	2.0
325.3	3.0
326.03	4.0
326.75	1.0
327.46	2.0
328.19	3.0
328.91	4.0
329.68	1.0
330.42	2.0
331.16	3.0
331.88	4.0
332.62	1.0
333.34	2.0
334.09	3.0
334.84	4.0
335.6	1.0
336.35	2.0
337.08	3.0
337.81	4.0
338.55	1.0
339.28	2.0
340.01	3.0
340.72	4.0
341.44	1.0
342.18	2.0
342.95	3.0
343.67	4.0
344.41	1.0
345.14	2.0
345.91	3.0
346.63	4.0
347.37	1.0
348.11	2.0
348.85	3.0
349.57	4.0
350.3	1.0
351.02	2.0
351.75	3.0
352.48	4.0
353.2	1.0
353.94	2.0
354.67	3.0
355.39	4.0
356.12	1.0
356.84	2.0
357.59	3.0
358.3	4.0
359.02	1.0
359.74	2.0
360.47	3.0
361.17	4.0
361.89	1.0
362.6	2.0
363.34	3.0
364.04	4.0
364.76	1.0
365.46	2.0
366.18	3.0
366.88	4.0
367.6	1.0
368.32	2.0
369.05	3.0
369.78	4.0
370.49	1.0
371.22	2.0
371.98	3.0
372.66	4.0
373.38	1.0
374.09	2.0
374.82	3.0
375.53	4.0
376.26	1.0
376.99	2.0
377.73	3.0
378.45	4.0
379.17	1.0
379.91	2.0
380.65	3.0
381.39	4.0
382.09	1.0
382.81	2.0
383.57	3.0
384.29	4.0
385.01	1.0
385.73	2.0
386.44	3.0
387.16	4.0
387.88	1.0
388.61	2.0
389.33	3.0
390.06	4.0
390.77	1.0
391.49	2.0
392.23	3.0
392.94	4.0
393.66	1.0
394.38	2.0
395.13	3.0
395.8	4.0
396.54	1.0
397.25	2.0
398.0	3.0
398.71	4.0
399.41	1.0
400.14	2.0
400.87	3.0
401.61	4.0
402.33	1.0
403.05	2.0
403.78	3.0
404.5	4.0
405.25	1.0
405.98	2.0
406.73	3.0
407.42	4.0
408.15	1.0
408.86	2.0
409.62	3.0
410.33	4.0
411.03	1.0
411.75	2.0
412.5	3.0
413.22	4.0
413.92	1.0
414.67	2.0
415.43	3.0
416.16	4.0
416.89	1.0
417.64	2.0
418.43	3.0
419.16	4.0
419.88	1.0
420.64	2.0
421.43	3.0
422.15	4.0
422.88	1.0
423.62	2.0
424.38	3.0
425.1	4.0
425.82	1.0
426.57	2.0
427.36	3.0
428.09	4.0
428.82	1.0
429.55	2.0
430.32	3.0
431.03	4.0
431.77	1.0
432.52	2.0
433.27	3.0
433.98	4.0
434.7	1.0
435.43	2.0
436.2	3.0
436.94	4.0
437.65	1.0
438.38	2.0
439.1	3.0
439.82	4.0
440.6	1.0
441.33	2.0
442.09	3.0
442.81	4.0
443.53	1.0
444.27	2.0
445.02	3.0
445.73	4.0
446.47	1.0
447.2	2.0
447.97	3.0
448.69	4.0
449.42	1.0
450.14	2.0
450.9	3.0
451.64	4.0
452.35	1.0
453.08	2.0
453.81	3.0
454.52	4.0
455.24	1.0
455.96	2.0
456.73	3.0
457.44	4.0
458.18	1.0
458.88	2.0
459.62	3.0
460.35	4.0
461.07	1.0
461.79	2.0
462.51	3.0
463.23	4.0
463.95	1.0
464.67	2.0
465.4	3.0
466.09	4.0
466.81	1.0
467.53	2.0
468.26	3.0
468.96	4.0
469.68	1.0
470.4	2.0
471.11	3.0
471.82	4.0
472.51	1.0
473.23	2.0
473.91	3.0
474.59	4.0
475.31	1.0
475.99	2.0
476.72	3.0
477.4	4.0
478.11	1.0
478.84	2.0
479.55	3.0
480.27	4.0
481.03	1.0
481.76	2.0
482.47	3.0
483.23	4.0
483.98	1.0
484.69	2.0
485.43	3.0
486.11	4.0
486.81	1.0
487.55	2.0
488.31	3.0
489.02	4.0
489.74	1.0
490.44	2.0
491.15	3.0
491.86	4.0
492.62	1.0
493.31	2.0
494.01	3.0
494.7	4.0
495.44	1.0
496.16	2.0
496.91	3.0
