0.54	4.0
1.07	1.0
1.6	2.0
2.11	3.0
2.62	4.0
3.12	1.0
3.65	2.0
4.16	3.0
4.68	4.0
5.2	1.0
5.71	2.0
6.22	3.0
6.69	4.0
7.2	1.0
7.73	2.0
8.26	3.0
8.79	4.0
9.32	1.0
9.84	2.0
10.36	3.0
10.87	4.0
11.38	1.0
11.89	2.0
12.42	3.0
12.92	4.0
13.43	1.0
13.94	2.0
14.46	3.0
14.97	4.0
15.48	1.0
15.99	2.0
16.51	3.0
17.02	4.0
17.54	1.0
18.06	2.0
18.57	3.0
19.08	4.0
19.6	1.0
20.11	2.0
20.64	3.0
21.15	4.0
21.66	1.0
22.17	2.0
22.7	3.0
23.2	4.0
23.71	1.0
24.23	2.0
24.74	3.0
25.26	4.0
25.77	1.0
26.28	2.0
26.79	3.0
27.28	4.0
27.81	1.0
28.33	2.0
28.85	3.0
29.35	4.0
29.86	1.0
30.39	2.0
30.92	3.0
31.43	4.0
31.94	1.0
32.45	2.0
32.96	3.0
33.48	4.0
33.99	1.0
34.5	2.0
35.02	3.0
35.53	4.0
36.04	1.0
36.56	2.0
37.08	3.0
37.59	4.0
38.1	1.0
38.61	2.0
39.14	3.0
39.65	4.0
40.17	1.0
40.69	2.0
41.2	3.0
41.72	4.0
42.23	1.0
42.75	2.0
43.26	3.0
43.76	4.0
44.28	1.0
44.8	2.0
45.3	3.0
45.82	4.0
46.32	1.0
46.85	2.0
47.36	3.0
47.88	4.0
48.4	1.0
48.91	2.0
49.42	3.0
49.94	4.0
50.45	1.0
50.97	2.0
51.49	3.0
52.0	4.0
52.51	1.0
53.03	2.0
53.55	3.0
54.06	4.0
54.57	1.0
55.09	2.0
55.61	3.0
56.11	4.0
56.63	1.0
57.14	2.0
57.66	3.0
58.17	4.0
58.68	1.0
59.19	2.0
59.71	3.0
60.22	4.0
60.73	1.0
61.24	2.0
61.75	3.0
62.27	4.0
62.78	1.0
63.31	2.0
63.81	3.0
64.33	4.0
64.84	1.0
65.36	2.0
65.87	3.0
66.36	4.0
66.89	1.0
67.41	2.0
67.93	3.0
68.44	4.0
68.96	1.0
69.48	2.0
70.0	3.0
70.51	4.0
71.03	1.0
71.55	2.0
72.06	3.0
72.58	4.0
73.08	1.0
73.61	2.0
74.11	3.0
74.62	4.0
75.13	1.0
75.66	2.0
76.17	3.0
76.68	4.0
77.19	1.0
77.71	2.0
78.23	3.0
78.73	4.0
79.24	1.0
79.76	2.0
80.27	3.0
80.79	4.0
81.3	1.0
81.83	2.0
82.33	3.0
82.84	4.0
83.33	1.0
83.86	2.0
84.38	3.0
84.89	4.0
85.41	1.0
85.93	2.0
86.45	3.0
86.97	4.0
87.48	1.0
88.0	2.0
88.51	3.0
89.03	4.0
89.54	1.0
90.06	2.0
90.57	3.0
91.08	4.0
91.59	1.0
92.11	2.0
92.62	3.0
93.14	4.0
93.66	1.0
94.18	2.0
94.69	3.0
95.21	4.0
95.72	1.0
96.24	2.0
96.75	3.0
97.26	4.0
97.78	1.0
98.29	2.0
98.81	3.0
99.32	4.0
99.84	1.0
100.36	2.0
100.87	3.0
101.38	4.0
101.88	1.0
102.4	2.0
102.91	3.0
103.42	4.0
103.92	1.0
104.45	2.0
104.97	3.0
105.48	4.0
105.99	1.0
106.5	2.0
107.03	3.0
107.53	4.0
108.05	1.0
108.55	2.0
109.06	3.0
109.58	4.0
110.09	1.0
110.6	2.0
111.13	3.0
111.63	4.0
112.13	1.0
112.67	2.0
113.19	3.0
113.68	4.0
114.2	1.0
114.72	2.0
115.24	3.0
115.75	4.0
116.27	1.0
116.78	2.0
117.3	3.0
117.81	4.0
118.33	1.0
118.84	2.0
119.36	3.0
119.88	4.0
120.4	1.0
120.9	2.0
121.4	3.0
121.91	4.0
122.43	1.0
122.98	2.0
123.49	3.0
124.01	4.0
124.53	1.0
125.04	2.0
125.56	3.0
126.08	4.0
126.58	1.0
127.08	2.0
127.6	3.0
128.12	4.0
128.64	1.0
129.15	2.0
129.68	3.0
130.19	4.0
130.7	1.0
131.21	2.0
131.73	3.0
132.24	4.0
132.76	1.0
133.27	2.0
133.78	3.0
134.3	4.0
134.81	1.0
135.31	2.0
135.83	3.0
136.35	4.0
136.86	1.0
137.38	2.0
137.89	3.0
138.41	4.0
138.93	1.0
139.44	2.0
139.95	3.0
140.47	4.0
140.99	1.0
141.51	2.0
142.02	3.0
142.52	4.0
143.04	1.0
143.55	2.0
144.07	3.0
144.6	4.0
145.11	1.0
145.62	2.0
146.15	3.0
146.65	4.0
147.16	1.0
147.68	2.0
148.2	3.0
148.71	4.0
149.21	1.0
149.74	2.0
150.26	3.0
150.76	4.0
151.27	1.0
151.77	2.0
152.28	3.0
152.8	4.0
153.32	1.0
153.84	2.0
154.35	3.0
154.87	4.0
155.37	1.0
155.9	2.0
156.43	3.0
156.93	4.0
157.45	1.0
157.97	2.0
158.47	3.0
158.98	4.0
159.48	1.0
160.02	2.0
160.54	3.0
161.05	4.0
161.56	1.0
162.08	2.0
162.59	3.0
163.11	4.0
163.62	1.0
164.13	2.0
164.64	3.0
165.17	4.0
165.68	1.0
166.2	2.0
166.71	3.0
167.24	4.0
167.74	1.0
168.26	2.0
168.77	3.0
169.29	4.0
169.8	1.0
170.32	2.0
170.83	3.0
171.34	4.0
171.85	1.0
172.36	2.0
172.87	3.0
173.38	4.0
173.88	1.0
174.4	2.0
174.91	3.0
175.38	4.0
175.87	1.0
176.4	2.0
176.93	3.0
177.47	4.0
177.99	1.0
178.5	2.0
179.04	3.0
179.56	4.0
180.07	1.0
180.59	2.0
181.11	3.0
181.63	4.0
182.15	1.0
182.66	2.0
183.18	3.0
183.7	4.0
184.21	1.0
184.72	2.0
185.24	3.0
185.75	4.0
186.25	1.0
186.78	2.0
187.3	3.0
187.81	4.0
188.32	1.0
188.83	2.0
189.34	3.0
189.86	4.0
190.37	1.0
190.89	2.0
191.4	3.0
191.92	4.0
192.44	1.0
192.96	2.0
193.46	3.0
193.97	4.0
194.48	1.0
194.98	2.0
195.49	3.0
196.01	4.0
196.53	1.0
197.06	2.0
197.59	3.0
198.12	4.0
