0.12	3.0
0.77	4.0
1.4	1.0
2.05	2.0
2.67	3.0
3.31	4.0
3.94	1.0
4.58	2.0
5.23	3.0
5.88	4.0
6.53	1.0
7.15	2.0
7.83	3.0
8.47	4.0
9.1	1.0
9.77	2.0
10.41	3.0
11.07	4.0
11.7	1.0
12.37	2.0
13.02	3.0
13.67	4.0
14.33	1.0
15.01	2.0
15.67	3.0
16.31	4.0
16.93	1.0
17.57	2.0
18.21	3.0
18.87	4.0
19.48	1.0
20.14	2.0
20.78	3.0
21.43	4.0
22.05	1.0
22.7	2.0
23.33	3.0
23.98	4.0
24.65	1.0
25.29	2.0
25.99	3.0
26.64	4.0
27.3	1.0
27.97	2.0
28.59	3.0
29.23	4.0
29.87	1.0
30.52	2.0
31.16	3.0
31.83	4.0
32.48	1.0
33.13	2.0
33.77	3.0
34.39	4.0
35.03	1.0
35.69	2.0
36.33	3.0
36.98	4.0
37.61	1.0
38.25	2.0
38.87	3.0
39.51	4.0
40.1	1.0
40.74	2.0
41.38	3.0
41.99	4.0
42.61	1.0
43.26	2.0
43.9	3.0
44.52	4.0
45.14	1.0
45.77	2.0
46.4	3.0
47.05	4.0
47.65	1.0
48.29	2.0
48.92	3.0
49.56	4.0
50.19	1.0
50.82	2.0
51.42	3.0
52.07	4.0
52.72	1.0
53.36	2.0
53.98	3.0
54.63	4.0
55.25	1.0
55.89	2.0
56.5	3.0
57.12	4.0
57.75	1.0
58.39	2.0
59.02	3.0
59.65	4.0
60.29	1.0
60.94	2.0
61.57	3.0
62.2	4.0
62.84	1.0
63.49	2.0
64.12	3.0
64.74	4.0
65.37	1.0
66.02	2.0
66.66	3.0
67.29	4.0
67.92	1.0
68.57	2.0
69.2	3.0
69.83	4.0
70.48	1.0
71.13	2.0
71.77	3.0
72.4	4.0
73.04	1.0
73.68	2.0
74.32	3.0
74.96	4.0
75.6	1.0
76.26	2.0
76.91	3.0
77.56	4.0
78.21	1.0
78.88	2.0
79.51	3.0
80.15	4.0
80.79	1.0
81.42	2.0
82.05	3.0
82.69	4.0
83.33	1.0
83.99	2.0
84.95	3.0
85.88	4.0
86.86	1.0
87.79	2.0
88.48	3.0
89.18	4.0
89.86	1.0
90.53	2.0
91.19	3.0
91.82	4.0
92.46	1.0
93.14	2.0
93.78	3.0
94.41	4.0
95.05	1.0
95.68	2.0
96.32	3.0
96.95	4.0
97.59	1.0
98.22	2.0
98.86	3.0
99.5	4.0
100.13	1.0
100.77	2.0
101.41	3.0
102.05	4.0
102.69	1.0
103.33	2.0
103.96	3.0
104.59	4.0
105.22	1.0
105.88	2.0
106.51	3.0
107.14	4.0
107.75	1.0
108.38	2.0
109.02	3.0
109.65	4.0
110.28	1.0
110.95	2.0
111.6	3.0
112.22	4.0
112.87	1.0
113.51	2.0
114.14	3.0
114.77	4.0
115.41	1.0
116.04	2.0
116.68	3.0
117.28	4.0
117.9	1.0
118.51	2.0
119.15	3.0
119.77	4.0
120.41	1.0
121.06	2.0
121.7	3.0
122.32	4.0
122.96	1.0
123.61	2.0
124.22	3.0
124.86	4.0
125.5	1.0
126.16	2.0
126.78	3.0
127.42	4.0
128.06	1.0
128.72	2.0
129.35	3.0
129.99	4.0
130.65	1.0
131.32	2.0
131.94	3.0
132.58	4.0
133.21	1.0
133.88	2.0
134.49	3.0
135.12	4.0
135.75	1.0
136.38	2.0
137.0	3.0
137.64	4.0
138.28	1.0
138.95	2.0
139.59	3.0
140.25	4.0
140.89	1.0
141.55	2.0
142.18	3.0
142.81	4.0
143.42	1.0
144.07	2.0
144.69	3.0
145.33	4.0
145.97	1.0
146.62	2.0
147.27	3.0
148.21	4.0
149.14	1.0
150.09	2.0
151.06	3.0
151.71	4.0
152.34	1.0
152.95	2.0
153.59	3.0
154.23	4.0
154.87	1.0
155.49	2.0
156.11	3.0
156.75	4.0
157.41	1.0
158.06	2.0
158.69	3.0
159.31	4.0
159.95	1.0
160.59	2.0
161.23	3.0
161.86	4.0
162.51	1.0
163.16	2.0
163.79	3.0
164.44	4.0
165.05	1.0
165.69	2.0
166.3	3.0
166.92	4.0
167.54	1.0
168.19	2.0
168.83	3.0
169.46	4.0
170.08	1.0
170.73	2.0
171.35	3.0
171.96	4.0
172.57	1.0
173.21	2.0
173.85	3.0
174.48	4.0
175.1	1.0
175.75	2.0
176.36	3.0
176.99	4.0
177.61	1.0
178.24	2.0
178.9	3.0
179.51	4.0
180.16	1.0
180.8	2.0
181.41	3.0
182.09	4.0
182.73	1.0
183.42	2.0
184.06	3.0
184.74	4.0
185.44	1.0
186.12	2.0
186.8	3.0
187.46	4.0
188.07	1.0
188.73	2.0
189.4	3.0
190.08	4.0
190.78	1.0
191.45	2.0
192.15	3.0
192.85	4.0
193.55	1.0
194.26	2.0
194.98	3.0
195.69	4.0
196.41	1.0
