0.14	4.0
0.62	1.0
1.07	2.0
1.55	3.0
2.0	4.0
2.48	1.0
2.94	2.0
3.41	3.0
3.88	4.0
4.35	1.0
4.81	2.0
5.28	3.0
5.75	4.0
6.23	1.0
6.69	2.0
7.16	3.0
7.63	4.0
8.1	1.0
8.57	2.0
9.05	3.0
9.51	4.0
9.98	1.0
10.44	2.0
10.9	3.0
11.37	4.0
11.85	1.0
12.32	2.0
12.79	3.0
13.26	4.0
13.73	1.0
14.21	2.0
14.68	3.0
15.13	4.0
15.6	1.0
16.07	2.0
16.52	3.0
16.98	4.0
17.45	1.0
17.92	2.0
18.37	3.0
18.84	4.0
19.31	1.0
19.77	2.0
20.24	3.0
20.7	4.0
21.17	1.0
21.64	2.0
22.11	3.0
22.56	4.0
23.02	1.0
23.49	2.0
23.96	3.0
24.43	4.0
24.9	1.0
25.37	2.0
25.85	3.0
26.31	4.0
26.78	1.0
27.25	2.0
27.7	3.0
28.16	4.0
28.64	1.0
29.11	2.0
29.58	3.0
30.05	4.0
30.52	1.0
31.0	2.0
31.47	3.0
31.95	4.0
32.42	1.0
32.9	2.0
33.35	3.0
33.82	4.0
34.29	1.0
34.76	2.0
35.22	3.0
35.68	4.0
36.14	1.0
36.6	2.0
37.07	3.0
37.54	4.0
38.01	1.0
38.47	2.0
38.94	3.0
39.41	4.0
39.86	1.0
40.33	2.0
40.81	3.0
41.28	4.0
41.74	1.0
42.21	2.0
42.68	3.0
43.16	4.0
43.63	1.0
44.09	2.0
44.56	3.0
45.02	4.0
45.47	1.0
45.93	2.0
46.39	3.0
46.87	4.0
47.35	1.0
47.82	2.0
48.29	3.0
48.75	4.0
49.23	1.0
49.7	2.0
50.17	3.0
50.65	4.0
51.13	1.0
51.6	2.0
52.07	3.0
52.54	4.0
53.01	1.0
53.47	2.0
53.95	3.0
54.42	4.0
54.9	1.0
55.36	2.0
55.84	3.0
56.31	4.0
56.78	1.0
57.25	2.0
57.71	3.0
58.18	4.0
58.65	1.0
59.12	2.0
59.59	3.0
60.04	4.0
60.52	1.0
60.99	2.0
61.46	3.0
61.93	4.0
62.4	1.0
62.86	2.0
63.33	3.0
63.79	4.0
64.25	1.0
64.72	2.0
65.19	3.0
65.66	4.0
66.13	1.0
66.6	2.0
67.06	3.0
67.52	4.0
67.98	1.0
68.46	2.0
68.92	3.0
69.39	4.0
69.85	1.0
70.3	2.0
70.76	3.0
71.21	4.0
71.65	1.0
72.13	2.0
72.61	3.0
73.07	4.0
73.53	1.0
74.01	2.0
74.47	3.0
74.92	4.0
75.39	1.0
75.87	2.0
76.34	3.0
76.8	4.0
77.27	1.0
77.73	2.0
78.2	3.0
78.65	4.0
79.1	1.0
79.58	2.0
80.04	3.0
80.49	4.0
80.95	1.0
81.41	2.0
81.87	3.0
82.33	4.0
82.78	1.0
83.25	2.0
83.73	3.0
84.19	4.0
84.65	1.0
85.11	2.0
85.57	3.0
86.02	4.0
86.46	1.0
86.94	2.0
87.41	3.0
87.86	4.0
88.33	1.0
88.78	2.0
89.24	3.0
89.7	4.0
90.15	1.0
90.63	2.0
91.09	3.0
91.54	4.0
92.0	1.0
92.45	2.0
92.91	3.0
93.35	4.0
93.8	1.0
94.27	2.0
94.74	3.0
95.2	4.0
95.66	1.0
96.12	2.0
96.58	3.0
97.03	4.0
97.48	1.0
97.94	2.0
98.4	3.0
98.85	4.0
99.31	1.0
99.77	2.0
100.22	3.0
100.66	4.0
101.14	1.0
101.61	2.0
102.08	3.0
102.55	4.0
103.01	1.0
103.46	2.0
103.92	3.0
104.38	4.0
104.85	1.0
105.3	2.0
105.77	3.0
106.22	4.0
106.68	1.0
107.14	2.0
107.61	3.0
108.07	4.0
108.54	1.0
109.0	2.0
109.47	3.0
109.92	4.0
110.38	1.0
110.84	2.0
111.31	3.0
111.76	4.0
112.22	1.0
112.69	2.0
113.16	3.0
113.61	4.0
114.07	1.0
114.53	2.0
115.0	3.0
115.46	4.0
115.92	1.0
116.61	2.0
117.28	3.0
117.96	4.0
118.65	1.0
119.12	2.0
119.57	3.0
120.04	4.0
120.51	1.0
120.96	2.0
121.42	3.0
121.88	4.0
122.34	1.0
122.8	2.0
123.27	3.0
123.74	4.0
124.21	1.0
124.67	2.0
125.13	3.0
125.6	4.0
126.06	1.0
126.53	2.0
126.98	3.0
127.45	4.0
127.92	1.0
128.38	2.0
128.84	3.0
129.3	4.0
129.77	1.0
130.24	2.0
130.69	3.0
131.15	4.0
131.62	1.0
132.07	2.0
132.53	3.0
133.0	4.0
133.45	1.0
133.91	2.0
134.37	3.0
134.82	4.0
135.29	1.0
135.74	2.0
136.2	3.0
136.67	4.0
137.13	1.0
137.59	2.0
138.04	3.0
138.51	4.0
138.97	1.0
139.42	2.0
139.88	3.0
140.34	4.0
140.78	1.0
141.24	2.0
141.7	3.0
142.15	4.0
142.61	1.0
143.05	2.0
143.51	3.0
143.96	4.0
144.41	1.0
144.87	2.0
145.33	3.0
145.77	4.0
146.23	1.0
146.69	2.0
147.15	3.0
147.61	4.0
148.06	1.0
148.52	2.0
148.98	3.0
149.44	4.0
149.9	1.0
150.35	2.0
150.81	3.0
151.27	4.0
151.72	1.0
152.19	2.0
152.64	3.0
153.1	4.0
153.56	1.0
154.01	2.0
154.47	3.0
154.92	4.0
155.38	1.0
155.84	2.0
156.3	3.0
156.75	4.0
157.21	1.0
157.67	2.0
158.13	3.0
158.57	4.0
159.03	1.0
159.48	2.0
159.93	3.0
160.38	4.0
160.83	1.0
161.29	2.0
161.75	3.0
162.2	4.0
162.66	1.0
163.12	2.0
163.58	3.0
164.03	4.0
164.49	1.0
164.95	2.0
165.41	3.0
165.86	4.0
166.32	1.0
166.79	2.0
167.24	3.0
167.69	4.0
168.15	1.0
168.61	2.0
169.07	3.0
169.53	4.0
169.99	1.0
170.44	2.0
170.9	3.0
171.37	4.0
171.83	1.0
172.29	2.0
172.76	3.0
173.21	4.0
173.67	1.0
174.13	2.0
174.59	3.0
175.05	4.0
175.51	1.0
175.98	2.0
176.44	3.0
176.9	4.0
177.37	1.0
177.83	2.0
178.29	3.0
178.75	4.0
179.22	1.0
179.68	2.0
180.15	3.0
180.61	4.0
181.07	1.0
181.53	2.0
181.99	3.0
182.45	4.0
182.91	1.0
183.37	2.0
183.83	3.0
184.29	4.0
184.75	1.0
185.2	2.0
185.67	3.0
186.12	4.0
186.59	1.0
187.04	2.0
187.5	3.0
187.96	4.0
188.42	1.0
188.88	2.0
189.34	3.0
189.81	4.0
190.27	1.0
190.73	2.0
191.18	3.0
191.64	4.0
192.1	1.0
192.57	2.0
193.03	3.0
193.49	4.0
193.96	1.0
194.41	2.0
194.88	3.0
195.33	4.0
195.8	1.0
196.24	2.0
196.71	3.0
197.16	4.0
197.62	1.0
198.07	2.0
198.54	3.0
198.99	4.0
199.46	1.0
199.93	2.0
200.38	3.0
200.84	4.0
201.31	1.0
201.76	2.0
202.22	3.0
202.68	4.0
203.15	1.0
203.61	2.0
204.07	3.0
204.52	4.0
204.98	1.0
205.44	2.0
205.9	3.0
206.35	4.0
206.82	1.0
207.28	2.0
207.74	3.0
208.2	4.0
208.66	1.0
209.13	2.0
209.58	3.0
210.03	4.0
210.48	1.0
210.94	2.0
211.39	3.0
211.84	4.0
212.31	1.0
212.76	2.0
213.22	3.0
213.67	4.0
214.12	1.0
214.58	2.0
215.04	3.0
215.5	4.0
215.96	1.0
216.42	2.0
216.88	3.0
217.32	4.0
217.78	1.0
218.22	2.0
218.68	3.0
219.14	4.0
219.61	1.0
220.06	2.0
220.52	3.0
220.97	4.0
221.43	1.0
221.89	2.0
222.36	3.0
222.82	4.0
223.28	1.0
223.74	2.0
224.2	3.0
224.65	4.0
225.11	1.0
225.56	2.0
226.01	3.0
226.46	4.0
226.94	1.0
227.38	2.0
227.84	3.0
228.3	4.0
228.77	1.0
229.23	2.0
229.68	3.0
230.14	4.0
230.59	1.0
231.06	2.0
231.52	3.0
231.98	4.0
232.44	1.0
232.88	2.0
233.34	3.0
233.8	4.0
234.26	1.0
234.72	2.0
235.18	3.0
235.64	4.0
236.1	1.0
236.56	2.0
237.01	3.0
237.47	4.0
237.93	1.0
238.39	2.0
238.85	3.0
239.3	4.0
239.76	1.0
240.21	2.0
240.67	3.0
241.13	4.0
241.59	1.0
242.04	2.0
242.5	3.0
242.96	4.0
243.43	1.0
243.88	2.0
244.34	3.0
244.8	4.0
245.27	1.0
245.73	2.0
246.19	3.0
246.65	4.0
247.12	1.0
247.57	2.0
248.03	3.0
248.49	4.0
248.95	1.0
249.41	2.0
249.88	3.0
250.34	4.0
250.8	1.0
251.25	2.0
251.7	3.0
252.16	4.0
252.62	1.0
253.06	2.0
253.52	3.0
253.98	4.0
254.43	1.0
254.88	2.0
255.34	3.0
255.81	4.0
256.27	1.0
256.72	2.0
257.18	3.0
257.64	4.0
258.11	1.0
258.56	2.0
259.02	3.0
259.49	4.0
259.95	1.0
260.42	2.0
260.87	3.0
261.33	4.0
261.79	1.0
262.24	2.0
262.69	3.0
263.15	4.0
263.61	1.0
264.06	2.0
264.52	3.0
264.97	4.0
265.44	1.0
265.89	2.0
266.35	3.0
266.8	4.0
267.26	1.0
267.73	2.0
268.19	3.0
268.64	4.0
269.11	1.0
269.56	2.0
270.02	3.0
270.48	4.0
270.95	1.0
271.41	2.0
271.86	3.0
272.31	4.0
272.78	1.0
273.24	2.0
273.69	3.0
274.15	4.0
274.61	1.0
275.07	2.0
275.53	3.0
275.99	4.0
276.45	1.0
276.9	2.0
277.36	3.0
277.82	4.0
278.27	1.0
278.73	2.0
279.19	3.0
279.65	4.0
280.11	1.0
280.57	2.0
281.02	3.0
281.49	4.0
281.95	1.0
282.41	2.0
282.87	3.0
283.32	4.0
283.78	1.0
284.24	2.0
284.69	3.0
285.14	4.0
285.59	1.0
286.05	2.0
286.5	3.0
286.96	4.0
287.43	1.0
287.89	2.0
288.35	3.0
288.8	4.0
289.25	1.0
289.71	2.0
290.17	3.0
290.62	4.0
291.08	1.0
291.54	2.0
291.99	3.0
292.44	4.0
292.89	1.0
293.35	2.0
293.81	3.0
294.27	4.0
294.72	1.0
295.17	2.0
295.63	3.0
296.09	4.0
296.55	1.0
297.0	2.0
297.46	3.0
297.92	4.0
298.39	1.0
298.85	2.0
299.31	3.0
299.78	4.0
300.25	1.0
300.71	2.0
301.17	3.0
301.63	4.0
302.1	1.0
302.55	2.0
303.01	3.0
303.47	4.0
303.93	1.0
304.39	2.0
304.85	3.0
305.3	4.0
305.76	1.0
306.21	2.0
306.66	3.0
307.11	4.0
307.58	1.0
308.02	2.0
308.49	3.0
308.95	4.0
309.42	1.0
309.87	2.0
310.33	3.0
310.78	4.0
311.25	1.0
311.7	2.0
312.16	3.0
312.62	4.0
313.08	1.0
313.54	2.0
313.99	3.0
314.45	4.0
314.9	1.0
315.36	2.0
315.82	3.0
316.27	4.0
316.74	1.0
317.18	2.0
317.64	3.0
318.1	4.0
318.56	1.0
319.01	2.0
319.47	3.0
319.93	4.0
320.39	1.0
320.84	2.0
321.29	3.0
321.75	4.0
322.21	1.0
322.65	2.0
323.11	3.0
323.57	4.0
324.02	1.0
324.47	2.0
324.93	3.0
325.38	4.0
325.84	1.0
326.29	2.0
326.75	3.0
327.2	4.0
327.66	1.0
328.12	2.0
328.57	3.0
329.02	4.0
329.48	1.0
329.94	2.0
330.4	3.0
330.87	4.0
331.33	1.0
331.78	2.0
332.23	3.0
332.69	4.0
333.16	1.0
333.63	2.0
334.08	3.0
334.54	4.0
335.01	1.0
335.47	2.0
335.93	3.0
336.38	4.0
336.85	1.0
337.31	2.0
337.77	3.0
338.23	4.0
338.7	1.0
339.16	2.0
339.63	3.0
340.09	4.0
340.55	1.0
341.0	2.0
341.46	3.0
341.92	4.0
342.39	1.0
342.85	2.0
343.31	3.0
343.76	4.0
344.22	1.0
344.68	2.0
345.15	3.0
345.6	4.0
346.07	1.0
346.53	2.0
346.99	3.0
347.43	4.0
347.88	1.0
348.34	2.0
348.79	3.0
349.24	4.0
349.71	1.0
350.2	2.0
350.67	3.0
351.11	4.0
351.57	1.0
352.01	2.0
352.37	3.0
352.77	4.0
353.12	1.0
353.5	2.0
353.86	3.0
354.25	4.0
354.61	1.0
354.97	2.0
355.34	3.0
355.72	4.0
356.05	1.0
356.4	2.0
356.73	3.0
357.06	4.0
357.37	1.0
357.7	2.0
358.01	3.0
358.31	4.0
358.62	1.0
358.94	2.0
359.27	3.0
359.59	4.0
359.92	1.0
360.26	2.0
360.57	3.0
360.92	4.0
361.24	1.0
361.56	2.0
361.88	3.0
362.2	4.0
362.52	1.0
362.83	2.0
363.15	3.0
363.47	4.0
363.79	1.0
364.12	2.0
364.45	3.0
364.77	4.0
365.11	1.0
365.44	2.0
365.76	3.0
366.08	4.0
366.39	1.0
366.72	2.0
367.03	3.0
367.36	4.0
367.67	1.0
368.0	2.0
368.31	3.0
368.63	4.0
368.96	1.0
369.29	2.0
369.61	3.0
369.94	4.0
370.26	1.0
370.58	2.0
370.9	3.0
371.22	4.0
371.53	1.0
371.85	2.0
372.17	3.0
372.49	4.0
372.82	1.0
373.14	2.0
373.45	3.0
373.78	4.0
374.1	1.0
374.42	2.0
374.75	3.0
375.08	4.0
375.41	1.0
375.74	2.0
376.06	3.0
376.4	4.0
376.72	1.0
377.03	2.0
377.35	3.0
377.67	4.0
378.0	1.0
378.31	2.0
378.64	3.0
378.95	4.0
379.28	1.0
379.6	2.0
379.92	3.0
380.24	4.0
380.56	1.0
380.88	2.0
381.19	3.0
381.51	4.0
381.84	1.0
382.16	2.0
382.47	3.0
382.78	4.0
383.09	1.0
383.4	2.0
383.72	3.0
384.05	4.0
384.37	1.0
384.68	2.0
384.98	3.0
385.29	4.0
385.61	1.0
385.92	2.0
386.23	3.0
386.54	4.0
386.84	1.0
387.16	2.0
387.47	3.0
387.79	4.0
388.1	1.0
388.42	2.0
388.74	3.0
389.06	4.0
389.38	1.0
389.71	2.0
390.02	3.0
390.35	4.0
390.67	1.0
390.99	2.0
391.31	3.0
391.62	4.0
391.94	1.0
392.27	2.0
392.59	3.0
392.91	4.0
393.23	1.0
