0.69	1.0
1.24	2.0
1.81	3.0
2.37	4.0
2.93	1.0
3.47	2.0
4.03	3.0
4.57	4.0
5.12	1.0
5.67	2.0
6.22	3.0
6.77	4.0
7.33	1.0
7.88	2.0
8.44	3.0
8.99	4.0
9.53	1.0
10.09	2.0
10.62	3.0
11.19	4.0
11.75	1.0
12.29	2.0
12.81	3.0
13.36	4.0
13.92	1.0
14.49	2.0
15.02	3.0
15.6	4.0
16.16	1.0
16.72	2.0
17.27	3.0
17.82	4.0
18.36	1.0
18.91	2.0
19.46	3.0
20.02	4.0
20.57	1.0
21.1	2.0
21.67	3.0
22.23	4.0
22.76	1.0
23.33	2.0
23.87	3.0
24.43	4.0
24.99	1.0
25.55	2.0
26.09	3.0
26.63	4.0
27.18	1.0
27.75	2.0
28.3	3.0
28.86	4.0
29.42	1.0
29.97	2.0
30.52	3.0
31.08	4.0
31.63	1.0
32.17	2.0
32.72	3.0
33.26	4.0
33.81	1.0
34.36	2.0
34.91	3.0
35.46	4.0
36.02	1.0
36.56	2.0
37.12	3.0
37.67	4.0
38.23	1.0
38.78	2.0
39.33	3.0
39.89	4.0
40.45	1.0
41.0	2.0
41.55	3.0
42.1	4.0
42.66	1.0
43.22	2.0
43.78	3.0
44.31	4.0
44.84	1.0
45.39	2.0
45.94	3.0
46.5	4.0
47.06	1.0
47.61	2.0
48.17	3.0
48.72	4.0
49.27	1.0
49.83	2.0
50.38	3.0
50.93	4.0
51.48	1.0
52.03	2.0
52.58	3.0
53.14	4.0
53.69	1.0
54.24	2.0
54.77	3.0
55.32	4.0
55.86	1.0
56.42	2.0
56.98	3.0
57.53	4.0
58.08	1.0
58.64	2.0
59.19	3.0
59.75	4.0
60.3	1.0
60.85	2.0
61.4	3.0
61.95	4.0
62.5	1.0
63.05	2.0
63.6	3.0
64.16	4.0
64.71	1.0
65.27	2.0
65.8	3.0
66.34	4.0
66.88	1.0
67.44	2.0
67.99	3.0
68.55	4.0
69.09	1.0
69.64	2.0
70.19	3.0
70.75	4.0
71.29	1.0
71.85	2.0
72.4	3.0
72.96	4.0
73.5	1.0
74.06	2.0
74.62	3.0
75.18	4.0
75.74	1.0
76.3	2.0
76.85	3.0
77.41	4.0
77.94	1.0
78.51	2.0
79.05	3.0
79.61	4.0
80.15	1.0
80.7	2.0
81.25	3.0
81.81	4.0
82.36	1.0
82.91	2.0
83.47	3.0
84.01	4.0
84.58	1.0
85.14	2.0
85.68	3.0
86.23	4.0
86.77	1.0
87.33	2.0
87.87	3.0
88.44	4.0
88.98	1.0
89.53	2.0
90.08	3.0
90.64	4.0
91.19	1.0
91.75	2.0
92.31	3.0
92.85	4.0
93.41	1.0
93.96	2.0
94.5	3.0
95.06	4.0
95.6	1.0
96.15	2.0
96.7	3.0
97.25	4.0
97.81	1.0
98.35	2.0
98.89	3.0
99.45	4.0
99.98	1.0
100.49	2.0
101.04	3.0
101.58	4.0
102.18	1.0
102.75	2.0
103.31	3.0
103.87	4.0
104.44	1.0
105.0	2.0
105.57	3.0
106.12	4.0
106.67	1.0
107.21	2.0
107.77	3.0
108.32	4.0
108.86	1.0
109.43	2.0
109.96	3.0
110.5	4.0
111.06	1.0
111.61	2.0
112.16	3.0
112.72	4.0
113.26	1.0
113.82	2.0
114.37	3.0
114.93	4.0
115.48	1.0
116.05	2.0
116.6	3.0
117.16	4.0
117.71	1.0
118.26	2.0
118.8	3.0
119.35	4.0
119.89	1.0
120.43	2.0
120.98	3.0
121.54	4.0
122.08	1.0
122.63	2.0
123.19	3.0
123.74	4.0
124.3	1.0
124.87	2.0
125.4	3.0
125.95	4.0
126.49	1.0
127.05	2.0
127.6	3.0
128.16	4.0
128.7	1.0
129.25	2.0
129.79	3.0
130.35	4.0
130.89	1.0
131.45	2.0
132.01	3.0
132.56	4.0
133.12	1.0
133.67	2.0
134.21	3.0
134.75	4.0
135.29	1.0
135.85	2.0
136.4	3.0
136.95	4.0
137.5	1.0
138.04	2.0
138.58	3.0
139.12	4.0
139.65	1.0
140.17	2.0
140.71	3.0
141.29	4.0
141.93	1.0
142.5	2.0
143.05	3.0
143.61	4.0
144.17	1.0
144.73	2.0
145.28	3.0
145.83	4.0
146.37	1.0
146.93	2.0
147.47	3.0
148.03	4.0
148.58	1.0
149.14	2.0
149.7	3.0
150.23	4.0
150.81	1.0
151.36	2.0
151.9	3.0
152.46	4.0
152.99	1.0
153.55	2.0
154.1	3.0
154.66	4.0
155.18	1.0
155.75	2.0
156.28	3.0
156.84	4.0
157.39	1.0
157.94	2.0
158.49	3.0
159.05	4.0
159.6	1.0
160.15	2.0
160.7	3.0
161.25	4.0
161.81	1.0
162.36	2.0
162.9	3.0
163.45	4.0
163.99	1.0
164.55	2.0
165.09	3.0
165.65	4.0
166.19	1.0
166.75	2.0
167.31	3.0
167.85	4.0
168.41	1.0
168.99	2.0
169.52	3.0
170.07	4.0
170.61	1.0
171.16	2.0
171.72	3.0
172.27	4.0
172.82	1.0
173.37	2.0
173.92	3.0
174.47	4.0
175.03	1.0
175.59	2.0
176.13	3.0
176.68	4.0
177.24	1.0
177.79	2.0
178.34	3.0
178.9	4.0
179.43	1.0
179.97	2.0
180.53	3.0
181.09	4.0
181.64	1.0
182.18	2.0
182.73	3.0
183.29	4.0
183.84	1.0
184.39	2.0
184.93	3.0
185.47	4.0
185.99	1.0
186.5	2.0
187.06	3.0
187.69	4.0
188.28	1.0
188.85	2.0
189.41	3.0
189.97	4.0
190.52	1.0
191.07	2.0
191.62	3.0
192.16	4.0
192.72	1.0
193.27	2.0
193.81	3.0
194.37	4.0
194.93	1.0
195.48	2.0
196.02	3.0
196.58	4.0
197.13	1.0
197.68	2.0
198.23	3.0
198.79	4.0
199.34	1.0
199.89	2.0
200.44	3.0
201.0	4.0
201.56	1.0
202.12	2.0
202.66	3.0
203.22	4.0
203.77	1.0
204.32	2.0
204.86	3.0
205.42	4.0
205.96	1.0
206.51	2.0
207.05	3.0
207.6	4.0
208.15	1.0
208.71	2.0
209.26	3.0
209.79	4.0
210.36	1.0
210.91	2.0
211.47	3.0
212.02	4.0
212.57	1.0
213.12	2.0
213.66	3.0
214.21	4.0
214.77	1.0
215.32	2.0
215.88	3.0
216.43	4.0
216.98	1.0
217.53	2.0
218.09	3.0
218.63	4.0
219.2	1.0
219.77	2.0
220.31	3.0
220.85	4.0
221.41	1.0
221.96	2.0
222.51	3.0
223.06	4.0
223.61	1.0
224.16	2.0
224.7	3.0
225.26	4.0
225.81	1.0
226.37	2.0
226.92	3.0
227.45	4.0
228.0	1.0
228.55	2.0
229.09	3.0
229.64	4.0
230.19	1.0
230.74	2.0
231.29	3.0
231.84	4.0
232.4	1.0
232.95	2.0
233.49	3.0
234.04	4.0
234.59	1.0
235.15	2.0
235.7	3.0
236.25	4.0
236.78	1.0
237.35	2.0
237.9	3.0
238.46	4.0
239.01	1.0
239.56	2.0
240.1	3.0
240.65	4.0
241.2	1.0
241.75	2.0
242.3	3.0
242.86	4.0
243.41	1.0
243.97	2.0
