0.37	2.0
0.85	3.0
1.36	4.0
1.87	1.0
2.37	2.0
2.89	3.0
3.4	4.0
3.89	1.0
4.4	2.0
4.88	3.0
5.4	4.0
5.91	1.0
6.41	2.0
6.94	3.0
7.45	4.0
7.93	1.0
8.45	2.0
8.95	3.0
9.44	4.0
9.94	1.0
10.46	2.0
10.95	3.0
11.47	4.0
11.99	1.0
12.52	2.0
13.01	3.0
13.49	4.0
13.98	1.0
14.51	2.0
15.0	3.0
15.52	4.0
16.02	1.0
16.53	2.0
17.03	3.0
17.54	4.0
18.04	1.0
18.55	2.0
19.04	3.0
19.56	4.0
20.08	1.0
20.59	2.0
21.08	3.0
21.59	4.0
22.09	1.0
22.6	2.0
23.11	3.0
23.6	4.0
24.1	1.0
24.61	2.0
25.13	3.0
25.65	4.0
26.14	1.0
26.65	2.0
27.15	3.0
27.66	4.0
28.15	1.0
28.67	2.0
29.17	3.0
29.67	4.0
30.18	1.0
30.68	2.0
31.19	3.0
31.7	4.0
32.2	1.0
32.71	2.0
33.21	3.0
33.73	4.0
34.2	1.0
34.71	2.0
35.22	3.0
35.74	4.0
36.24	1.0
36.75	2.0
37.28	3.0
37.78	4.0
38.26	1.0
38.79	2.0
39.28	3.0
39.78	4.0
40.29	1.0
40.79	2.0
41.3	3.0
41.79	4.0
42.31	1.0
42.82	2.0
43.32	3.0
43.83	4.0
44.34	1.0
44.86	2.0
45.35	3.0
45.87	4.0
46.37	1.0
46.89	2.0
47.37	3.0
47.88	4.0
48.38	1.0
48.9	2.0
49.4	3.0
49.89	4.0
50.4	1.0
50.92	2.0
51.42	3.0
51.92	4.0
52.41	1.0
52.94	2.0
53.44	3.0
53.95	4.0
54.43	1.0
54.94	2.0
55.46	3.0
55.97	4.0
56.47	1.0
56.98	2.0
57.48	3.0
58.0	4.0
58.5	1.0
59.01	2.0
59.5	3.0
60.02	4.0
60.52	1.0
61.03	2.0
61.53	3.0
62.04	4.0
62.54	1.0
63.07	2.0
63.56	3.0
64.06	4.0
64.55	1.0
65.08	2.0
65.58	3.0
66.09	4.0
66.59	1.0
67.09	2.0
67.6	3.0
68.1	4.0
68.61	1.0
69.11	2.0
69.64	3.0
70.14	4.0
70.64	1.0
71.15	2.0
71.64	3.0
72.15	4.0
72.65	1.0
73.16	2.0
73.66	3.0
74.19	4.0
74.68	1.0
75.19	2.0
75.7	3.0
76.2	4.0
76.7	1.0
77.21	2.0
77.71	3.0
78.23	4.0
78.73	1.0
79.23	2.0
79.74	3.0
80.24	4.0
80.74	1.0
81.25	2.0
81.75	3.0
82.26	4.0
82.76	1.0
83.29	2.0
83.79	3.0
84.3	4.0
84.8	1.0
85.31	2.0
85.81	3.0
86.3	4.0
86.8	1.0
87.32	2.0
87.82	3.0
88.34	4.0
88.85	1.0
89.34	2.0
89.85	3.0
90.35	4.0
90.86	1.0
91.36	2.0
91.87	3.0
92.38	4.0
92.89	1.0
93.39	2.0
93.9	3.0
94.4	4.0
94.91	1.0
95.43	2.0
95.92	3.0
96.42	4.0
96.92	1.0
97.43	2.0
97.93	3.0
98.44	4.0
98.96	1.0
99.45	2.0
99.97	3.0
100.45	4.0
100.95	1.0
101.46	2.0
101.97	3.0
102.49	4.0
103.01	1.0
103.51	2.0
104.0	3.0
104.51	4.0
105.04	1.0
105.53	2.0
106.03	3.0
106.54	4.0
107.03	1.0
107.55	2.0
108.06	3.0
108.56	4.0
109.07	1.0
109.58	2.0
110.08	3.0
110.58	4.0
111.09	1.0
111.61	2.0
112.11	3.0
112.62	4.0
113.12	1.0
113.63	2.0
114.13	3.0
114.63	4.0
115.15	1.0
115.65	2.0
116.14	3.0
116.66	4.0
117.17	1.0
117.67	2.0
118.19	3.0
118.69	4.0
119.17	1.0
119.68	2.0
120.2	3.0
120.71	4.0
121.21	1.0
121.72	2.0
122.23	3.0
122.73	4.0
123.23	1.0
123.73	2.0
124.24	3.0
124.74	4.0
125.25	1.0
125.75	2.0
126.27	3.0
126.77	4.0
127.27	1.0
127.79	2.0
128.3	3.0
128.8	4.0
129.3	1.0
129.81	2.0
130.32	3.0
130.82	4.0
131.32	1.0
131.83	2.0
132.34	3.0
132.84	4.0
133.34	1.0
133.85	2.0
134.36	3.0
134.86	4.0
135.36	1.0
135.87	2.0
136.36	3.0
136.89	4.0
137.4	1.0
137.92	2.0
138.41	3.0
138.92	4.0
139.41	1.0
139.93	2.0
140.45	3.0
140.94	4.0
141.44	1.0
141.95	2.0
142.45	3.0
142.94	4.0
143.45	1.0
143.96	2.0
144.46	3.0
144.98	4.0
145.49	1.0
145.99	2.0
146.5	3.0
147.0	4.0
147.49	1.0
148.01	2.0
148.51	3.0
149.04	4.0
149.54	1.0
150.04	2.0
150.55	3.0
151.04	4.0
151.55	1.0
152.07	2.0
152.58	3.0
153.08	4.0
153.59	1.0
154.09	2.0
154.59	3.0
155.09	4.0
155.62	1.0
156.12	2.0
156.63	3.0
157.13	4.0
157.63	1.0
158.14	2.0
158.64	3.0
159.14	4.0
159.64	1.0
160.16	2.0
160.66	3.0
161.18	4.0
161.67	1.0
162.17	2.0
162.68	3.0
163.19	4.0
163.69	1.0
164.2	2.0
164.7	3.0
165.21	4.0
165.72	1.0
166.23	2.0
166.73	3.0
167.23	4.0
167.73	1.0
168.24	2.0
168.74	3.0
169.25	4.0
169.75	1.0
170.27	2.0
170.77	3.0
171.26	4.0
171.78	1.0
172.29	2.0
172.8	3.0
173.31	4.0
173.81	1.0
174.34	2.0
174.83	3.0
175.32	4.0
175.82	1.0
176.33	2.0
176.85	3.0
177.36	4.0
177.87	1.0
178.37	2.0
178.87	3.0
179.38	4.0
179.88	1.0
180.4	2.0
180.9	3.0
181.39	4.0
181.91	1.0
182.41	2.0
182.91	3.0
183.42	4.0
183.92	1.0
184.43	2.0
184.94	3.0
185.44	4.0
185.94	1.0
186.45	2.0
186.96	3.0
187.45	4.0
187.96	1.0
188.49	2.0
188.98	3.0
189.48	4.0
190.0	1.0
190.51	2.0
191.02	3.0
191.51	4.0
192.02	1.0
192.51	2.0
193.02	3.0
193.52	4.0
194.03	1.0
194.52	2.0
195.02	3.0
195.54	4.0
196.06	1.0
196.55	2.0
197.08	3.0
197.57	4.0
198.08	1.0
198.59	2.0
199.1	3.0
199.6	4.0
200.1	1.0
200.61	2.0
201.13	3.0
201.64	4.0
202.14	1.0
202.65	2.0
203.16	3.0
203.65	4.0
204.16	1.0
204.63	2.0
205.15	3.0
205.65	4.0
206.17	1.0
206.67	2.0
207.19	3.0
207.67	4.0
208.19	1.0
208.69	2.0
209.21	3.0
209.72	4.0
210.23	1.0
210.73	2.0
211.25	3.0
211.75	4.0
212.24	1.0
212.75	2.0
213.25	3.0
213.76	4.0
214.29	1.0
214.79	2.0
215.27	3.0
215.76	4.0
216.28	1.0
216.8	2.0
217.31	3.0
217.83	4.0
218.33	1.0
218.83	2.0
219.32	3.0
219.82	4.0
220.32	1.0
220.84	2.0
221.36	3.0
221.85	4.0
222.36	1.0
222.86	2.0
223.37	3.0
223.88	4.0
224.38	1.0
224.89	2.0
225.4	3.0
225.89	4.0
226.41	1.0
226.91	2.0
227.43	3.0
227.93	4.0
228.43	1.0
228.93	2.0
229.45	3.0
229.93	4.0
230.44	1.0
230.94	2.0
231.45	3.0
231.95	4.0
232.47	1.0
232.98	2.0
233.49	3.0
233.98	4.0
234.5	1.0
235.0	2.0
235.5	3.0
236.03	4.0
236.53	1.0
237.03	2.0
237.54	3.0
238.04	4.0
238.53	1.0
239.03	2.0
239.52	3.0
240.03	4.0
240.55	1.0
241.06	2.0
241.57	3.0
242.09	4.0
242.6	1.0
243.11	2.0
243.62	3.0
244.11	4.0
244.62	1.0
245.11	2.0
245.62	3.0
246.13	4.0
246.64	1.0
247.14	2.0
247.63	3.0
248.14	4.0
248.65	1.0
249.17	2.0
249.68	3.0
250.18	4.0
250.69	1.0
251.19	2.0
251.69	3.0
252.2	4.0
252.71	1.0
253.2	2.0
253.71	3.0
254.21	4.0
254.72	1.0
255.23	2.0
255.75	3.0
256.23	4.0
256.74	1.0
257.25	2.0
257.75	3.0
258.25	4.0
258.76	1.0
259.26	2.0
259.77	3.0
260.28	4.0
260.78	1.0
261.28	2.0
261.8	3.0
262.31	4.0
262.8	1.0
263.29	2.0
263.82	3.0
264.31	4.0
264.82	1.0
265.34	2.0
265.86	3.0
266.36	4.0
266.88	1.0
267.37	2.0
267.87	3.0
268.39	4.0
268.89	1.0
269.39	2.0
269.89	3.0
270.4	4.0
270.92	1.0
271.41	2.0
271.92	3.0
272.41	4.0
272.94	1.0
273.43	2.0
273.95	3.0
274.45	4.0
274.95	1.0
275.46	2.0
275.98	3.0
276.47	4.0
276.99	1.0
277.48	2.0
277.99	3.0
278.49	4.0
278.99	1.0
279.51	2.0
280.03	3.0
280.5	4.0
281.0	1.0
281.53	2.0
282.04	3.0
282.55	4.0
283.06	1.0
283.57	2.0
284.06	3.0
284.56	4.0
285.05	1.0
285.57	2.0
286.08	3.0
286.6	4.0
287.09	1.0
287.59	2.0
288.11	3.0
288.6	4.0
289.11	1.0
289.62	2.0
290.13	3.0
290.63	4.0
291.14	1.0
291.64	2.0
292.14	3.0
292.64	4.0
293.16	1.0
293.65	2.0
294.17	3.0
294.67	4.0
295.18	1.0
295.68	2.0
296.2	3.0
296.69	4.0
297.19	1.0
297.71	2.0
298.23	3.0
298.73	4.0
299.24	1.0
299.76	2.0
300.25	3.0
300.74	4.0
301.26	1.0
301.75	2.0
302.26	3.0
302.74	4.0
303.25	1.0
303.76	2.0
304.28	3.0
304.77	4.0
305.28	1.0
305.79	2.0
306.3	3.0
306.82	4.0
307.33	1.0
307.84	2.0
308.34	3.0
308.83	4.0
309.34	1.0
309.84	2.0
310.35	3.0
310.85	4.0
311.36	1.0
311.87	2.0
312.38	3.0
312.87	4.0
313.38	1.0
313.9	2.0
314.42	3.0
314.92	4.0
315.43	1.0
315.92	2.0
316.42	3.0
316.92	4.0
317.44	1.0
317.94	2.0
318.47	3.0
318.96	4.0
319.48	1.0
319.98	2.0
320.48	3.0
320.98	4.0
321.48	1.0
321.99	2.0
322.5	3.0
323.0	4.0
323.5	1.0
324.01	2.0
324.52	3.0
325.02	4.0
325.55	1.0
326.05	2.0
326.56	3.0
327.05	4.0
327.55	1.0
328.07	2.0
328.58	3.0
329.07	4.0
329.55	1.0
330.07	2.0
330.58	3.0
331.09	4.0
331.6	1.0
332.09	2.0
332.61	3.0
333.12	4.0
333.62	1.0
334.14	2.0
334.65	3.0
335.14	4.0
335.66	1.0
336.16	2.0
336.67	3.0
337.15	4.0
337.66	1.0
338.16	2.0
338.68	3.0
339.19	4.0
339.69	1.0
340.19	2.0
340.71	3.0
341.2	4.0
341.74	1.0
342.22	2.0
342.72	3.0
343.24	4.0
343.75	1.0
344.24	2.0
344.75	3.0
345.22	4.0
345.75	1.0
346.27	2.0
346.78	3.0
347.27	4.0
347.77	1.0
348.3	2.0
348.81	3.0
349.29	4.0
349.81	1.0
350.31	2.0
350.82	3.0
351.31	4.0
351.82	1.0
352.33	2.0
352.84	3.0
353.34	4.0
353.84	1.0
354.35	2.0
354.86	3.0
355.37	4.0
355.87	1.0
356.36	2.0
356.87	3.0
357.38	4.0
357.89	1.0
358.39	2.0
358.91	3.0
359.42	4.0
359.91	1.0
360.41	2.0
360.91	3.0
361.42	4.0
361.94	1.0
362.46	2.0
362.97	3.0
363.48	4.0
363.97	1.0
364.48	2.0
364.99	3.0
365.49	4.0
365.99	1.0
366.51	2.0
367.0	3.0
367.51	4.0
368.01	1.0
368.51	2.0
369.02	3.0
369.51	4.0
370.03	1.0
370.55	2.0
371.06	3.0
371.56	4.0
372.06	1.0
372.57	2.0
373.07	3.0
373.57	4.0
374.08	1.0
374.58	2.0
375.09	3.0
375.59	4.0
376.08	1.0
376.58	2.0
377.09	3.0
377.59	4.0
378.11	1.0
378.63	2.0
379.13	3.0
379.65	4.0
380.15	1.0
380.66	2.0
381.15	3.0
381.67	4.0
382.18	1.0
382.68	2.0
383.18	3.0
383.68	4.0
384.19	1.0
384.69	2.0
385.22	3.0
385.7	4.0
386.21	1.0
386.72	2.0
387.24	3.0
387.73	4.0
388.24	1.0
388.76	2.0
389.26	3.0
389.78	4.0
390.27	1.0
390.79	2.0
391.29	3.0
391.78	4.0
392.28	1.0
392.79	2.0
393.32	3.0
393.8	4.0
