0.02	4.0
0.65	1.0
1.24	2.0
1.83	3.0
2.43	4.0
3.03	1.0
3.65	2.0
4.26	3.0
4.84	4.0
5.46	1.0
6.05	2.0
6.64	3.0
7.26	4.0
7.86	1.0
8.47	2.0
9.1	3.0
9.71	4.0
10.32	1.0
10.9	2.0
11.51	3.0
12.1	4.0
12.71	1.0
13.32	2.0
13.93	3.0
14.52	4.0
15.13	1.0
15.73	2.0
16.34	3.0
16.94	4.0
17.57	1.0
18.17	2.0
18.78	3.0
19.4	4.0
19.99	1.0
20.6	2.0
21.24	3.0
21.81	4.0
22.42	1.0
23.04	2.0
23.63	3.0
24.22	4.0
24.83	1.0
25.43	2.0
26.05	3.0
26.65	4.0
27.28	1.0
27.88	2.0
28.47	3.0
29.08	4.0
29.72	1.0
30.31	2.0
30.91	3.0
31.51	4.0
32.1	1.0
32.73	2.0
33.32	3.0
33.93	4.0
34.54	1.0
35.14	2.0
35.75	3.0
36.36	4.0
36.96	1.0
37.56	2.0
38.18	3.0
38.77	4.0
39.39	1.0
39.98	2.0
40.59	3.0
41.19	4.0
41.81	1.0
42.4	2.0
43.02	3.0
43.64	4.0
44.24	1.0
44.84	2.0
45.46	3.0
46.04	4.0
46.67	1.0
47.27	2.0
47.88	3.0
48.49	4.0
49.08	1.0
49.72	2.0
50.33	3.0
50.91	4.0
51.51	1.0
52.13	2.0
52.73	3.0
53.34	4.0
53.94	1.0
54.54	2.0
55.16	3.0
55.76	4.0
56.36	1.0
56.97	2.0
57.57	3.0
58.17	4.0
58.8	1.0
59.39	2.0
60.01	3.0
60.6	4.0
61.21	1.0
61.83	2.0
62.43	3.0
63.03	4.0
63.63	1.0
64.23	2.0
64.85	3.0
65.43	4.0
66.05	1.0
66.65	2.0
67.27	3.0
67.88	4.0
68.49	1.0
69.08	2.0
69.72	3.0
70.31	4.0
70.91	1.0
71.52	2.0
72.12	3.0
72.72	4.0
73.33	1.0
73.94	2.0
74.55	3.0
75.16	4.0
75.76	1.0
76.38	2.0
76.98	3.0
77.58	4.0
78.18	1.0
78.79	2.0
79.4	3.0
80.0	4.0
80.6	1.0
81.21	2.0
81.81	3.0
82.43	4.0
83.03	1.0
83.62	2.0
84.21	3.0
84.81	4.0
85.45	1.0
86.04	2.0
86.66	3.0
87.25	4.0
87.87	1.0
88.47	2.0
89.1	3.0
89.69	4.0
90.31	1.0
90.92	2.0
91.52	3.0
92.12	4.0
92.71	1.0
93.33	2.0
93.94	3.0
94.52	4.0
95.14	1.0
95.76	2.0
96.36	3.0
96.97	4.0
97.58	1.0
98.19	2.0
98.78	3.0
99.39	4.0
100.0	1.0
100.61	2.0
101.2	3.0
101.79	4.0
102.4	1.0
103.03	2.0
103.64	3.0
104.25	4.0
104.85	1.0
105.46	2.0
106.05	3.0
106.67	4.0
107.27	1.0
107.89	2.0
108.48	3.0
109.08	4.0
109.68	1.0
110.28	2.0
110.92	3.0
111.52	4.0
112.12	1.0
112.72	2.0
113.32	3.0
113.95	4.0
114.54	1.0
115.17	2.0
115.76	3.0
116.34	4.0
116.96	1.0
117.58	2.0
118.17	3.0
118.81	4.0
119.39	1.0
120.02	2.0
120.61	3.0
121.23	4.0
121.82	1.0
122.43	2.0
123.03	3.0
123.66	4.0
124.24	1.0
124.83	2.0
125.45	3.0
126.05	4.0
126.63	1.0
127.24	2.0
127.86	3.0
128.49	4.0
129.09	1.0
129.68	2.0
130.3	3.0
130.92	4.0
131.51	1.0
132.12	2.0
132.72	3.0
133.35	4.0
133.94	1.0
134.55	2.0
135.15	3.0
135.77	4.0
136.36	1.0
136.96	2.0
137.58	3.0
138.18	4.0
138.78	1.0
139.39	2.0
140.0	3.0
140.62	4.0
141.22	1.0
141.81	2.0
142.42	3.0
143.03	4.0
143.62	1.0
144.25	2.0
144.84	3.0
145.44	4.0
146.05	1.0
146.65	2.0
147.28	3.0
147.89	4.0
148.48	1.0
149.09	2.0
149.69	3.0
150.32	4.0
150.92	1.0
151.53	2.0
152.13	3.0
152.77	4.0
153.34	1.0
153.95	2.0
154.54	3.0
155.17	4.0
155.77	1.0
156.37	2.0
156.97	3.0
157.57	4.0
158.19	1.0
158.79	2.0
159.39	3.0
160.0	4.0
160.61	1.0
161.19	2.0
161.82	3.0
162.43	4.0
163.03	1.0
163.64	2.0
164.25	3.0
164.87	4.0
165.47	1.0
166.07	2.0
166.68	3.0
167.27	4.0
167.87	1.0
168.48	2.0
169.08	3.0
169.71	4.0
170.3	1.0
170.91	2.0
171.52	3.0
172.11	4.0
172.72	1.0
173.32	2.0
173.93	3.0
174.56	4.0
175.15	1.0
175.75	2.0
176.37	3.0
176.99	4.0
177.58	1.0
178.19	2.0
178.79	3.0
179.39	4.0
180.0	1.0
180.61	2.0
181.22	3.0
181.83	4.0
182.42	1.0
183.03	2.0
183.64	3.0
184.28	4.0
184.89	1.0
185.49	2.0
186.07	3.0
186.68	4.0
187.26	1.0
187.87	2.0
188.48	3.0
189.07	4.0
189.71	1.0
190.3	2.0
190.91	3.0
191.5	4.0
192.12	1.0
192.71	2.0
193.34	3.0
193.92	4.0
194.54	1.0
195.15	2.0
195.76	3.0
196.36	4.0
196.97	1.0
197.58	2.0
198.17	3.0
198.77	4.0
199.4	1.0
200.0	2.0
200.59	3.0
201.18	4.0
201.8	1.0
202.43	2.0
203.04	3.0
203.65	4.0
204.24	1.0
204.85	2.0
205.47	3.0
206.08	4.0
206.67	1.0
207.27	2.0
207.89	3.0
208.51	4.0
209.1	1.0
209.72	2.0
210.31	3.0
210.92	4.0
211.5	1.0
212.09	2.0
212.73	3.0
213.34	4.0
213.93	1.0
214.54	2.0
215.15	3.0
215.77	4.0
216.38	1.0
216.97	2.0
217.54	3.0
218.14	4.0
218.76	1.0
219.37	2.0
220.0	3.0
220.6	4.0
221.21	1.0
221.83	2.0
222.42	3.0
223.03	4.0
223.64	1.0
224.25	2.0
224.87	3.0
225.46	4.0
226.07	1.0
226.67	2.0
227.3	3.0
227.91	4.0
228.49	1.0
229.08	2.0
229.71	3.0
230.33	4.0
230.92	1.0
231.5	2.0
232.13	3.0
232.73	4.0
233.34	1.0
233.95	2.0
234.56	3.0
235.18	4.0
235.78	1.0
236.38	2.0
236.98	3.0
237.59	4.0
238.2	1.0
238.79	2.0
239.4	3.0
239.98	4.0
240.62	1.0
241.22	2.0
241.83	3.0
242.44	4.0
243.04	1.0
243.66	2.0
244.26	3.0
244.86	4.0
245.48	1.0
246.08	2.0
246.65	3.0
247.29	4.0
247.9	1.0
248.48	2.0
249.09	3.0
249.72	4.0
250.33	1.0
250.92	2.0
251.5	3.0
252.12	4.0
252.72	1.0
253.33	2.0
253.96	3.0
254.56	4.0
255.17	1.0
255.78	2.0
256.36	3.0
256.98	4.0
257.59	1.0
258.21	2.0
258.8	3.0
259.4	4.0
260.02	1.0
260.64	2.0
261.27	3.0
261.9	4.0
262.56	1.0
263.19	2.0
263.76	3.0
264.36	4.0
264.99	1.0
265.59	2.0
266.17	3.0
266.76	4.0
267.38	1.0
267.98	2.0
268.56	3.0
269.16	4.0
269.78	1.0
270.37	2.0
270.99	3.0
271.59	4.0
272.19	1.0
272.77	2.0
273.33	3.0
273.91	4.0
274.52	1.0
275.09	2.0
275.68	3.0
276.23	4.0
276.84	1.0
277.42	2.0
277.98	3.0
278.55	4.0
279.15	1.0
279.71	2.0
280.25	3.0
280.81	4.0
