0.64	3.0
1.13	4.0
1.64	1.0
2.17	2.0
2.68	3.0
3.18	4.0
3.71	1.0
4.19	2.0
4.73	3.0
5.22	4.0
5.74	1.0
6.23	2.0
6.76	3.0
7.28	4.0
7.78	1.0
8.27	2.0
8.82	3.0
9.33	4.0
9.83	1.0
10.35	2.0
10.88	3.0
11.44	4.0
11.94	1.0
12.44	2.0
12.97	3.0
13.47	4.0
13.97	1.0
14.47	2.0
14.98	3.0
15.47	4.0
15.96	1.0
16.48	2.0
16.99	3.0
17.47	4.0
17.97	1.0
18.46	2.0
18.96	3.0
19.47	4.0
19.97	1.0
20.47	2.0
20.98	3.0
21.48	4.0
21.98	1.0
22.48	2.0
22.96	3.0
23.48	4.0
23.97	1.0
24.47	2.0
25.0	3.0
25.48	4.0
26.01	1.0
26.51	2.0
27.04	3.0
27.56	4.0
28.05	1.0
28.55	2.0
29.06	3.0
29.58	4.0
30.09	1.0
30.59	2.0
31.12	3.0
31.62	4.0
32.13	1.0
32.63	2.0
33.14	3.0
33.67	4.0
34.16	1.0
34.67	2.0
35.22	3.0
35.73	4.0
36.22	1.0
36.7	2.0
37.22	3.0
37.69	4.0
38.18	1.0
38.67	2.0
39.17	3.0
39.66	4.0
40.17	1.0
40.67	2.0
41.17	3.0
41.66	4.0
42.16	1.0
42.67	2.0
43.16	3.0
43.66	4.0
44.16	1.0
44.64	2.0
45.13	3.0
45.64	4.0
46.14	1.0
46.62	2.0
47.11	3.0
47.61	4.0
48.1	1.0
48.58	2.0
49.07	3.0
49.56	4.0
50.06	1.0
50.54	2.0
51.02	3.0
51.53	4.0
52.02	1.0
52.5	2.0
53.0	3.0
53.49	4.0
53.99	1.0
54.48	2.0
54.98	3.0
55.47	4.0
55.97	1.0
56.45	2.0
56.94	3.0
57.44	4.0
57.94	1.0
58.41	2.0
58.91	3.0
59.4	4.0
59.9	1.0
60.38	2.0
60.88	3.0
61.38	4.0
61.88	1.0
62.36	2.0
62.85	3.0
63.36	4.0
63.85	1.0
64.36	2.0
64.88	3.0
65.41	4.0
65.93	1.0
66.43	2.0
66.96	3.0
67.48	4.0
67.98	1.0
68.48	2.0
69.01	3.0
69.53	4.0
70.02	1.0
70.52	2.0
71.06	3.0
71.57	4.0
72.1	1.0
72.59	2.0
73.12	3.0
73.64	4.0
74.13	1.0
74.63	2.0
75.16	3.0
75.69	4.0
76.18	1.0
76.7	2.0
77.19	3.0
77.67	4.0
78.16	1.0
78.66	2.0
79.16	3.0
79.67	4.0
80.18	1.0
80.67	2.0
81.17	3.0
81.68	4.0
82.18	1.0
82.68	2.0
83.18	3.0
83.68	4.0
84.18	1.0
84.67	2.0
85.17	3.0
85.67	4.0
86.17	1.0
86.67	2.0
87.16	3.0
87.66	4.0
88.15	1.0
88.63	2.0
89.13	3.0
89.62	4.0
90.13	1.0
90.63	2.0
91.11	3.0
91.61	4.0
92.11	1.0
92.6	2.0
93.09	3.0
93.58	4.0
94.07	1.0
94.55	2.0
95.04	3.0
95.53	4.0
96.03	1.0
96.52	2.0
97.01	3.0
97.51	4.0
98.0	1.0
98.49	2.0
98.97	3.0
99.46	4.0
99.96	1.0
100.45	2.0
100.94	3.0
101.44	4.0
101.93	1.0
102.41	2.0
102.91	3.0
103.41	4.0
103.91	1.0
104.4	2.0
104.89	3.0
105.4	4.0
105.89	1.0
106.38	2.0
106.86	3.0
107.36	4.0
107.86	1.0
108.35	2.0
108.88	3.0
109.37	4.0
109.9	1.0
110.39	2.0
110.91	3.0
111.44	4.0
111.96	1.0
112.45	2.0
112.97	3.0
113.49	4.0
113.99	1.0
114.5	2.0
115.04	3.0
115.55	4.0
116.07	1.0
116.58	2.0
117.09	3.0
117.63	4.0
118.14	1.0
118.64	2.0
119.15	3.0
119.68	4.0
120.19	1.0
