0.64	4.0
1.0	1.0
1.36	2.0
1.73	3.0
2.08	4.0
2.45	1.0
2.82	2.0
3.18	3.0
3.53	4.0
3.88	1.0
4.2	2.0
4.54	3.0
4.9	4.0
5.24	1.0
5.61	2.0
5.95	3.0
6.29	4.0
6.65	1.0
7.0	2.0
7.35	3.0
7.69	4.0
8.05	1.0
8.4	2.0
8.75	3.0
9.1	4.0
9.46	1.0
9.81	2.0
10.17	3.0
10.51	4.0
10.87	1.0
11.22	2.0
11.58	3.0
11.92	4.0
12.27	1.0
12.63	2.0
12.97	3.0
13.33	4.0
13.7	1.0
14.06	2.0
14.41	3.0
14.76	4.0
15.13	1.0
15.49	2.0
15.85	3.0
16.22	4.0
16.58	1.0
16.94	2.0
17.29	3.0
17.61	4.0
17.95	1.0
18.31	2.0
18.68	3.0
19.05	4.0
19.42	1.0
19.78	2.0
20.14	3.0
20.5	4.0
20.87	1.0
21.24	2.0
21.6	3.0
21.97	4.0
22.33	1.0
22.7	2.0
23.06	3.0
23.42	4.0
23.79	1.0
24.17	2.0
24.53	3.0
24.9	4.0
25.27	1.0
25.63	2.0
26.0	3.0
26.37	4.0
26.74	1.0
27.11	2.0
27.48	3.0
27.84	4.0
28.21	1.0
28.59	2.0
28.96	3.0
29.32	4.0
29.71	1.0
30.08	2.0
30.45	3.0
30.82	4.0
31.19	1.0
31.56	2.0
31.94	3.0
32.3	4.0
32.67	1.0
33.03	2.0
33.41	3.0
33.78	4.0
34.16	1.0
34.52	2.0
34.9	3.0
35.27	4.0
35.64	1.0
36.0	2.0
36.4	3.0
36.78	4.0
37.15	1.0
37.5	2.0
37.9	3.0
38.28	4.0
38.65	1.0
39.02	2.0
39.4	3.0
39.77	4.0
40.15	1.0
40.52	2.0
40.89	3.0
41.28	4.0
41.67	1.0
42.03	2.0
42.42	3.0
42.79	4.0
43.17	1.0
43.53	2.0
43.92	3.0
44.31	4.0
44.68	1.0
45.07	2.0
45.44	3.0
45.82	4.0
46.19	1.0
46.56	2.0
46.92	3.0
47.3	4.0
47.68	1.0
48.05	2.0
48.44	3.0
48.82	4.0
49.19	1.0
49.56	2.0
49.94	3.0
50.32	4.0
50.7	1.0
51.06	2.0
51.44	3.0
51.81	4.0
52.18	1.0
52.56	2.0
52.92	3.0
53.31	4.0
53.68	1.0
54.05	2.0
54.42	3.0
54.8	4.0
55.17	1.0
55.54	2.0
55.91	3.0
56.3	4.0
56.68	1.0
57.04	2.0
57.42	3.0
57.8	4.0
58.19	1.0
58.55	2.0
58.92	3.0
59.29	4.0
59.67	1.0
60.06	2.0
60.44	3.0
60.82	4.0
61.19	1.0
61.57	2.0
61.95	3.0
62.34	4.0
62.72	1.0
63.1	2.0
63.46	3.0
63.86	4.0
64.22	1.0
64.61	2.0
64.97	3.0
65.34	4.0
65.73	1.0
66.1	2.0
66.49	3.0
66.87	4.0
67.24	1.0
67.61	2.0
68.0	3.0
68.38	4.0
68.75	1.0
69.12	2.0
69.5	3.0
69.87	4.0
70.24	1.0
70.61	2.0
70.98	3.0
71.37	4.0
71.73	1.0
72.1	2.0
72.47	3.0
72.83	4.0
73.19	1.0
73.57	2.0
73.93	3.0
74.3	4.0
74.66	1.0
75.03	2.0
75.4	3.0
75.76	4.0
76.13	1.0
76.49	2.0
76.86	3.0
77.22	4.0
77.6	1.0
77.95	2.0
78.32	3.0
78.69	4.0
79.06	1.0
79.41	2.0
79.79	3.0
80.15	4.0
80.52	1.0
80.89	2.0
81.24	3.0
81.61	4.0
81.98	1.0
82.33	2.0
82.7	3.0
83.06	4.0
83.43	1.0
83.79	2.0
84.16	3.0
84.52	4.0
84.89	1.0
85.25	2.0
85.62	3.0
85.98	4.0
86.35	1.0
86.71	2.0
87.07	3.0
87.43	4.0
87.8	1.0
88.16	2.0
88.5	3.0
88.84	4.0
89.18	1.0
89.55	2.0
89.91	3.0
90.29	4.0
90.65	1.0
90.99	2.0
91.38	3.0
91.74	4.0
92.11	1.0
92.48	2.0
92.85	3.0
93.22	4.0
93.6	1.0
93.96	2.0
94.33	3.0
94.69	4.0
95.04	1.0
95.42	2.0
95.78	3.0
96.15	4.0
96.51	1.0
96.88	2.0
97.25	3.0
97.62	4.0
97.99	1.0
98.36	2.0
98.73	3.0
99.1	4.0
99.46	1.0
99.83	2.0
100.2	3.0
100.55	4.0
100.92	1.0
101.29	2.0
101.66	3.0
102.03	4.0
102.39	1.0
102.76	2.0
103.12	3.0
103.49	4.0
103.86	1.0
104.23	2.0
104.6	3.0
104.97	4.0
105.35	1.0
105.71	2.0
106.08	3.0
106.44	4.0
106.81	1.0
107.18	2.0
107.55	3.0
107.93	4.0
108.3	1.0
108.68	2.0
109.04	3.0
109.42	4.0
109.79	1.0
110.16	2.0
110.54	3.0
110.91	4.0
111.28	1.0
111.65	2.0
112.03	3.0
112.39	4.0
112.77	1.0
113.15	2.0
113.52	3.0
113.89	4.0
114.27	1.0
114.65	2.0
115.02	3.0
115.39	4.0
115.77	1.0
116.14	2.0
116.52	3.0
116.9	4.0
117.27	1.0
117.65	2.0
118.02	3.0
118.4	4.0
118.78	1.0
119.15	2.0
119.53	3.0
119.91	4.0
120.28	1.0
120.66	2.0
121.03	3.0
121.43	4.0
121.8	1.0
122.17	2.0
122.55	3.0
122.94	4.0
123.3	1.0
123.68	2.0
124.06	3.0
124.45	4.0
124.82	1.0
125.2	2.0
125.59	3.0
125.98	4.0
126.36	1.0
126.74	2.0
127.1	3.0
127.49	4.0
127.88	1.0
128.25	2.0
128.62	3.0
129.01	4.0
129.39	1.0
129.77	2.0
130.15	3.0
130.52	4.0
130.9	1.0
131.28	2.0
131.66	3.0
132.03	4.0
132.41	1.0
132.78	2.0
133.16	3.0
133.54	4.0
133.91	1.0
134.29	2.0
134.67	3.0
135.05	4.0
135.43	1.0
135.79	2.0
136.16	3.0
136.54	4.0
136.92	1.0
137.3	2.0
137.69	3.0
138.07	4.0
138.44	1.0
138.83	2.0
139.21	3.0
139.6	4.0
139.98	1.0
140.34	2.0
140.72	3.0
141.11	4.0
141.48	1.0
141.86	2.0
142.22	3.0
142.56	4.0
142.92	1.0
143.31	2.0
143.69	3.0
144.07	4.0
144.45	1.0
144.82	2.0
145.19	3.0
145.57	4.0
145.93	1.0
146.31	2.0
146.67	3.0
147.05	4.0
147.42	1.0
147.8	2.0
148.15	3.0
148.49	4.0
148.85	1.0
149.22	2.0
149.6	3.0
149.98	4.0
150.34	1.0
150.71	2.0
151.07	3.0
151.45	4.0
151.82	1.0
152.19	2.0
152.57	3.0
152.95	4.0
153.32	1.0
153.7	2.0
154.07	3.0
154.43	4.0
154.8	1.0
155.18	2.0
155.55	3.0
155.94	4.0
156.31	1.0
156.68	2.0
157.05	3.0
157.43	4.0
157.8	1.0
158.2	2.0
158.57	3.0
158.94	4.0
159.34	1.0
159.7	2.0
