0.72	4.0
1.21	1.0
1.72	2.0
2.23	3.0
2.7	4.0
3.18	1.0
3.67	2.0
4.15	3.0
4.63	4.0
5.12	1.0
5.61	2.0
6.12	3.0
6.59	4.0
7.08	1.0
7.6	2.0
8.13	3.0
8.66	4.0
9.16	1.0
9.66	2.0
10.15	3.0
10.64	4.0
11.13	1.0
11.63	2.0
12.12	3.0
12.61	4.0
13.1	1.0
13.59	2.0
14.08	3.0
14.58	4.0
15.06	1.0
15.56	2.0
16.07	3.0
16.54	4.0
17.03	1.0
17.52	2.0
18.02	3.0
18.52	4.0
19.01	1.0
19.51	2.0
20.01	3.0
20.5	4.0
21.0	1.0
21.49	2.0
21.99	3.0
22.48	4.0
22.98	1.0
23.47	2.0
23.98	3.0
24.46	4.0
24.95	1.0
25.45	2.0
25.93	3.0
26.43	4.0
26.91	1.0
27.41	2.0
27.9	3.0
28.39	4.0
28.87	1.0
29.37	2.0
29.86	3.0
30.34	4.0
30.83	1.0
31.32	2.0
31.82	3.0
32.31	4.0
32.8	1.0
33.3	2.0
33.8	3.0
34.29	4.0
34.79	1.0
35.29	2.0
35.79	3.0
36.28	4.0
36.8	1.0
37.28	2.0
37.79	3.0
38.28	4.0
38.77	1.0
39.27	2.0
39.77	3.0
40.25	4.0
40.75	1.0
41.26	2.0
41.75	3.0
42.26	4.0
42.76	1.0
43.28	2.0
43.79	3.0
44.27	4.0
44.77	1.0
45.25	2.0
45.75	3.0
46.24	4.0
46.74	1.0
47.24	2.0
47.74	3.0
48.22	4.0
48.71	1.0
49.22	2.0
49.72	3.0
50.2	4.0
50.69	1.0
51.19	2.0
51.68	3.0
52.17	4.0
52.66	1.0
53.15	2.0
53.67	3.0
54.14	4.0
54.63	1.0
55.12	2.0
55.63	3.0
56.11	4.0
56.61	1.0
57.1	2.0
57.61	3.0
58.11	4.0
58.6	1.0
59.1	2.0
59.6	3.0
60.09	4.0
60.58	1.0
61.08	2.0
61.59	3.0
62.09	4.0
62.58	1.0
63.07	2.0
63.58	3.0
64.08	4.0
64.57	1.0
65.06	2.0
65.58	3.0
66.07	4.0
66.56	1.0
67.07	2.0
67.56	3.0
68.07	4.0
68.57	1.0
69.06	2.0
69.55	3.0
70.05	4.0
70.55	1.0
71.04	2.0
71.57	3.0
72.07	4.0
72.57	1.0
73.07	2.0
73.56	3.0
74.04	4.0
74.53	1.0
75.04	2.0
75.52	3.0
76.06	4.0
76.55	1.0
77.07	2.0
77.55	3.0
78.06	4.0
78.57	1.0
79.06	2.0
79.57	3.0
80.06	4.0
80.56	1.0
81.05	2.0
81.55	3.0
82.04	4.0
82.53	1.0
83.03	2.0
83.54	3.0
84.02	4.0
84.51	1.0
85.02	2.0
85.52	3.0
86.0	4.0
86.49	1.0
86.99	2.0
87.5	3.0
87.98	4.0
88.48	1.0
88.97	2.0
89.48	3.0
89.96	4.0
90.47	1.0
90.96	2.0
91.46	3.0
91.95	4.0
92.45	1.0
92.94	2.0
93.46	3.0
93.96	4.0
94.46	1.0
94.96	2.0
95.46	3.0
95.95	4.0
96.44	1.0
96.95	2.0
97.47	3.0
97.94	4.0
98.43	1.0
98.95	2.0
99.44	3.0
99.92	4.0
100.4	1.0
100.91	2.0
101.41	3.0
101.92	4.0
102.42	1.0
102.92	2.0
103.42	3.0
103.9	4.0
104.4	1.0
104.89	2.0
105.39	3.0
105.89	4.0
106.39	1.0
106.89	2.0
107.39	3.0
107.88	4.0
108.36	1.0
108.88	2.0
109.37	3.0
109.89	4.0
110.39	1.0
110.9	2.0
111.4	3.0
111.89	4.0
112.38	1.0
112.88	2.0
113.39	3.0
113.87	4.0
114.37	1.0
114.86	2.0
115.36	3.0
115.85	4.0
116.33	1.0
116.84	2.0
117.34	3.0
117.81	4.0
118.31	1.0
118.82	2.0
119.31	3.0
119.8	4.0
120.28	1.0
120.78	2.0
121.27	3.0
121.77	4.0
122.27	1.0
122.77	2.0
123.26	3.0
123.75	4.0
124.24	1.0
124.74	2.0
125.23	3.0
125.73	4.0
126.22	1.0
126.72	2.0
127.2	3.0
127.7	4.0
128.2	1.0
128.69	2.0
129.19	3.0
129.68	4.0
130.18	1.0
130.68	2.0
131.18	3.0
131.67	4.0
132.17	1.0
132.67	2.0
133.16	3.0
133.66	4.0
134.15	1.0
134.64	2.0
135.12	3.0
135.62	4.0
136.11	1.0
136.6	2.0
137.08	3.0
137.57	4.0
138.07	1.0
138.56	2.0
139.06	3.0
139.55	4.0
140.04	1.0
140.53	2.0
141.05	3.0
