0.47	1.0
0.93	2.0
1.41	3.0
1.86	4.0
2.32	1.0
2.78	2.0
3.23	3.0
3.69	4.0
4.16	1.0
4.64	2.0
5.09	3.0
5.57	4.0
6.02	1.0
6.5	2.0
6.95	3.0
7.41	4.0
7.86	1.0
8.34	2.0
8.8	3.0
9.28	4.0
9.74	1.0
10.21	2.0
10.69	3.0
11.17	4.0
11.65	1.0
12.12	2.0
12.59	3.0
13.06	4.0
13.53	1.0
14.01	2.0
14.49	3.0
14.95	4.0
15.42	1.0
15.9	2.0
16.36	3.0
16.83	4.0
17.3	1.0
17.79	2.0
18.26	3.0
18.73	4.0
19.2	1.0
19.68	2.0
20.15	3.0
20.62	4.0
21.09	1.0
21.56	2.0
22.02	3.0
22.49	4.0
22.95	1.0
23.43	2.0
23.9	3.0
24.38	4.0
24.85	1.0
25.33	2.0
25.81	3.0
26.28	4.0
26.75	1.0
27.23	2.0
27.7	3.0
28.19	4.0
28.66	1.0
29.14	2.0
29.61	3.0
30.09	4.0
30.56	1.0
31.05	2.0
31.52	3.0
32.0	4.0
32.47	1.0
32.95	2.0
33.42	3.0
33.9	4.0
34.37	1.0
34.86	2.0
35.33	3.0
35.81	4.0
36.28	1.0
36.76	2.0
37.24	3.0
37.71	4.0
38.18	1.0
38.66	2.0
39.12	3.0
39.6	4.0
40.08	1.0
40.56	2.0
41.03	3.0
41.5	4.0
41.99	1.0
42.46	2.0
42.93	3.0
43.4	4.0
43.88	1.0
44.36	2.0
44.82	3.0
45.29	4.0
45.77	1.0
46.26	2.0
46.73	3.0
47.21	4.0
47.68	1.0
48.17	2.0
48.63	3.0
49.1	4.0
49.58	1.0
50.06	2.0
50.54	3.0
51.01	4.0
51.49	1.0
51.96	2.0
52.43	3.0
52.91	4.0
53.4	1.0
53.87	2.0
54.35	3.0
54.82	4.0
55.3	1.0
55.79	2.0
56.27	3.0
56.75	4.0
57.23	1.0
57.71	2.0
58.18	3.0
58.67	4.0
59.15	1.0
59.63	2.0
60.12	3.0
60.59	4.0
61.07	1.0
61.55	2.0
62.03	3.0
62.5	4.0
62.97	1.0
63.44	2.0
63.91	3.0
64.38	4.0
64.88	1.0
65.36	2.0
65.84	3.0
66.33	4.0
66.8	1.0
67.3	2.0
67.77	3.0
68.25	4.0
68.73	1.0
69.22	2.0
69.69	3.0
70.17	4.0
70.66	1.0
71.14	2.0
71.62	3.0
72.1	4.0
72.59	1.0
73.07	2.0
73.54	3.0
74.04	4.0
74.52	1.0
75.0	2.0
75.48	3.0
75.97	4.0
76.45	1.0
76.94	2.0
77.43	3.0
77.91	4.0
78.4	1.0
78.89	2.0
79.37	3.0
79.86	4.0
80.35	1.0
80.83	2.0
81.32	3.0
81.79	4.0
82.27	1.0
82.77	2.0
83.25	3.0
83.73	4.0
84.21	1.0
84.7	2.0
85.19	3.0
85.67	4.0
86.15	1.0
86.65	2.0
87.13	3.0
87.62	4.0
88.1	1.0
88.59	2.0
89.08	3.0
89.57	4.0
90.04	1.0
90.54	2.0
91.02	3.0
91.5	4.0
91.99	1.0
92.48	2.0
92.96	3.0
93.46	4.0
93.95	1.0
94.43	2.0
94.91	3.0
95.4	4.0
95.88	1.0
96.37	2.0
96.85	3.0
97.33	4.0
97.82	1.0
98.3	2.0
98.79	3.0
99.26	4.0
99.75	1.0
100.23	2.0
100.71	3.0
101.2	4.0
101.69	1.0
102.18	2.0
102.66	3.0
103.15	4.0
103.64	1.0
104.12	2.0
104.6	3.0
105.08	4.0
105.56	1.0
106.05	2.0
106.53	3.0
107.02	4.0
107.51	1.0
107.98	2.0
108.45	3.0
108.95	4.0
109.43	1.0
109.91	2.0
110.37	3.0
110.84	4.0
111.35	1.0
111.83	2.0
112.31	3.0
112.8	4.0
113.28	1.0
113.75	2.0
114.24	3.0
114.72	4.0
115.2	1.0
115.68	2.0
116.17	3.0
116.65	4.0
117.14	1.0
117.61	2.0
118.1	3.0
118.58	4.0
119.06	1.0
119.54	2.0
120.01	3.0
120.49	4.0
120.97	1.0
121.47	2.0
121.95	3.0
122.42	4.0
122.9	1.0
123.4	2.0
123.87	3.0
