0.67	1.0
1.25	2.0
1.82	3.0
2.37	4.0
2.91	1.0
3.47	2.0
4.03	3.0
4.61	4.0
5.15	1.0
5.74	2.0
6.3	3.0
6.88	4.0
7.43	1.0
8.0	2.0
8.55	3.0
9.12	4.0
9.67	1.0
10.26	2.0
10.81	3.0
11.38	4.0
11.94	1.0
12.53	2.0
13.08	3.0
13.66	4.0
14.22	1.0
14.78	2.0
15.33	3.0
15.89	4.0
16.44	1.0
17.01	2.0
17.57	3.0
18.18	4.0
18.73	1.0
19.28	2.0
19.87	3.0
20.44	4.0
21.0	1.0
21.56	2.0
22.16	3.0
22.75	4.0
23.31	1.0
23.88	2.0
24.5	3.0
25.07	4.0
25.62	1.0
26.17	2.0
26.72	3.0
27.33	4.0
27.89	1.0
28.46	2.0
29.08	3.0
29.65	4.0
30.21	1.0
30.78	2.0
31.38	3.0
31.95	4.0
32.5	1.0
33.08	2.0
33.68	3.0
34.26	4.0
34.82	1.0
35.38	2.0
35.99	3.0
36.57	4.0
37.13	1.0
37.7	2.0
38.31	3.0
38.89	4.0
39.45	1.0
40.03	2.0
40.64	3.0
41.23	4.0
41.79	1.0
42.34	2.0
42.95	3.0
43.54	4.0
44.09	1.0
44.65	2.0
45.19	3.0
45.8	4.0
46.36	1.0
46.93	2.0
47.53	3.0
48.1	4.0
48.64	1.0
49.21	2.0
49.81	3.0
50.37	4.0
50.93	1.0
51.49	2.0
52.09	3.0
52.68	4.0
53.23	1.0
53.79	2.0
54.39	3.0
54.98	4.0
55.52	1.0
56.08	2.0
56.68	3.0
57.26	4.0
57.8	1.0
58.38	2.0
58.98	3.0
59.57	4.0
60.12	1.0
60.68	2.0
61.27	3.0
61.85	4.0
62.4	1.0
62.97	2.0
63.54	3.0
64.13	4.0
64.7	1.0
65.29	2.0
65.86	3.0
66.43	4.0
66.99	1.0
67.57	2.0
68.12	3.0
68.7	4.0
69.27	1.0
69.87	2.0
70.41	3.0
70.99	4.0
71.54	1.0
72.13	2.0
72.68	3.0
73.23	4.0
73.79	1.0
74.38	2.0
74.94	3.0
75.5	4.0
76.06	1.0
76.63	2.0
77.19	3.0
77.77	4.0
78.34	1.0
78.93	2.0
79.51	3.0
80.08	4.0
80.65	1.0
81.24	2.0
81.8	3.0
82.37	4.0
82.91	1.0
83.5	2.0
84.11	3.0
84.7	4.0
85.25	1.0
85.85	2.0
86.46	3.0
87.05	4.0
87.62	1.0
88.19	2.0
88.78	3.0
89.37	4.0
89.92	1.0
90.51	2.0
91.1	3.0
91.67	4.0
92.21	1.0
92.8	2.0
93.39	3.0
93.97	4.0
94.53	1.0
95.11	2.0
95.69	3.0
96.29	4.0
96.84	1.0
97.41	2.0
98.01	3.0
98.59	4.0
99.16	1.0
99.74	2.0
100.33	3.0
100.91	4.0
101.47	1.0
102.06	2.0
102.63	3.0
103.2	4.0
103.77	1.0
104.35	2.0
104.91	3.0
105.49	4.0
106.06	1.0
106.65	2.0
107.21	3.0
107.8	4.0
108.36	1.0
108.94	2.0
109.5	3.0
110.07	4.0
110.62	1.0
111.2	2.0
111.76	3.0
112.32	4.0
112.88	1.0
113.45	2.0
114.0	3.0
114.58	4.0
115.12	1.0
115.71	2.0
116.26	3.0
116.82	4.0
117.36	1.0
117.95	2.0
118.5	3.0
119.07	4.0
119.63	1.0
120.19	2.0
120.74	3.0
121.31	4.0
121.86	1.0
122.43	2.0
122.97	3.0
123.54	4.0
124.08	1.0
124.66	2.0
125.21	3.0
125.77	4.0
126.3	1.0
126.87	2.0
127.4	3.0
127.94	4.0
128.46	1.0
129.02	2.0
129.56	3.0
130.14	4.0
130.69	1.0
131.25	2.0
131.8	3.0
132.37	4.0
132.92	1.0
133.49	2.0
134.05	3.0
134.62	4.0
135.15	1.0
135.7	2.0
136.23	3.0
136.78	4.0
137.31	1.0
137.88	2.0
138.43	3.0
138.98	4.0
139.54	1.0
140.1	2.0
140.65	3.0
141.21	4.0
141.76	1.0
142.34	2.0
142.89	3.0
143.46	4.0
144.0	1.0
144.58	2.0
145.13	3.0
145.69	4.0
146.24	1.0
146.81	2.0
147.35	3.0
147.93	4.0
148.5	1.0
149.06	2.0
149.61	3.0
150.18	4.0
150.74	1.0
151.3	2.0
151.86	3.0
152.41	4.0
152.96	1.0
153.52	2.0
154.07	3.0
154.66	4.0
155.21	1.0
155.76	2.0
156.36	3.0
156.94	4.0
157.49	1.0
158.07	2.0
158.68	3.0
159.26	4.0
159.82	1.0
160.39	2.0
160.99	3.0
161.55	4.0
162.09	1.0
162.65	2.0
163.19	3.0
163.79	4.0
164.34	1.0
164.92	2.0
165.51	3.0
166.08	4.0
166.63	1.0
167.21	2.0
167.8	3.0
168.39	4.0
168.94	1.0
169.52	2.0
170.12	3.0
170.7	4.0
171.25	1.0
171.83	2.0
172.43	3.0
173.03	4.0
173.57	1.0
174.14	2.0
174.76	3.0
175.35	4.0
175.91	1.0
176.48	2.0
177.09	3.0
177.67	4.0
178.23	1.0
178.79	2.0
179.39	3.0
179.97	4.0
180.53	1.0
181.11	2.0
181.69	3.0
182.31	4.0
182.89	1.0
183.46	2.0
184.05	3.0
184.63	4.0
185.2	1.0
185.76	2.0
186.37	3.0
186.94	4.0
187.5	1.0
188.09	2.0
188.69	3.0
189.27	4.0
189.83	1.0
190.4	2.0
191.0	3.0
191.57	4.0
192.12	1.0
192.69	2.0
193.29	3.0
193.87	4.0
194.43	1.0
195.0	2.0
195.6	3.0
196.17	4.0
196.72	1.0
197.29	2.0
197.86	3.0
198.45	4.0
198.99	1.0
199.57	2.0
200.14	3.0
200.72	4.0
201.29	1.0
201.87	2.0
202.42	3.0
203.01	4.0
203.55	1.0
204.14	2.0
204.7	3.0
205.28	4.0
205.83	1.0
206.43	2.0
206.99	3.0
207.57	4.0
208.12	1.0
208.71	2.0
209.27	3.0
209.86	4.0
210.41	1.0
210.99	2.0
211.54	3.0
212.11	4.0
212.68	1.0
213.26	2.0
213.82	3.0
214.4	4.0
214.95	1.0
215.52	2.0
216.07	3.0
216.64	4.0
217.19	1.0
217.77	2.0
218.32	3.0
218.88	4.0
219.41	1.0
219.98	2.0
220.52	3.0
221.1	4.0
221.65	1.0
222.22	2.0
222.76	3.0
223.34	4.0
223.87	1.0
224.45	2.0
225.0	3.0
225.58	4.0
226.13	1.0
226.7	2.0
227.25	3.0
227.8	4.0
228.34	1.0
228.91	2.0
229.47	3.0
230.04	4.0
230.6	1.0
231.16	2.0
231.69	3.0
232.27	4.0
232.83	1.0
233.42	2.0
233.98	3.0
234.55	4.0
235.09	1.0
235.66	2.0
236.21	3.0
236.76	4.0
237.29	1.0
237.87	2.0
238.42	3.0
238.98	4.0
239.53	1.0
240.11	2.0
240.64	3.0
241.2	4.0
241.76	1.0
242.35	2.0
242.91	3.0
243.49	4.0
244.03	1.0
244.61	2.0
245.15	3.0
245.71	4.0
246.24	1.0
246.83	2.0
247.37	3.0
247.95	4.0
248.49	1.0
249.07	2.0
249.61	3.0
250.18	4.0
250.72	1.0
251.28	2.0
251.85	3.0
252.42	4.0
252.98	1.0
253.54	2.0
254.12	3.0
254.75	4.0
255.33	1.0
