0.06	1.0
0.7	2.0
1.35	3.0
1.94	4.0
2.54	1.0
3.17	2.0
3.79	3.0
4.38	4.0
5.02	1.0
5.64	2.0
6.26	3.0
6.87	4.0
7.47	1.0
8.11	2.0
8.73	3.0
9.33	4.0
9.96	1.0
10.58	2.0
11.2	3.0
11.81	4.0
12.42	1.0
13.04	2.0
13.63	3.0
14.28	4.0
14.89	1.0
15.53	2.0
16.12	3.0
16.76	4.0
17.37	1.0
17.99	2.0
18.63	3.0
19.21	4.0
19.86	1.0
20.48	2.0
21.1	3.0
21.71	4.0
22.33	1.0
22.95	2.0
23.57	3.0
24.19	4.0
24.8	1.0
25.42	2.0
26.04	3.0
26.66	4.0
27.27	1.0
27.9	2.0
28.52	3.0
29.13	4.0
29.75	1.0
30.37	2.0
30.99	3.0
31.61	4.0
32.22	1.0
32.84	2.0
33.45	3.0
34.07	4.0
34.68	1.0
35.3	2.0
35.9	3.0
36.53	4.0
37.14	1.0
37.76	2.0
38.38	3.0
38.98	4.0
39.59	1.0
40.2	2.0
40.83	3.0
41.44	4.0
42.06	1.0
42.68	2.0
43.3	3.0
43.91	4.0
44.54	1.0
45.15	2.0
45.78	3.0
46.39	4.0
47.01	1.0
47.63	2.0
48.24	3.0
48.84	4.0
49.47	1.0
50.08	2.0
50.71	3.0
51.32	4.0
51.94	1.0
52.56	2.0
53.18	3.0
53.79	4.0
54.41	1.0
55.03	2.0
55.65	3.0
56.26	4.0
56.88	1.0
57.5	2.0
58.12	3.0
58.74	4.0
59.35	1.0
59.97	2.0
60.6	3.0
61.21	4.0
61.83	1.0
62.45	2.0
63.07	3.0
63.69	4.0
64.3	1.0
64.92	2.0
65.54	3.0
66.16	4.0
66.77	1.0
67.39	2.0
68.01	3.0
68.62	4.0
69.23	1.0
69.85	2.0
70.47	3.0
71.09	4.0
71.71	1.0
72.33	2.0
72.95	3.0
73.57	4.0
74.18	1.0
74.8	2.0
75.42	3.0
76.04	4.0
76.65	1.0
77.28	2.0
77.9	3.0
78.51	4.0
79.13	1.0
79.75	2.0
80.38	3.0
80.98	4.0
81.6	1.0
82.23	2.0
82.85	3.0
83.46	4.0
84.08	1.0
84.69	2.0
85.32	3.0
85.93	4.0
86.53	1.0
87.15	2.0
87.76	3.0
88.37	4.0
88.98	1.0
89.6	2.0
90.23	3.0
90.83	4.0
91.45	1.0
92.07	2.0
92.7	3.0
93.31	4.0
93.93	1.0
94.55	2.0
95.18	3.0
95.78	4.0
96.41	1.0
97.02	2.0
97.65	3.0
98.26	4.0
98.88	1.0
99.49	2.0
100.13	3.0
100.73	4.0
101.35	1.0
101.97	2.0
102.6	3.0
103.2	4.0
103.83	1.0
104.44	2.0
105.07	3.0
105.68	4.0
106.3	1.0
106.92	2.0
107.54	3.0
108.15	4.0
108.77	1.0
109.39	2.0
110.01	3.0
110.63	4.0
111.24	1.0
111.86	2.0
112.48	3.0
113.1	4.0
113.71	1.0
114.34	2.0
114.96	3.0
115.57	4.0
116.19	1.0
116.81	2.0
117.43	3.0
118.05	4.0
118.66	1.0
119.28	2.0
119.9	3.0
120.51	4.0
121.13	1.0
121.75	2.0
122.38	3.0
122.99	4.0
123.61	1.0
124.23	2.0
124.85	3.0
125.46	4.0
126.08	1.0
126.69	2.0
127.33	3.0
127.94	4.0
128.56	1.0
129.17	2.0
129.8	3.0
130.41	4.0
131.03	1.0
131.64	2.0
132.27	3.0
132.88	4.0
133.51	1.0
134.12	2.0
134.74	3.0
135.36	4.0
135.96	1.0
136.57	2.0
137.2	3.0
137.82	4.0
138.44	1.0
139.05	2.0
139.68	3.0
140.28	4.0
140.91	1.0
141.52	2.0
142.15	3.0
142.76	4.0
143.38	1.0
143.99	2.0
144.62	3.0
145.23	4.0
145.85	1.0
146.47	2.0
147.09	3.0
147.7	4.0
148.32	1.0
148.95	2.0
149.58	3.0
150.2	4.0
150.82	1.0
151.42	2.0
152.06	3.0
152.68	4.0
153.27	1.0
153.89	2.0
154.51	3.0
155.13	4.0
155.75	1.0
156.37	2.0
157.0	3.0
157.62	4.0
158.23	1.0
158.83	2.0
159.46	3.0
160.08	4.0
160.7	1.0
161.31	2.0
161.92	3.0
162.52	4.0
163.13	1.0
163.75	2.0
164.38	3.0
165.02	4.0
165.64	1.0
166.25	2.0
166.87	3.0
167.49	4.0
168.11	1.0
168.73	2.0
169.36	3.0
169.96	4.0
170.58	1.0
171.2	2.0
171.83	3.0
172.44	4.0
173.06	1.0
173.68	2.0
174.3	3.0
174.91	4.0
175.53	1.0
176.15	2.0
176.77	3.0
177.39	4.0
178.0	1.0
178.62	2.0
179.25	3.0
179.86	4.0
180.48	1.0
181.1	2.0
181.72	3.0
182.33	4.0
182.95	1.0
183.57	2.0
184.19	3.0
184.81	4.0
185.43	1.0
186.05	2.0
186.66	3.0
187.29	4.0
187.9	1.0
188.52	2.0
189.15	3.0
189.76	4.0
190.37	1.0
190.99	2.0
191.62	3.0
192.23	4.0
192.85	1.0
193.47	2.0
194.1	3.0
194.71	4.0
195.33	1.0
195.94	2.0
196.57	3.0
197.18	4.0
197.8	1.0
198.41	2.0
199.04	3.0
199.65	4.0
200.27	1.0
200.89	2.0
201.5	3.0
202.12	4.0
202.74	1.0
203.36	2.0
203.99	3.0
204.6	4.0
205.22	1.0
205.84	2.0
206.47	3.0
207.07	4.0
207.69	1.0
208.31	2.0
208.94	3.0
209.54	4.0
210.16	1.0
210.78	2.0
211.4	3.0
212.02	4.0
212.64	1.0
213.26	2.0
213.88	3.0
214.49	4.0
215.11	1.0
215.73	2.0
216.36	3.0
216.96	4.0
217.59	1.0
218.2	2.0
218.83	3.0
219.44	4.0
220.06	1.0
220.68	2.0
221.31	3.0
221.91	4.0
222.53	1.0
223.15	2.0
223.77	3.0
224.39	4.0
225.01	1.0
225.62	2.0
226.23	3.0
226.85	4.0
