0.48	1.0
0.77	2.0
1.07	3.0
1.37	4.0
1.68	1.0
1.97	2.0
2.28	3.0
2.57	4.0
2.88	1.0
3.17	2.0
3.48	3.0
3.77	4.0
4.08	1.0
4.38	2.0
4.7	3.0
5.0	4.0
5.31	1.0
5.62	2.0
5.93	3.0
6.24	4.0
6.55	1.0
6.84	2.0
7.15	3.0
7.44	4.0
7.75	1.0
8.04	2.0
8.35	3.0
8.64	4.0
8.96	1.0
9.26	2.0
9.57	3.0
9.87	4.0
10.17	1.0
10.48	2.0
10.78	3.0
11.07	4.0
11.38	1.0
11.67	2.0
11.97	3.0
12.27	4.0
12.57	1.0
12.88	2.0
13.18	3.0
13.48	4.0
13.78	1.0
14.08	2.0
14.39	3.0
14.69	4.0
15.0	1.0
15.3	2.0
15.61	3.0
15.91	4.0
16.22	1.0
16.52	2.0
16.83	3.0
17.13	4.0
17.43	1.0
17.73	2.0
18.04	3.0
18.34	4.0
18.64	1.0
18.94	2.0
19.25	3.0
19.54	4.0
19.84	1.0
20.15	2.0
20.45	3.0
20.76	4.0
21.07	1.0
21.37	2.0
21.67	3.0
21.98	4.0
22.28	1.0
22.58	2.0
22.87	3.0
23.18	4.0
23.48	1.0
23.78	2.0
24.08	3.0
24.4	4.0
24.7	1.0
25.01	2.0
25.31	3.0
25.62	4.0
25.91	1.0
26.21	2.0
26.51	3.0
26.81	4.0
27.12	1.0
27.42	2.0
27.74	3.0
28.05	4.0
28.34	1.0
28.64	2.0
28.95	3.0
29.26	4.0
29.57	1.0
29.86	2.0
30.16	3.0
30.47	4.0
30.77	1.0
31.07	2.0
31.37	3.0
31.68	4.0
31.99	1.0
32.29	2.0
32.59	3.0
32.9	4.0
33.2	1.0
33.49	2.0
33.8	3.0
34.1	4.0
34.4	1.0
34.7	2.0
35.01	3.0
35.32	4.0
35.63	1.0
35.93	2.0
36.23	3.0
36.53	4.0
36.84	1.0
37.14	2.0
37.44	3.0
37.73	4.0
38.04	1.0
38.34	2.0
38.64	3.0
38.95	4.0
39.26	1.0
39.56	2.0
39.88	3.0
40.19	4.0
40.49	1.0
40.8	2.0
41.11	3.0
41.41	4.0
41.72	1.0
42.01	2.0
42.32	3.0
42.62	4.0
42.92	1.0
43.21	2.0
43.52	3.0
43.82	4.0
44.12	1.0
44.42	2.0
44.72	3.0
45.02	4.0
45.34	1.0
45.64	2.0
45.94	3.0
46.24	4.0
46.54	1.0
46.84	2.0
47.15	3.0
47.45	4.0
47.75	1.0
48.05	2.0
48.34	3.0
48.65	4.0
48.96	1.0
49.27	2.0
49.58	3.0
49.89	4.0
50.19	1.0
50.5	2.0
50.8	3.0
51.1	4.0
51.41	1.0
51.71	2.0
52.01	3.0
52.31	4.0
52.61	1.0
52.92	2.0
53.22	3.0
53.53	4.0
53.83	1.0
54.13	2.0
54.44	3.0
54.75	4.0
55.06	1.0
55.35	2.0
55.66	3.0
55.96	4.0
56.26	1.0
56.56	2.0
56.86	3.0
57.17	4.0
57.47	1.0
57.78	2.0
58.07	3.0
58.38	4.0
58.67	1.0
58.97	2.0
59.28	3.0
59.58	4.0
59.89	1.0
60.19	2.0
60.5	3.0
60.8	4.0
61.1	1.0
61.39	2.0
61.7	3.0
62.0	4.0
62.3	1.0
62.6	2.0
62.9	3.0
63.21	4.0
63.52	1.0
63.83	2.0
64.13	3.0
64.43	4.0
64.74	1.0
65.03	2.0
65.33	3.0
65.64	4.0
65.94	1.0
66.24	2.0
66.54	3.0
66.84	4.0
67.14	1.0
67.44	2.0
67.74	3.0
68.04	4.0
68.35	1.0
68.66	2.0
68.97	3.0
69.28	4.0
69.59	1.0
69.89	2.0
70.2	3.0
70.5	4.0
70.8	1.0
71.1	2.0
71.4	3.0
71.71	4.0
72.01	1.0
72.3	2.0
72.61	3.0
72.91	4.0
73.2	1.0
73.51	2.0
73.83	3.0
74.14	4.0
74.45	1.0
74.74	2.0
75.04	3.0
75.34	4.0
75.64	1.0
75.94	2.0
76.24	3.0
76.55	4.0
76.85	1.0
77.15	2.0
77.45	3.0
77.75	4.0
78.05	1.0
78.36	2.0
78.67	3.0
78.98	4.0
79.29	1.0
79.59	2.0
79.89	3.0
80.19	4.0
80.49	1.0
80.79	2.0
81.09	3.0
81.4	4.0
81.69	1.0
82.0	2.0
82.3	3.0
82.6	4.0
82.9	1.0
83.2	2.0
83.5	3.0
83.82	4.0
84.12	1.0
84.43	2.0
84.73	3.0
85.04	4.0
85.34	1.0
85.63	2.0
85.94	3.0
86.24	4.0
86.54	1.0
86.84	2.0
87.16	3.0
87.46	4.0
87.78	1.0
88.08	2.0
88.38	3.0
88.68	4.0
88.99	1.0
89.29	2.0
89.61	3.0
89.91	4.0
90.22	1.0
90.51	2.0
90.81	3.0
91.12	4.0
91.41	1.0
91.72	2.0
92.02	3.0
92.32	4.0
92.62	1.0
92.93	2.0
93.24	3.0
93.54	4.0
93.85	1.0
94.15	2.0
94.45	3.0
94.76	4.0
95.05	1.0
95.36	2.0
95.66	3.0
95.96	4.0
96.26	1.0
96.55	2.0
96.85	3.0
97.15	4.0
97.46	1.0
97.75	2.0
98.06	3.0
98.38	4.0
98.69	1.0
99.0	2.0
99.31	3.0
99.62	4.0
99.91	1.0
100.22	2.0
100.52	3.0
100.82	4.0
101.13	1.0
101.44	2.0
101.74	3.0
102.05	4.0
102.34	1.0
102.65	2.0
102.95	3.0
103.25	4.0
103.55	1.0
103.84	2.0
104.14	3.0
104.45	4.0
104.75	1.0
105.06	2.0
105.36	3.0
105.67	4.0
105.98	1.0
106.29	2.0
106.58	3.0
106.88	4.0
107.19	1.0
107.48	2.0
107.78	3.0
108.09	4.0
108.4	1.0
108.69	2.0
109.0	3.0
109.29	4.0
109.59	1.0
109.9	2.0
110.2	3.0
110.5	4.0
110.8	1.0
111.1	2.0
111.4	3.0
111.71	4.0
112.01	1.0
112.32	2.0
112.63	3.0
112.93	4.0
113.24	1.0
113.53	2.0
113.83	3.0
114.14	4.0
114.44	1.0
114.74	2.0
115.04	3.0
115.35	4.0
115.66	1.0
115.97	2.0
116.26	3.0
116.56	4.0
116.87	1.0
117.17	2.0
117.47	3.0
117.78	4.0
118.09	1.0
118.39	2.0
118.7	3.0
119.0	4.0
119.3	1.0
119.6	2.0
119.9	3.0
120.21	4.0
120.51	1.0
120.81	2.0
121.11	3.0
121.41	4.0
121.71	1.0
122.02	2.0
122.33	3.0
122.64	4.0
122.94	1.0
123.24	2.0
123.54	3.0
123.84	4.0
124.14	1.0
124.45	2.0
124.75	3.0
125.05	4.0
125.35	1.0
125.65	2.0
125.95	3.0
126.25	4.0
126.55	1.0
126.86	2.0
127.17	3.0
127.48	4.0
127.79	1.0
128.09	2.0
128.39	3.0
128.7	4.0
128.99	1.0
129.3	2.0
129.59	3.0
129.9	4.0
130.2	1.0
130.5	2.0
130.8	3.0
131.1	4.0
131.4	1.0
131.7	2.0
132.0	3.0
132.32	4.0
132.63	1.0
132.94	2.0
133.24	3.0
133.55	4.0
133.85	1.0
134.15	2.0
134.45	3.0
134.75	4.0
135.06	1.0
135.36	2.0
135.66	3.0
135.96	4.0
136.26	1.0
136.56	2.0
136.87	3.0
137.18	4.0
137.49	1.0
137.79	2.0
138.1	3.0
138.4	4.0
138.7	1.0
139.01	2.0
139.31	3.0
139.61	4.0
139.9	1.0
140.21	2.0
140.51	3.0
140.81	4.0
141.11	1.0
141.42	2.0
141.73	3.0
142.04	4.0
142.34	1.0
142.64	2.0
142.94	3.0
143.24	4.0
143.54	1.0
143.85	2.0
144.14	3.0
144.45	4.0
144.75	1.0
145.05	2.0
145.35	3.0
145.65	4.0
145.95	1.0
146.26	2.0
146.57	3.0
146.89	4.0
147.2	1.0
147.49	2.0
147.79	3.0
148.1	4.0
148.4	1.0
148.7	2.0
148.99	3.0
149.3	4.0
149.6	1.0
149.9	2.0
150.2	3.0
150.51	4.0
150.82	1.0
151.13	2.0
151.43	3.0
151.74	4.0
152.05	1.0
152.35	2.0
152.65	3.0
152.96	4.0
153.25	1.0
153.56	2.0
153.85	3.0
154.16	4.0
154.46	1.0
154.76	2.0
155.06	3.0
155.36	4.0
155.67	1.0
155.97	2.0
156.29	3.0
156.58	4.0
156.88	1.0
157.19	2.0
157.48	3.0
157.78	4.0
158.08	1.0
158.38	2.0
158.68	3.0
158.99	4.0
159.29	1.0
159.6	2.0
159.9	3.0
160.21	4.0
160.51	1.0
160.81	2.0
161.11	3.0
161.42	4.0
161.72	1.0
162.03	2.0
162.33	3.0
162.64	4.0
162.95	1.0
163.25	2.0
163.55	3.0
163.85	4.0
164.15	1.0
164.45	2.0
164.76	3.0
165.06	4.0
165.35	1.0
165.66	2.0
165.96	3.0
166.26	4.0
166.57	1.0
166.88	2.0
167.19	3.0
167.49	4.0
167.79	1.0
168.08	2.0
168.39	3.0
168.7	4.0
169.0	1.0
169.31	2.0
169.61	3.0
169.91	4.0
170.21	1.0
170.51	2.0
170.82	3.0
171.12	4.0
171.43	1.0
171.73	2.0
172.04	3.0
172.34	4.0
172.63	1.0
172.93	2.0
173.24	3.0
173.54	4.0
173.84	1.0
174.14	2.0
174.44	3.0
174.74	4.0
175.04	1.0
175.34	2.0
175.64	3.0
175.94	4.0
176.25	1.0
176.56	2.0
176.86	3.0
177.16	4.0
177.46	1.0
177.76	2.0
178.07	3.0
178.38	4.0
178.69	1.0
178.99	2.0
179.3	3.0
179.6	4.0
179.91	1.0
180.21	2.0
180.51	3.0
180.82	4.0
181.12	1.0
181.43	2.0
181.75	3.0
182.04	4.0
182.35	1.0
182.65	2.0
182.96	3.0
183.26	4.0
183.57	1.0
183.88	2.0
184.18	3.0
184.48	4.0
184.78	1.0
185.08	2.0
185.38	3.0
185.68	4.0
185.99	1.0
186.3	2.0
186.61	3.0
186.91	4.0
187.21	1.0
187.51	2.0
187.81	3.0
188.12	4.0
188.42	1.0
188.72	2.0
189.02	3.0
189.32	4.0
189.62	1.0
189.92	2.0
190.22	3.0
190.53	4.0
190.84	1.0
191.14	2.0
191.45	3.0
191.76	4.0
192.06	1.0
192.36	2.0
192.66	3.0
192.97	4.0
193.27	1.0
193.57	2.0
193.87	3.0
194.17	4.0
194.47	1.0
194.77	2.0
195.07	3.0
195.39	4.0
195.69	1.0
195.99	2.0
196.29	3.0
196.59	4.0
196.89	1.0
197.19	2.0
197.49	3.0
197.81	4.0
198.11	1.0
198.41	2.0
198.71	3.0
199.01	4.0
199.31	1.0
199.61	2.0
199.91	3.0
200.22	4.0
200.53	1.0
200.84	2.0
201.14	3.0
201.45	4.0
201.76	1.0
202.06	2.0
202.36	3.0
202.66	4.0
202.96	1.0
203.26	2.0
203.57	3.0
203.87	4.0
204.18	1.0
204.48	2.0
204.79	3.0
205.11	4.0
205.42	1.0
205.72	2.0
206.02	3.0
206.33	4.0
206.63	1.0
206.93	2.0
207.23	3.0
207.53	4.0
207.82	1.0
208.13	2.0
208.43	3.0
208.73	4.0
209.03	1.0
209.33	2.0
209.63	3.0
209.95	4.0
210.26	1.0
210.55	2.0
210.85	3.0
211.16	4.0
211.46	1.0
211.76	2.0
212.05	3.0
212.36	4.0
212.66	1.0
212.96	2.0
213.26	3.0
213.56	4.0
213.87	1.0
214.18	2.0
214.49	3.0
214.8	4.0
215.11	1.0
215.4	2.0
215.7	3.0
216.0	4.0
216.31	1.0
216.6	2.0
216.9	3.0
217.2	4.0
217.51	1.0
217.81	2.0
218.11	3.0
218.42	4.0
218.72	1.0
219.04	2.0
219.34	3.0
219.66	4.0
219.96	1.0
220.26	2.0
220.56	3.0
220.87	4.0
221.16	1.0
221.47	2.0
221.76	3.0
222.07	4.0
222.36	1.0
222.66	2.0
222.96	3.0
223.26	4.0
223.57	1.0
223.87	2.0
224.17	3.0
224.46	4.0
224.77	1.0
225.08	2.0
225.4	3.0
225.71	4.0
226.02	1.0
226.33	2.0
226.63	3.0
