0.67	4.0
1.08	1.0
1.53	2.0
1.95	3.0
2.39	4.0
2.82	1.0
3.19	2.0
3.58	3.0
3.99	4.0
4.37	1.0
4.77	2.0
5.13	3.0
5.53	4.0
5.9	1.0
6.26	2.0
6.62	3.0
6.99	4.0
7.37	1.0
7.75	2.0
8.09	3.0
8.44	4.0
8.78	1.0
9.14	2.0
9.48	3.0
9.84	4.0
10.17	1.0
10.5	2.0
10.83	3.0
11.16	4.0
11.47	1.0
11.82	2.0
12.15	3.0
12.48	4.0
12.81	1.0
13.13	2.0
13.46	3.0
13.79	4.0
14.12	1.0
14.44	2.0
14.76	3.0
15.09	4.0
15.42	1.0
15.74	2.0
16.07	3.0
16.41	4.0
16.74	1.0
17.08	2.0
17.41	3.0
17.75	4.0
18.09	1.0
18.41	2.0
18.74	3.0
19.07	4.0
19.4	1.0
19.73	2.0
20.06	3.0
20.4	4.0
20.73	1.0
21.06	2.0
21.39	3.0
21.73	4.0
22.06	1.0
22.39	2.0
22.72	3.0
23.06	4.0
23.39	1.0
23.72	2.0
24.05	3.0
24.38	4.0
24.71	1.0
25.04	2.0
25.36	3.0
25.69	4.0
26.02	1.0
26.35	2.0
26.68	3.0
27.01	4.0
27.34	1.0
27.68	2.0
28.0	3.0
28.33	4.0
28.67	1.0
29.0	2.0
29.32	3.0
29.66	4.0
29.99	1.0
30.32	2.0
30.65	3.0
30.98	4.0
31.3	1.0
31.64	2.0
31.97	3.0
32.29	4.0
32.63	1.0
32.96	2.0
33.29	3.0
33.63	4.0
33.96	1.0
34.29	2.0
34.63	3.0
34.97	4.0
35.3	1.0
35.64	2.0
35.97	3.0
36.31	4.0
36.64	1.0
36.98	2.0
37.32	3.0
37.67	4.0
38.01	1.0
38.34	2.0
38.67	3.0
39.01	4.0
39.34	1.0
39.68	2.0
40.01	3.0
40.35	4.0
40.68	1.0
41.02	2.0
41.36	3.0
41.69	4.0
42.02	1.0
42.36	2.0
42.7	3.0
43.03	4.0
43.36	1.0
43.68	2.0
44.02	3.0
44.36	4.0
44.69	1.0
45.03	2.0
45.35	3.0
45.7	4.0
46.03	1.0
46.36	2.0
46.69	3.0
47.03	4.0
47.36	1.0
47.69	2.0
48.03	3.0
48.36	4.0
48.7	1.0
49.02	2.0
49.36	3.0
49.69	4.0
50.02	1.0
50.36	2.0
50.68	3.0
51.02	4.0
51.36	1.0
51.68	2.0
52.01	3.0
52.34	4.0
52.67	1.0
53.01	2.0
53.34	3.0
53.69	4.0
54.02	1.0
54.35	2.0
54.69	3.0
55.03	4.0
55.36	1.0
55.69	2.0
56.02	3.0
56.36	4.0
56.69	1.0
57.02	2.0
57.34	3.0
57.68	4.0
58.01	1.0
58.35	2.0
58.68	3.0
59.02	4.0
59.36	1.0
59.7	2.0
60.02	3.0
60.36	4.0
60.69	1.0
61.03	2.0
61.34	3.0
61.68	4.0
62.0	1.0
62.34	2.0
62.66	3.0
62.99	4.0
63.32	1.0
63.66	2.0
63.98	3.0
64.32	4.0
64.64	1.0
64.98	2.0
65.32	3.0
65.64	4.0
65.97	1.0
66.3	2.0
66.63	3.0
66.96	4.0
67.3	1.0
67.64	2.0
67.97	3.0
68.3	4.0
68.64	1.0
68.97	2.0
69.3	3.0
69.64	4.0
69.98	1.0
70.31	2.0
70.65	3.0
70.99	4.0
71.33	1.0
71.65	2.0
72.0	3.0
72.32	4.0
72.65	1.0
72.98	2.0
73.31	3.0
73.65	4.0
73.98	1.0
74.3	2.0
74.63	3.0
74.98	4.0
75.3	1.0
75.66	2.0
75.99	3.0
76.33	4.0
76.67	1.0
77.0	2.0
77.32	3.0
77.66	4.0
78.0	1.0
78.33	2.0
78.67	3.0
79.0	4.0
79.35	1.0
79.68	2.0
80.02	3.0
80.36	4.0
80.7	1.0
81.04	2.0
81.37	3.0
81.72	4.0
82.06	1.0
82.4	2.0
82.74	3.0
83.08	4.0
83.42	1.0
83.76	2.0
84.09	3.0
84.43	4.0
84.77	1.0
85.1	2.0
85.43	3.0
85.75	4.0
86.08	1.0
86.42	2.0
86.77	3.0
87.1	4.0
87.43	1.0
87.78	2.0
88.12	3.0
88.46	4.0
88.78	1.0
89.12	2.0
89.47	3.0
89.8	4.0
90.13	1.0
90.49	2.0
90.83	3.0
91.17	4.0
91.5	1.0
91.83	2.0
92.18	3.0
92.52	4.0
92.86	1.0
93.2	2.0
93.53	3.0
93.87	4.0
94.22	1.0
94.56	2.0
94.9	3.0
95.23	4.0
95.57	1.0
95.9	2.0
96.24	3.0
96.58	4.0
96.92	1.0
97.26	2.0
97.6	3.0
97.93	4.0
98.28	1.0
98.61	2.0
98.94	3.0
99.3	4.0
99.63	1.0
99.98	2.0
100.31	3.0
100.65	4.0
100.99	1.0
101.32	2.0
101.65	3.0
101.99	4.0
102.34	1.0
102.67	2.0
103.0	3.0
103.35	4.0
103.7	1.0
104.02	2.0
104.35	3.0
104.69	4.0
105.02	1.0
105.36	2.0
105.7	3.0
106.03	4.0
106.37	1.0
106.71	2.0
107.04	3.0
107.38	4.0
107.72	1.0
108.06	2.0
108.39	3.0
108.73	4.0
109.07	1.0
109.4	2.0
109.73	3.0
110.06	4.0
110.4	1.0
110.74	2.0
111.07	3.0
111.4	4.0
111.74	1.0
112.06	2.0
112.39	3.0
112.73	4.0
113.07	1.0
113.4	2.0
113.74	3.0
114.08	4.0
114.41	1.0
114.75	2.0
115.08	3.0
115.41	4.0
115.74	1.0
116.07	2.0
116.4	3.0
116.74	4.0
117.06	1.0
117.39	2.0
117.71	3.0
118.06	4.0
118.37	1.0
118.7	2.0
119.04	3.0
119.36	4.0
119.7	1.0
120.02	2.0
120.36	3.0
120.69	4.0
121.03	1.0
121.36	2.0
121.69	3.0
122.03	4.0
122.36	1.0
122.7	2.0
123.04	3.0
123.37	4.0
123.71	1.0
124.05	2.0
124.38	3.0
124.71	4.0
125.04	1.0
125.38	2.0
125.7	3.0
126.05	4.0
126.37	1.0
126.71	2.0
127.07	3.0
127.41	4.0
127.74	1.0
128.05	2.0
128.38	3.0
128.71	4.0
129.07	1.0
129.41	2.0
129.75	3.0
130.09	4.0
130.42	1.0
130.75	2.0
131.09	3.0
131.42	4.0
131.76	1.0
132.1	2.0
132.43	3.0
132.76	4.0
133.1	1.0
133.42	2.0
133.75	3.0
134.06	4.0
134.38	1.0
134.7	2.0
135.03	3.0
135.37	4.0
135.7	1.0
136.04	2.0
136.38	3.0
136.72	4.0
137.05	1.0
137.38	2.0
137.71	3.0
138.04	4.0
138.38	1.0
138.71	2.0
139.03	3.0
139.35	4.0
139.68	1.0
140.02	2.0
140.35	3.0
140.67	4.0
141.02	1.0
141.35	2.0
141.67	3.0
142.01	4.0
142.35	1.0
142.68	2.0
143.02	3.0
143.36	4.0
143.7	1.0
144.03	2.0
144.36	3.0
144.71	4.0
145.04	1.0
145.38	2.0
145.72	3.0
146.05	4.0
146.4	1.0
146.72	2.0
147.06	3.0
147.39	4.0
147.72	1.0
148.06	2.0
