0.64	4.0
1.0	1.0
1.36	2.0
1.7	3.0
2.07	4.0
2.43	1.0
2.79	2.0
3.14	3.0
3.49	4.0
3.85	1.0
4.21	2.0
4.56	3.0
4.91	4.0
5.28	1.0
5.64	2.0
5.98	3.0
6.33	4.0
6.69	1.0
7.05	2.0
7.41	3.0
7.76	4.0
8.12	1.0
8.49	2.0
8.84	3.0
9.21	4.0
9.58	1.0
9.93	2.0
10.29	3.0
10.65	4.0
11.02	1.0
11.39	2.0
11.74	3.0
12.1	4.0
12.47	1.0
12.83	2.0
13.18	3.0
13.54	4.0
13.91	1.0
14.27	2.0
14.62	3.0
14.99	4.0
15.37	1.0
15.72	2.0
16.08	3.0
16.44	4.0
16.81	1.0
17.16	2.0
17.52	3.0
17.89	4.0
18.26	1.0
18.62	2.0
18.98	3.0
19.34	4.0
19.7	1.0
20.07	2.0
20.43	3.0
20.79	4.0
21.17	1.0
21.53	2.0
21.89	3.0
22.25	4.0
22.62	1.0
22.98	2.0
23.33	3.0
23.71	4.0
24.07	1.0
24.43	2.0
24.78	3.0
25.15	4.0
25.5	1.0
25.87	2.0
26.23	3.0
26.59	4.0
26.95	1.0
27.31	2.0
27.66	3.0
28.02	4.0
28.38	1.0
28.74	2.0
29.1	3.0
29.46	4.0
29.82	1.0
30.18	2.0
30.54	3.0
30.89	4.0
31.26	1.0
31.61	2.0
31.98	3.0
32.33	4.0
32.69	1.0
33.06	2.0
33.42	3.0
33.77	4.0
34.13	1.0
34.5	2.0
34.85	3.0
35.22	4.0
35.58	1.0
35.94	2.0
36.29	3.0
36.66	4.0
37.03	1.0
37.39	2.0
37.74	3.0
38.11	4.0
38.47	1.0
38.83	2.0
39.18	3.0
39.55	4.0
39.91	1.0
40.27	2.0
40.63	3.0
41.0	4.0
41.36	1.0
41.72	2.0
42.08	3.0
42.45	4.0
42.82	1.0
43.17	2.0
43.53	3.0
43.9	4.0
44.26	1.0
44.63	2.0
44.99	3.0
45.35	4.0
45.7	1.0
46.07	2.0
46.43	3.0
46.8	4.0
47.17	1.0
47.53	2.0
47.89	3.0
48.25	4.0
48.61	1.0
48.97	2.0
49.34	3.0
49.69	4.0
50.06	1.0
50.42	2.0
50.77	3.0
51.14	4.0
51.51	1.0
51.88	2.0
52.23	3.0
52.6	4.0
52.97	1.0
53.34	2.0
53.69	3.0
54.04	4.0
54.4	1.0
54.77	2.0
55.13	3.0
55.5	4.0
55.85	1.0
56.21	2.0
56.56	3.0
56.91	4.0
57.27	1.0
57.63	2.0
57.96	3.0
58.32	4.0
58.67	1.0
59.03	2.0
59.38	3.0
59.74	4.0
60.09	1.0
60.45	2.0
60.82	3.0
61.16	4.0
61.51	1.0
61.87	2.0
62.22	3.0
62.56	4.0
62.91	1.0
63.27	2.0
63.61	3.0
63.97	4.0
64.33	1.0
64.68	2.0
65.04	3.0
65.4	4.0
65.77	1.0
66.12	2.0
66.48	3.0
66.83	4.0
67.19	1.0
67.55	2.0
67.91	3.0
68.26	4.0
68.62	1.0
68.98	2.0
69.33	3.0
69.69	4.0
70.05	1.0
70.41	2.0
70.76	3.0
71.11	4.0
71.47	1.0
71.84	2.0
72.19	3.0
72.56	4.0
72.91	1.0
73.27	2.0
73.63	3.0
73.99	4.0
74.34	1.0
74.7	2.0
75.05	3.0
75.41	4.0
75.77	1.0
76.13	2.0
76.49	3.0
76.84	4.0
77.2	1.0
77.57	2.0
77.92	3.0
78.28	4.0
78.64	1.0
79.0	2.0
79.35	3.0
79.71	4.0
80.07	1.0
80.43	2.0
80.79	3.0
81.15	4.0
81.52	1.0
81.88	2.0
82.24	3.0
82.6	4.0
82.96	1.0
83.32	2.0
83.67	3.0
84.04	4.0
84.4	1.0
84.74	2.0
85.08	3.0
85.44	4.0
85.81	1.0
86.18	2.0
86.54	3.0
86.9	4.0
87.26	1.0
87.61	2.0
87.96	3.0
88.31	4.0
88.66	1.0
89.01	2.0
89.35	3.0
89.71	4.0
90.07	1.0
90.42	2.0
90.76	3.0
91.12	4.0
91.46	1.0
91.81	2.0
92.15	3.0
92.5	4.0
92.86	1.0
93.2	2.0
93.55	3.0
93.9	4.0
94.26	1.0
94.61	2.0
94.95	3.0
95.3	4.0
95.65	1.0
96.02	2.0
96.38	3.0
96.73	4.0
97.1	1.0
97.45	2.0
97.81	3.0
98.17	4.0
98.53	1.0
98.89	2.0
99.24	3.0
99.6	4.0
99.96	1.0
100.32	2.0
100.67	3.0
101.03	4.0
101.39	1.0
101.75	2.0
102.1	3.0
102.46	4.0
102.82	1.0
103.18	2.0
103.54	3.0
103.9	4.0
104.26	1.0
104.62	2.0
104.97	3.0
105.33	4.0
105.68	1.0
106.04	2.0
106.4	3.0
106.75	4.0
107.11	1.0
107.48	2.0
107.83	3.0
108.19	4.0
108.55	1.0
108.91	2.0
109.26	3.0
109.62	4.0
109.98	1.0
110.35	2.0
110.7	3.0
111.06	4.0
111.42	1.0
111.78	2.0
112.13	3.0
112.49	4.0
112.87	1.0
113.22	2.0
113.57	3.0
113.94	4.0
114.3	1.0
114.66	2.0
115.01	3.0
115.37	4.0
115.74	1.0
116.1	2.0
116.45	3.0
116.81	4.0
117.19	1.0
117.55	2.0
117.89	3.0
118.27	4.0
118.63	1.0
118.97	2.0
119.32	3.0
119.68	4.0
120.03	1.0
120.39	2.0
120.75	3.0
121.09	4.0
121.45	1.0
121.8	2.0
122.16	3.0
122.5	4.0
122.85	1.0
123.21	2.0
123.56	3.0
123.91	4.0
124.27	1.0
124.61	2.0
124.97	3.0
125.32	4.0
125.66	1.0
126.01	2.0
126.35	3.0
126.7	4.0
127.06	1.0
127.4	2.0
127.76	3.0
128.12	4.0
128.48	1.0
128.83	2.0
129.19	3.0
129.55	4.0
129.9	1.0
130.26	2.0
130.62	3.0
130.98	4.0
131.34	1.0
131.7	2.0
132.05	3.0
132.41	4.0
132.77	1.0
133.13	2.0
133.49	3.0
133.85	4.0
134.2	1.0
134.57	2.0
134.93	3.0
135.3	4.0
135.66	1.0
136.02	2.0
136.38	3.0
136.73	4.0
137.09	1.0
137.45	2.0
137.8	3.0
138.16	4.0
138.52	1.0
138.89	2.0
139.24	3.0
139.6	4.0
139.96	1.0
140.31	2.0
140.67	3.0
141.04	4.0
141.4	1.0
141.75	2.0
142.12	3.0
142.47	4.0
142.83	1.0
143.19	2.0
143.55	3.0
143.91	4.0
144.28	1.0
144.63	2.0
144.98	3.0
145.34	4.0
145.7	1.0
146.06	2.0
146.42	3.0
146.79	4.0
147.15	1.0
147.51	2.0
147.88	3.0
148.25	4.0
