0.48	1.0
0.93	2.0
1.38	3.0
1.82	4.0
2.26	1.0
2.7	2.0
3.16	3.0
3.6	4.0
4.06	1.0
4.51	2.0
4.96	3.0
5.4	4.0
5.82	1.0
6.28	2.0
6.7	3.0
7.16	4.0
7.58	1.0
8.04	2.0
8.47	3.0
8.92	4.0
9.35	1.0
9.8	2.0
10.23	3.0
10.66	4.0
11.07	1.0
11.53	2.0
11.97	3.0
12.42	4.0
12.87	1.0
13.3	2.0
13.76	3.0
14.2	4.0
14.65	1.0
15.1	2.0
15.55	3.0
15.99	4.0
16.43	1.0
16.88	2.0
17.35	3.0
17.79	4.0
18.25	1.0
18.7	2.0
19.15	3.0
19.59	4.0
20.04	1.0
20.48	2.0
20.93	3.0
21.38	4.0
21.82	1.0
22.26	2.0
22.72	3.0
23.16	4.0
23.61	1.0
24.05	2.0
24.49	3.0
24.92	4.0
25.35	1.0
25.8	2.0
26.27	3.0
26.71	4.0
27.16	1.0
27.61	2.0
28.06	3.0
28.5	4.0
28.95	1.0
29.41	2.0
29.86	3.0
30.31	4.0
30.75	1.0
31.2	2.0
31.67	3.0
32.11	4.0
32.56	1.0
33.01	2.0
33.45	3.0
33.91	4.0
34.39	1.0
34.84	2.0
35.31	3.0
35.76	4.0
36.21	1.0
36.63	2.0
37.09	3.0
37.54	4.0
37.98	1.0
38.42	2.0
38.87	3.0
39.33	4.0
39.79	1.0
40.22	2.0
40.68	3.0
41.12	4.0
41.58	1.0
42.02	2.0
42.47	3.0
42.92	4.0
43.36	1.0
43.8	2.0
44.25	3.0
44.7	4.0
45.16	1.0
45.62	2.0
46.07	3.0
46.52	4.0
46.98	1.0
47.44	2.0
47.89	3.0
48.34	4.0
48.78	1.0
49.22	2.0
49.67	3.0
50.1	4.0
50.57	1.0
51.01	2.0
51.46	3.0
51.91	4.0
52.36	1.0
52.81	2.0
53.25	3.0
53.69	4.0
54.14	1.0
54.59	2.0
55.05	3.0
55.5	4.0
55.95	1.0
56.4	2.0
56.86	3.0
57.3	4.0
57.76	1.0
58.22	2.0
58.67	3.0
59.12	4.0
59.58	1.0
60.04	2.0
60.49	3.0
60.92	4.0
61.38	1.0
61.84	2.0
62.28	3.0
62.74	4.0
63.19	1.0
63.64	2.0
64.09	3.0
64.53	4.0
64.97	1.0
65.44	2.0
65.87	3.0
66.33	4.0
66.75	1.0
67.2	2.0
67.65	3.0
68.08	4.0
68.53	1.0
68.97	2.0
69.44	3.0
69.87	4.0
70.34	1.0
70.79	2.0
71.25	3.0
71.69	4.0
72.14	1.0
72.58	2.0
73.04	3.0
73.49	4.0
73.93	1.0
74.39	2.0
74.86	3.0
75.31	4.0
75.77	1.0
76.21	2.0
76.66	3.0
77.11	4.0
77.58	1.0
78.02	2.0
78.48	3.0
78.93	4.0
79.39	1.0
79.83	2.0
80.29	3.0
80.73	4.0
81.18	1.0
81.63	2.0
82.1	3.0
82.55	4.0
83.0	1.0
83.45	2.0
83.9	3.0
84.35	4.0
84.81	1.0
85.26	2.0
85.74	3.0
86.18	4.0
86.64	1.0
87.09	2.0
87.53	3.0
87.98	4.0
88.45	1.0
88.9	2.0
89.36	3.0
89.8	4.0
90.27	1.0
90.71	2.0
91.17	3.0
91.62	4.0
92.06	1.0
92.51	2.0
92.97	3.0
93.41	4.0
93.87	1.0
94.31	2.0
94.76	3.0
95.22	4.0
95.65	1.0
96.08	2.0
96.53	3.0
96.98	4.0
97.42	1.0
97.88	2.0
98.33	3.0
98.78	4.0
99.23	1.0
99.67	2.0
100.14	3.0
100.58	4.0
101.03	1.0
101.48	2.0
101.95	3.0
102.41	4.0
102.86	1.0
103.31	2.0
103.75	3.0
