0.65	4.0
1.1	1.0
1.53	2.0
1.98	3.0
2.4	4.0
2.85	1.0
3.3	2.0
3.74	3.0
4.16	4.0
4.61	1.0
5.06	2.0
5.49	3.0
5.92	4.0
6.35	1.0
6.79	2.0
7.23	3.0
7.66	4.0
8.1	1.0
8.55	2.0
9.0	3.0
9.44	4.0
9.88	1.0
10.34	2.0
10.79	3.0
11.24	4.0
11.68	1.0
12.15	2.0
12.59	3.0
13.05	4.0
13.5	1.0
13.97	2.0
14.41	3.0
14.87	4.0
15.32	1.0
15.77	2.0
16.23	3.0
16.68	4.0
17.14	1.0
17.59	2.0
18.05	3.0
18.49	4.0
18.94	1.0
19.4	2.0
19.85	3.0
20.3	4.0
20.76	1.0
21.22	2.0
21.67	3.0
22.12	4.0
22.57	1.0
23.02	2.0
23.47	3.0
23.93	4.0
24.38	1.0
24.83	2.0
25.28	3.0
25.74	4.0
26.19	1.0
26.65	2.0
27.1	3.0
27.56	4.0
28.02	1.0
28.48	2.0
28.91	3.0
29.37	4.0
29.82	1.0
30.27	2.0
30.72	3.0
31.18	4.0
31.64	1.0
32.09	2.0
32.54	3.0
32.99	4.0
33.44	1.0
33.9	2.0
34.35	3.0
34.81	4.0
35.26	1.0
35.72	2.0
36.17	3.0
36.62	4.0
37.07	1.0
37.54	2.0
37.99	3.0
38.45	4.0
38.91	1.0
39.36	2.0
39.8	3.0
40.26	4.0
40.7	1.0
41.17	2.0
41.62	3.0
42.08	4.0
42.52	1.0
42.98	2.0
43.43	3.0
43.88	4.0
44.33	1.0
44.8	2.0
45.25	3.0
45.71	4.0
46.16	1.0
46.62	2.0
47.08	3.0
47.52	4.0
47.97	1.0
48.44	2.0
48.9	3.0
49.36	4.0
49.82	1.0
50.28	2.0
50.72	3.0
51.17	4.0
51.6	1.0
52.05	2.0
52.51	3.0
52.95	4.0
53.39	1.0
53.84	2.0
54.29	3.0
54.75	4.0
55.19	1.0
55.66	2.0
56.12	3.0
56.57	4.0
57.02	1.0
57.48	2.0
57.93	3.0
58.38	4.0
58.84	1.0
59.29	2.0
59.75	3.0
60.21	4.0
60.66	1.0
61.12	2.0
61.57	3.0
62.04	4.0
62.5	1.0
62.95	2.0
63.42	3.0
63.87	4.0
64.33	1.0
64.79	2.0
65.24	3.0
65.71	4.0
66.16	1.0
66.63	2.0
67.08	3.0
67.53	4.0
67.98	1.0
68.45	2.0
68.9	3.0
69.35	4.0
69.81	1.0
70.27	2.0
70.72	3.0
71.19	4.0
71.64	1.0
72.11	2.0
72.56	3.0
73.02	4.0
73.5	1.0
73.96	2.0
74.41	3.0
74.88	4.0
75.32	1.0
75.78	2.0
76.23	3.0
76.7	4.0
77.15	1.0
77.62	2.0
78.07	3.0
78.54	4.0
78.99	1.0
79.45	2.0
79.89	3.0
80.35	4.0
80.79	1.0
81.26	2.0
81.71	3.0
82.16	4.0
82.62	1.0
83.08	2.0
83.52	3.0
83.99	4.0
84.44	1.0
84.9	2.0
85.37	3.0
85.82	4.0
86.27	1.0
86.73	2.0
87.19	3.0
87.64	4.0
88.09	1.0
88.55	2.0
89.01	3.0
89.46	4.0
89.91	1.0
90.36	2.0
90.82	3.0
91.29	4.0
91.75	1.0
92.21	2.0
92.67	3.0
93.11	4.0
93.58	1.0
94.04	2.0
94.5	3.0
94.97	4.0
95.43	1.0
95.89	2.0
96.35	3.0
96.81	4.0
97.26	1.0
97.72	2.0
98.17	3.0
98.64	4.0
99.1	1.0
99.57	2.0
100.02	3.0
100.48	4.0
100.94	1.0
101.4	2.0
101.85	3.0
102.32	4.0
102.78	1.0
103.24	2.0
103.69	3.0
104.16	4.0
104.62	1.0
105.08	2.0
105.53	3.0
106.0	4.0
106.45	1.0
106.92	2.0
107.38	3.0
107.84	4.0
108.29	1.0
108.77	2.0
109.21	3.0
109.68	4.0
110.13	1.0
110.58	2.0
111.05	3.0
111.51	4.0
111.96	1.0
112.42	2.0
112.88	3.0
113.35	4.0
113.8	1.0
114.26	2.0
114.72	3.0
115.17	4.0
115.62	1.0
116.09	2.0
116.53	3.0
116.98	4.0
117.42	1.0
117.88	2.0
118.34	3.0
118.8	4.0
119.26	1.0
119.72	2.0
120.16	3.0
120.62	4.0
121.09	1.0
121.56	2.0
122.01	3.0
122.47	4.0
122.94	1.0
123.39	2.0
123.85	3.0
124.31	4.0
124.75	1.0
125.21	2.0
125.66	3.0
126.13	4.0
126.6	1.0
127.05	2.0
127.51	3.0
127.97	4.0
128.42	1.0
128.88	2.0
129.34	3.0
129.8	4.0
130.25	1.0
130.71	2.0
131.15	3.0
131.61	4.0
132.08	1.0
132.53	2.0
132.99	3.0
133.46	4.0
133.9	1.0
134.37	2.0
134.83	3.0
135.29	4.0
135.75	1.0
136.22	2.0
136.68	3.0
137.14	4.0
137.59	1.0
138.04	2.0
138.49	3.0
138.93	4.0
139.38	1.0
139.82	2.0
140.27	3.0
140.73	4.0
141.19	1.0
141.65	2.0
142.1	3.0
142.56	4.0
143.03	1.0
143.48	2.0
143.94	3.0
144.4	4.0
144.85	1.0
145.32	2.0
145.77	3.0
146.23	4.0
