0.45	1.0
0.89	2.0
1.35	3.0
1.8	4.0
2.24	1.0
2.67	2.0
3.13	3.0
3.55	4.0
3.99	1.0
4.45	2.0
4.89	3.0
5.33	4.0
5.76	1.0
6.2	2.0
6.64	3.0
7.05	4.0
7.49	1.0
7.92	2.0
8.35	3.0
8.78	4.0
9.21	1.0
9.64	2.0
10.08	3.0
10.5	4.0
10.95	1.0
11.37	2.0
11.82	3.0
12.24	4.0
12.69	1.0
13.11	2.0
13.56	3.0
13.99	4.0
14.43	1.0
14.86	2.0
15.31	3.0
15.73	4.0
16.17	1.0
16.6	2.0
17.04	3.0
17.46	4.0
17.9	1.0
18.33	2.0
18.76	3.0
19.2	4.0
19.64	1.0
20.07	2.0
20.51	3.0
20.93	4.0
21.37	1.0
21.8	2.0
22.24	3.0
22.66	4.0
23.1	1.0
23.52	2.0
23.96	3.0
24.38	4.0
24.82	1.0
25.25	2.0
25.68	3.0
26.1	4.0
26.54	1.0
26.97	2.0
27.4	3.0
27.82	4.0
28.26	1.0
28.67	2.0
29.11	3.0
29.54	4.0
29.97	1.0
30.39	2.0
30.83	3.0
31.25	4.0
31.7	1.0
32.11	2.0
32.55	3.0
32.98	4.0
33.42	1.0
33.84	2.0
34.28	3.0
34.69	4.0
35.14	1.0
35.58	2.0
36.01	3.0
36.44	4.0
36.87	1.0
37.3	2.0
37.73	3.0
38.16	4.0
38.61	1.0
39.02	2.0
39.47	3.0
39.89	4.0
40.33	1.0
40.75	2.0
41.19	3.0
41.61	4.0
42.05	1.0
42.48	2.0
42.93	3.0
43.34	4.0
43.79	1.0
44.21	2.0
44.64	3.0
45.07	4.0
45.51	1.0
45.94	2.0
46.37	3.0
46.78	4.0
47.21	1.0
47.64	2.0
48.07	3.0
48.5	4.0
48.93	1.0
49.35	2.0
49.78	3.0
50.2	4.0
50.65	1.0
51.06	2.0
51.51	3.0
51.92	4.0
52.36	1.0
52.79	2.0
53.22	3.0
53.64	4.0
54.09	1.0
54.5	2.0
54.95	3.0
55.37	4.0
55.8	1.0
56.22	2.0
56.66	3.0
57.07	4.0
57.51	1.0
57.93	2.0
58.36	3.0
58.78	4.0
59.22	1.0
59.64	2.0
60.07	3.0
60.49	4.0
60.93	1.0
61.35	2.0
61.77	3.0
62.2	4.0
62.63	1.0
63.07	2.0
63.49	3.0
63.95	4.0
64.38	1.0
64.82	2.0
65.26	3.0
65.69	4.0
66.14	1.0
66.61	2.0
67.05	3.0
67.51	4.0
67.94	1.0
68.38	2.0
68.81	3.0
69.23	4.0
69.66	1.0
70.1	2.0
70.52	3.0
70.97	4.0
71.4	1.0
71.83	2.0
72.26	3.0
72.69	4.0
73.13	1.0
73.56	2.0
74.0	3.0
74.43	4.0
74.87	1.0
75.32	2.0
75.75	3.0
76.18	4.0
76.58	1.0
77.02	2.0
77.44	3.0
77.87	4.0
78.3	1.0
78.72	2.0
79.17	3.0
79.59	4.0
80.03	1.0
80.45	2.0
80.91	3.0
81.33	4.0
81.76	1.0
82.19	2.0
82.63	3.0
83.06	4.0
83.5	1.0
83.93	2.0
84.37	3.0
84.8	4.0
85.23	1.0
85.66	2.0
86.09	3.0
86.51	4.0
86.97	1.0
87.39	2.0
87.84	3.0
88.26	4.0
88.7	1.0
89.13	2.0
89.55	3.0
89.98	4.0
90.41	1.0
90.83	2.0
91.26	3.0
91.69	4.0
92.13	1.0
92.55	2.0
93.0	3.0
93.41	4.0
93.84	1.0
94.27	2.0
94.72	3.0
95.13	4.0
95.58	1.0
96.0	2.0
96.44	3.0
96.86	4.0
97.28	1.0
97.7	2.0
98.13	3.0
98.56	4.0
98.99	1.0
99.41	2.0
99.85	3.0
100.27	4.0
100.72	1.0
101.13	2.0
101.57	3.0
101.99	4.0
102.44	1.0
102.87	2.0
103.31	3.0
103.74	4.0
104.18	1.0
104.62	2.0
105.05	3.0
105.49	4.0
105.93	1.0
106.35	2.0
106.78	3.0
107.22	4.0
107.67	1.0
108.14	2.0
108.58	3.0
109.03	4.0
109.47	1.0
109.92	2.0
110.35	3.0
110.76	4.0
111.19	1.0
111.63	2.0
112.06	3.0
112.5	4.0
112.94	1.0
113.37	2.0
113.8	3.0
114.23	4.0
114.66	1.0
115.09	2.0
115.53	3.0
115.96	4.0
116.4	1.0
116.83	2.0
117.26	3.0
117.69	4.0
118.11	1.0
118.53	2.0
118.96	3.0
119.39	4.0
119.84	1.0
120.26	2.0
120.7	3.0
121.14	4.0
121.58	1.0
122.0	2.0
122.46	3.0
122.88	4.0
123.34	1.0
123.76	2.0
124.21	3.0
124.64	4.0
125.09	1.0
125.52	2.0
125.96	3.0
126.39	4.0
126.84	1.0
127.26	2.0
127.7	3.0
128.13	4.0
128.59	1.0
129.01	2.0
129.47	3.0
129.9	4.0
130.34	1.0
130.76	2.0
131.2	3.0
131.63	4.0
132.07	1.0
132.5	2.0
132.93	3.0
133.34	4.0
133.79	1.0
134.21	2.0
134.64	3.0
135.06	4.0
135.51	1.0
135.94	2.0
136.37	3.0
136.78	4.0
137.23	1.0
137.66	2.0
138.09	3.0
138.51	4.0
138.95	1.0
139.37	2.0
139.81	3.0
140.23	4.0
140.67	1.0
141.09	2.0
141.51	3.0
141.95	4.0
142.38	1.0
142.8	2.0
143.23	3.0
143.65	4.0
144.09	1.0
144.52	2.0
144.96	3.0
145.39	4.0
145.82	1.0
146.23	2.0
146.66	3.0
147.08	4.0
147.51	1.0
147.94	2.0
148.38	3.0
148.81	4.0
149.25	1.0
149.66	2.0
150.1	3.0
150.54	4.0
150.98	1.0
151.41	2.0
151.86	3.0
152.29	4.0
152.73	1.0
153.17	2.0
153.64	3.0
154.08	4.0
154.54	1.0
154.98	2.0
155.4	3.0
155.86	4.0
156.3	1.0
156.74	2.0
157.17	3.0
157.61	4.0
158.04	1.0
158.48	2.0
158.92	3.0
