0.45	1.0
0.81	2.0
1.16	3.0
1.51	4.0
1.9	1.0
2.27	2.0
2.63	3.0
2.99	4.0
3.37	1.0
3.74	2.0
4.1	3.0
4.46	4.0
4.82	1.0
5.19	2.0
5.56	3.0
5.9	4.0
6.27	1.0
6.61	2.0
6.98	3.0
7.32	4.0
7.68	1.0
8.04	2.0
8.4	3.0
8.75	4.0
9.11	1.0
9.47	2.0
9.82	3.0
10.18	4.0
10.56	1.0
10.91	2.0
11.27	3.0
11.63	4.0
11.99	1.0
12.36	2.0
12.72	3.0
13.07	4.0
13.45	1.0
13.8	2.0
14.17	3.0
14.53	4.0
14.89	1.0
15.24	2.0
15.6	3.0
15.96	4.0
16.34	1.0
16.7	2.0
17.06	3.0
17.42	4.0
17.78	1.0
18.13	2.0
18.49	3.0
18.84	4.0
19.22	1.0
19.58	2.0
19.95	3.0
20.3	4.0
20.69	1.0
21.04	2.0
21.42	3.0
21.78	4.0
22.15	1.0
22.51	2.0
22.88	3.0
23.23	4.0
23.6	1.0
23.95	2.0
24.32	3.0
24.69	4.0
25.04	1.0
25.41	2.0
25.77	3.0
26.13	4.0
26.5	1.0
26.85	2.0
27.22	3.0
27.58	4.0
27.94	1.0
28.3	2.0
28.67	3.0
29.01	4.0
29.39	1.0
29.74	2.0
30.1	3.0
30.45	4.0
30.83	1.0
31.19	2.0
31.55	3.0
31.9	4.0
32.27	1.0
32.63	2.0
32.99	3.0
33.35	4.0
33.72	1.0
34.07	2.0
34.43	3.0
34.78	4.0
35.16	1.0
35.5	2.0
35.88	3.0
36.23	4.0
36.6	1.0
36.96	2.0
37.32	3.0
37.67	4.0
38.05	1.0
38.42	2.0
38.79	3.0
39.14	4.0
39.52	1.0
39.88	2.0
40.25	3.0
40.61	4.0
40.98	1.0
41.33	2.0
41.7	3.0
42.06	4.0
42.42	1.0
42.79	2.0
43.15	3.0
43.52	4.0
43.88	1.0
44.24	2.0
44.61	3.0
44.96	4.0
45.34	1.0
45.71	2.0
46.07	3.0
46.43	4.0
46.8	1.0
47.16	2.0
47.52	3.0
47.89	4.0
48.26	1.0
48.61	2.0
48.97	3.0
49.33	4.0
49.69	1.0
50.06	2.0
50.42	3.0
50.78	4.0
51.16	1.0
51.52	2.0
51.9	3.0
52.26	4.0
52.63	1.0
52.99	2.0
53.35	3.0
53.71	4.0
54.09	1.0
54.45	2.0
54.82	3.0
55.19	4.0
55.56	1.0
55.93	2.0
56.29	3.0
56.66	4.0
57.04	1.0
57.39	2.0
57.76	3.0
58.13	4.0
58.48	1.0
58.85	2.0
59.22	3.0
59.58	4.0
59.96	1.0
60.32	2.0
60.69	3.0
61.04	4.0
61.42	1.0
61.77	2.0
62.14	3.0
62.51	4.0
62.89	1.0
63.24	2.0
63.63	3.0
63.99	4.0
64.37	1.0
64.72	2.0
65.1	3.0
65.46	4.0
65.83	1.0
66.18	2.0
66.56	3.0
66.91	4.0
67.29	1.0
67.65	2.0
68.02	3.0
68.37	4.0
68.75	1.0
69.1	2.0
69.48	3.0
69.84	4.0
70.21	1.0
70.56	2.0
70.94	3.0
71.3	4.0
71.66	1.0
72.02	2.0
72.4	3.0
72.76	4.0
73.14	1.0
73.5	2.0
73.87	3.0
74.23	4.0
74.6	1.0
74.97	2.0
75.34	3.0
75.7	4.0
76.06	1.0
76.43	2.0
76.79	3.0
77.16	4.0
77.52	1.0
77.89	2.0
78.27	3.0
78.62	4.0
79.0	1.0
79.36	2.0
79.73	3.0
80.1	4.0
80.47	1.0
80.82	2.0
81.2	3.0
81.57	4.0
81.95	1.0
82.31	2.0
82.68	3.0
83.05	4.0
83.42	1.0
83.77	2.0
84.14	3.0
84.51	4.0
84.87	1.0
85.24	2.0
85.6	3.0
85.97	4.0
86.35	1.0
86.7	2.0
87.08	3.0
87.45	4.0
87.81	1.0
88.17	2.0
88.54	3.0
88.9	4.0
89.27	1.0
89.64	2.0
90.01	3.0
90.37	4.0
90.74	1.0
91.11	2.0
91.49	3.0
91.85	4.0
92.22	1.0
92.6	2.0
92.97	3.0
93.32	4.0
93.71	1.0
94.07	2.0
94.45	3.0
94.82	4.0
95.19	1.0
95.54	2.0
95.93	3.0
96.29	4.0
96.66	1.0
97.03	2.0
97.41	3.0
97.77	4.0
98.15	1.0
98.5	2.0
98.88	3.0
99.24	4.0
99.61	1.0
99.99	2.0
100.37	3.0
100.72	4.0
101.11	1.0
101.46	2.0
101.85	3.0
102.2	4.0
102.57	1.0
102.95	2.0
103.32	3.0
103.68	4.0
104.06	1.0
104.42	2.0
104.8	3.0
105.16	4.0
105.52	1.0
105.89	2.0
106.25	3.0
106.62	4.0
107.0	1.0
107.36	2.0
107.74	3.0
108.1	4.0
108.48	1.0
108.83	2.0
109.2	3.0
109.57	4.0
109.96	1.0
110.32	2.0
110.69	3.0
111.04	4.0
111.41	1.0
111.76	2.0
112.15	3.0
112.52	4.0
112.88	1.0
113.25	2.0
113.62	3.0
113.99	4.0
114.36	1.0
114.72	2.0
115.1	3.0
115.46	4.0
115.83	1.0
116.2	2.0
116.57	3.0
116.93	4.0
117.31	1.0
117.67	2.0
118.04	3.0
118.4	4.0
118.78	1.0
119.15	2.0
119.52	3.0
119.88	4.0
120.27	1.0
120.63	2.0
121.01	3.0
121.37	4.0
121.76	1.0
122.12	2.0
122.5	3.0
122.86	4.0
123.24	1.0
123.6	2.0
123.98	3.0
124.35	4.0
124.72	1.0
125.09	2.0
125.46	3.0
125.83	4.0
126.21	1.0
126.57	2.0
126.95	3.0
127.31	4.0
127.69	1.0
128.04	2.0
128.43	3.0
128.79	4.0
129.17	1.0
129.54	2.0
129.91	3.0
130.28	4.0
130.65	1.0
131.02	2.0
131.39	3.0
131.76	4.0
132.13	1.0
132.49	2.0
132.86	3.0
133.23	4.0
133.6	1.0
133.96	2.0
134.34	3.0
134.7	4.0
135.07	1.0
135.44	2.0
135.82	3.0
136.18	4.0
136.56	1.0
136.93	2.0
137.31	3.0
137.68	4.0
138.06	1.0
138.43	2.0
138.81	3.0
139.17	4.0
139.55	1.0
139.91	2.0
140.29	3.0
140.65	4.0
141.03	1.0
141.39	2.0
141.77	3.0
142.14	4.0
142.51	1.0
142.88	2.0
143.26	3.0
143.63	4.0
144.0	1.0
144.37	2.0
144.73	3.0
145.09	4.0
145.48	1.0
145.84	2.0
146.2	3.0
146.58	4.0
146.95	1.0
147.31	2.0
147.68	3.0
148.03	4.0
148.42	1.0
148.78	2.0
149.15	3.0
149.5	4.0
149.87	1.0
150.24	2.0
150.61	3.0
150.97	4.0
151.34	1.0
151.71	2.0
152.09	3.0
152.45	4.0
152.83	1.0
153.18	2.0
153.55	3.0
153.91	4.0
154.28	1.0
154.63	2.0
155.01	3.0
155.36	4.0
155.75	1.0
156.1	2.0
156.49	3.0
156.85	4.0
157.23	1.0
157.6	2.0
157.97	3.0
158.33	4.0
158.71	1.0
159.06	2.0
159.44	3.0
159.8	4.0
160.18	1.0
160.55	2.0
160.93	3.0
161.29	4.0
161.67	1.0
162.03	2.0
162.4	3.0
162.77	4.0
163.13	1.0
163.51	2.0
163.89	3.0
164.26	4.0
164.63	1.0
164.99	2.0
165.36	3.0
165.72	4.0
166.1	1.0
166.47	2.0
166.85	3.0
167.21	4.0
167.59	1.0
167.95	2.0
168.33	3.0
168.69	4.0
169.08	1.0
169.45	2.0
169.84	3.0
170.21	4.0
170.6	1.0
170.97	2.0
171.35	3.0
