0.62	4.0
0.93	1.0
1.26	2.0
1.6	3.0
1.94	4.0
2.3	1.0
2.64	2.0
3.0	3.0
3.34	4.0
3.68	1.0
4.0	2.0
4.35	3.0
4.69	4.0
5.02	1.0
5.38	2.0
5.7	3.0
6.04	4.0
6.39	1.0
6.73	2.0
7.07	3.0
7.42	4.0
7.77	1.0
8.12	2.0
8.48	3.0
8.83	4.0
9.18	1.0
9.52	2.0
9.87	3.0
10.23	4.0
10.58	1.0
10.93	2.0
11.29	3.0
11.64	4.0
11.99	1.0
12.34	2.0
12.69	3.0
13.05	4.0
13.4	1.0
13.75	2.0
14.1	3.0
14.46	4.0
14.82	1.0
15.16	2.0
15.51	3.0
15.87	4.0
16.22	1.0
16.57	2.0
16.92	3.0
17.27	4.0
17.63	1.0
17.97	2.0
18.31	3.0
18.66	4.0
19.02	1.0
19.38	2.0
19.71	3.0
20.07	4.0
20.44	1.0
20.79	2.0
21.16	3.0
21.53	4.0
21.87	1.0
22.21	2.0
22.56	3.0
22.91	4.0
23.27	1.0
23.63	2.0
23.98	3.0
24.32	4.0
24.67	1.0
25.03	2.0
25.39	3.0
25.74	4.0
26.09	1.0
26.44	2.0
26.79	3.0
27.14	4.0
27.5	1.0
27.85	2.0
28.2	3.0
28.56	4.0
28.91	1.0
29.26	2.0
29.61	3.0
29.97	4.0
30.32	1.0
30.68	2.0
31.04	3.0
31.39	4.0
31.75	1.0
32.11	2.0
32.46	3.0
32.81	4.0
33.17	1.0
33.52	2.0
33.87	3.0
34.22	4.0
34.57	1.0
34.91	2.0
35.24	3.0
35.59	4.0
35.93	1.0
36.26	2.0
36.62	3.0
36.96	4.0
37.32	1.0
37.66	2.0
38.01	3.0
38.37	4.0
38.72	1.0
39.07	2.0
39.42	3.0
39.78	4.0
40.12	1.0
40.46	2.0
40.82	3.0
41.17	4.0
41.51	1.0
41.86	2.0
42.22	3.0
42.57	4.0
42.92	1.0
43.28	2.0
43.64	3.0
43.99	4.0
44.34	1.0
44.7	2.0
45.04	3.0
45.4	4.0
45.74	1.0
46.1	2.0
46.44	3.0
46.79	4.0
47.14	1.0
47.49	2.0
47.85	3.0
48.2	4.0
48.55	1.0
48.91	2.0
49.25	3.0
49.59	4.0
49.95	1.0
50.31	2.0
50.67	3.0
51.03	4.0
51.39	1.0
51.73	2.0
52.08	3.0
52.42	4.0
52.78	1.0
53.14	2.0
53.49	3.0
53.84	4.0
54.21	1.0
54.55	2.0
54.91	3.0
55.27	4.0
55.65	1.0
56.01	2.0
56.37	3.0
56.7	4.0
57.04	1.0
57.37	2.0
57.72	3.0
58.05	4.0
58.39	1.0
58.75	2.0
59.09	3.0
59.44	4.0
59.79	1.0
60.15	2.0
60.5	3.0
60.85	4.0
61.21	1.0
61.57	2.0
61.93	3.0
62.28	4.0
62.63	1.0
62.98	2.0
63.34	3.0
63.7	4.0
64.05	1.0
64.41	2.0
64.78	3.0
65.14	4.0
65.49	1.0
65.85	2.0
66.2	3.0
66.56	4.0
66.91	1.0
67.25	2.0
67.6	3.0
67.95	4.0
68.31	1.0
68.65	2.0
68.99	3.0
69.32	4.0
69.65	1.0
70.0	2.0
70.35	3.0
70.71	4.0
71.05	1.0
71.4	2.0
71.75	3.0
72.11	4.0
72.46	1.0
72.81	2.0
73.16	3.0
73.51	4.0
73.86	1.0
74.21	2.0
74.57	3.0
74.92	4.0
75.28	1.0
75.63	2.0
75.98	3.0
76.33	4.0
76.68	1.0
77.02	2.0
77.38	3.0
77.72	4.0
78.07	1.0
78.44	2.0
78.78	3.0
79.13	4.0
79.47	1.0
79.82	2.0
80.18	3.0
80.53	4.0
80.88	1.0
81.22	2.0
81.59	3.0
81.95	4.0
82.3	1.0
82.65	2.0
82.99	3.0
83.34	4.0
83.69	1.0
84.04	2.0
84.39	3.0
84.74	4.0
85.11	1.0
85.43	2.0
85.78	3.0
86.12	4.0
86.45	1.0
86.79	2.0
87.16	3.0
87.51	4.0
87.88	1.0
88.23	2.0
88.59	3.0
88.94	4.0
89.31	1.0
89.66	2.0
90.02	3.0
90.37	4.0
90.73	1.0
91.08	2.0
91.44	3.0
91.8	4.0
92.15	1.0
92.51	2.0
92.87	3.0
93.23	4.0
93.58	1.0
93.93	2.0
94.29	3.0
94.64	4.0
95.0	1.0
95.35	2.0
95.7	3.0
96.06	4.0
96.43	1.0
96.76	2.0
97.11	3.0
97.46	4.0
97.82	1.0
98.17	2.0
98.53	3.0
98.88	4.0
99.23	1.0
99.58	2.0
99.93	3.0
100.29	4.0
100.65	1.0
101.0	2.0
101.36	3.0
101.71	4.0
102.06	1.0
102.4	2.0
102.75	3.0
103.1	4.0
103.45	1.0
103.8	2.0
104.15	3.0
104.49	4.0
104.86	1.0
105.21	2.0
105.56	3.0
105.91	4.0
106.26	1.0
106.61	2.0
106.96	3.0
107.3	4.0
107.65	1.0
108.01	2.0
108.36	3.0
108.69	4.0
109.04	1.0
109.4	2.0
109.76	3.0
110.11	4.0
110.46	1.0
110.82	2.0
111.18	3.0
111.54	4.0
111.9	1.0
112.24	2.0
112.6	3.0
112.96	4.0
113.31	1.0
113.66	2.0
114.0	3.0
114.36	4.0
114.72	1.0
115.08	2.0
115.43	3.0
115.79	4.0
116.16	1.0
116.51	2.0
116.86	3.0
117.21	4.0
117.57	1.0
117.92	2.0
118.27	3.0
118.63	4.0
118.98	1.0
119.32	2.0
119.66	3.0
120.01	4.0
120.38	1.0
120.71	2.0
121.07	3.0
121.43	4.0
121.8	1.0
122.15	2.0
122.52	3.0
122.85	4.0
123.21	1.0
123.57	2.0
123.91	3.0
124.27	4.0
124.62	1.0
124.94	2.0
125.3	3.0
125.62	4.0
125.96	1.0
126.31	2.0
126.67	3.0
127.01	4.0
127.37	1.0
127.72	2.0
128.08	3.0
128.44	4.0
128.8	1.0
129.15	2.0
129.51	3.0
129.87	4.0
130.22	1.0
130.57	2.0
130.93	3.0
131.28	4.0
131.65	1.0
132.01	2.0
132.37	3.0
132.73	4.0
133.09	1.0
133.44	2.0
133.8	3.0
134.15	4.0
134.52	1.0
134.88	2.0
135.23	3.0
135.59	4.0
135.95	1.0
136.29	2.0
136.64	3.0
136.96	4.0
137.32	1.0
137.64	2.0
138.0	3.0
138.33	4.0
138.66	1.0
139.0	2.0
139.35	3.0
139.68	4.0
