0.5	2.0
1.02	3.0
1.55	4.0
2.09	1.0
2.61	2.0
3.15	3.0
3.68	4.0
4.21	1.0
4.72	2.0
5.25	3.0
5.77	4.0
6.29	1.0
6.82	2.0
7.35	3.0
7.87	4.0
8.41	1.0
8.93	2.0
9.47	3.0
9.99	4.0
10.52	1.0
11.04	2.0
11.56	3.0
12.08	4.0
12.61	1.0
13.12	2.0
13.67	3.0
14.19	4.0
14.73	1.0
15.26	2.0
15.78	3.0
16.29	4.0
16.82	1.0
17.33	2.0
17.87	3.0
18.39	4.0
18.93	1.0
19.44	2.0
19.99	3.0
20.51	4.0
21.04	1.0
21.56	2.0
22.09	3.0
22.61	4.0
23.13	1.0
23.65	2.0
24.19	3.0
24.71	4.0
25.25	1.0
25.77	2.0
26.31	3.0
26.83	4.0
27.36	1.0
27.88	2.0
28.4	3.0
28.92	4.0
29.45	1.0
29.97	2.0
30.51	3.0
31.03	4.0
31.58	1.0
32.1	2.0
32.62	3.0
33.14	4.0
33.67	1.0
34.18	2.0
34.71	3.0
35.23	4.0
35.77	1.0
36.3	2.0
36.84	3.0
37.36	4.0
37.88	1.0
38.4	2.0
38.94	3.0
39.45	4.0
39.98	1.0
40.5	2.0
41.03	3.0
41.55	4.0
42.09	1.0
42.61	2.0
43.15	3.0
43.67	4.0
44.2	1.0
44.72	2.0
45.24	3.0
45.76	4.0
46.29	1.0
46.82	2.0
47.35	3.0
47.87	4.0
48.41	1.0
48.93	2.0
49.46	3.0
49.99	4.0
50.51	1.0
51.03	2.0
51.55	3.0
52.07	4.0
52.61	1.0
53.13	2.0
53.67	3.0
54.19	4.0
54.73	1.0
55.25	2.0
55.78	3.0
56.29	4.0
56.82	1.0
57.34	2.0
57.87	3.0
58.39	4.0
58.94	1.0
59.46	2.0
60.0	3.0
60.52	4.0
61.04	1.0
61.56	2.0
62.09	3.0
62.61	4.0
63.13	1.0
63.65	2.0
64.19	3.0
64.71	4.0
65.26	1.0
65.78	2.0
66.31	3.0
66.83	4.0
67.35	1.0
67.87	2.0
68.4	3.0
68.91	4.0
69.45	1.0
69.98	2.0
70.52	3.0
71.03	4.0
71.57	1.0
72.09	2.0
72.62	3.0
73.14	4.0
73.66	1.0
74.18	2.0
74.72	3.0
75.24	4.0
75.77	1.0
76.29	2.0
76.83	3.0
77.35	4.0
77.88	1.0
78.4	2.0
78.93	3.0
79.45	4.0
79.97	1.0
80.49	2.0
81.03	3.0
81.56	4.0
82.1	1.0
82.62	2.0
83.15	3.0
83.66	4.0
84.19	1.0
84.71	2.0
85.24	3.0
85.75	4.0
86.29	1.0
86.82	2.0
87.36	3.0
87.89	4.0
88.42	1.0
88.93	2.0
89.46	3.0
89.97	4.0
90.51	1.0
91.03	2.0
91.56	3.0
92.08	4.0
92.62	1.0
93.13	2.0
93.68	3.0
94.2	4.0
94.73	1.0
95.25	2.0
95.77	3.0
96.28	4.0
96.82	1.0
97.34	2.0
97.87	3.0
98.4	4.0
98.94	1.0
99.45	2.0
99.99	3.0
100.51	4.0
101.04	1.0
101.55	2.0
102.08	3.0
102.59	4.0
103.14	1.0
103.66	2.0
104.2	3.0
104.73	4.0
105.26	1.0
105.78	2.0
106.3	3.0
106.82	4.0
107.35	1.0
107.87	2.0
108.4	3.0
108.92	4.0
109.44	1.0
109.99	2.0
110.52	3.0
111.04	4.0
111.57	1.0
112.09	2.0
112.61	3.0
113.14	4.0
113.66	1.0
114.18	2.0
114.71	3.0
115.24	4.0
115.78	1.0
116.31	2.0
116.83	3.0
117.35	4.0
117.87	1.0
118.39	2.0
118.92	3.0
119.44	4.0
119.97	1.0
120.51	2.0
121.04	3.0
121.57	4.0
122.1	1.0
122.61	2.0
123.15	3.0
123.66	4.0
124.19	1.0
124.71	2.0
125.24	3.0
125.76	4.0
126.29	1.0
126.83	2.0
127.36	3.0
127.89	4.0
128.41	1.0
128.93	2.0
129.44	3.0
129.96	4.0
130.5	1.0
131.02	2.0
131.54	3.0
132.07	4.0
132.63	1.0
133.14	2.0
133.67	3.0
134.2	4.0
134.72	1.0
135.24	2.0
135.77	3.0
136.28	4.0
136.82	1.0
137.35	2.0
137.88	3.0
138.41	4.0
138.94	1.0
139.47	2.0
139.99	3.0
140.5	4.0
141.03	1.0
141.55	2.0
142.08	3.0
142.61	4.0
143.14	1.0
143.67	2.0
144.2	3.0
144.72	4.0
145.26	1.0
145.78	2.0
146.3	3.0
146.82	4.0
147.35	1.0
147.87	2.0
148.4	3.0
148.93	4.0
149.46	1.0
149.99	2.0
150.52	3.0
151.03	4.0
151.57	1.0
152.07	2.0
152.61	3.0
153.13	4.0
153.66	1.0
154.19	2.0
154.72	3.0
155.25	4.0
155.78	1.0
156.31	2.0
156.83	3.0
157.34	4.0
157.88	1.0
158.39	2.0
158.92	3.0
159.44	4.0
159.99	1.0
160.5	2.0
161.05	3.0
161.56	4.0
162.1	1.0
162.61	2.0
163.14	3.0
163.66	4.0
164.19	1.0
164.71	2.0
165.24	3.0
165.77	4.0
166.31	1.0
166.83	2.0
167.36	3.0
167.88	4.0
168.41	1.0
168.92	2.0
169.45	3.0
169.96	4.0
170.48	1.0
171.01	2.0
171.53	3.0
172.01	4.0
172.49	1.0
172.95	2.0
173.43	3.0
173.91	4.0
174.39	1.0
174.89	2.0
175.37	3.0
175.85	4.0
176.33	1.0
