0.11	1.0
0.91	2.0
1.67	3.0
2.49	4.0
3.28	1.0
4.05	2.0
4.85	3.0
5.66	4.0
6.44	1.0
7.2	2.0
8.04	3.0
8.86	4.0
9.68	1.0
10.52	2.0
11.3	3.0
12.04	4.0
12.83	1.0
13.56	2.0
14.27	3.0
14.97	4.0
15.65	1.0
16.34	2.0
17.03	3.0
17.71	4.0
18.39	1.0
19.07	2.0
19.75	3.0
20.43	4.0
21.1	1.0
21.75	2.0
22.43	3.0
23.08	4.0
23.75	1.0
24.42	2.0
25.09	3.0
25.76	4.0
26.43	1.0
27.1	2.0
27.78	3.0
28.44	4.0
29.11	1.0
29.78	2.0
30.46	3.0
31.12	4.0
31.79	1.0
32.45	2.0
33.12	3.0
33.79	4.0
34.45	1.0
35.13	2.0
35.8	3.0
36.45	4.0
37.11	1.0
37.78	2.0
38.43	3.0
39.08	4.0
39.75	1.0
40.41	2.0
41.08	3.0
41.73	4.0
42.39	1.0
43.04	2.0
43.7	3.0
44.36	4.0
45.01	1.0
45.67	2.0
46.33	3.0
46.98	4.0
47.63	1.0
48.28	2.0
48.93	3.0
49.58	4.0
50.24	1.0
50.9	2.0
51.55	3.0
52.19	4.0
52.85	1.0
53.52	2.0
54.17	3.0
54.84	4.0
55.49	1.0
56.15	2.0
56.81	3.0
57.48	4.0
58.14	1.0
58.8	2.0
59.46	3.0
60.12	4.0
60.77	1.0
61.43	2.0
62.08	3.0
62.73	4.0
63.39	1.0
64.05	2.0
64.72	3.0
65.39	4.0
66.07	1.0
66.73	2.0
67.39	3.0
68.08	4.0
68.74	1.0
69.4	2.0
70.08	3.0
70.76	4.0
71.43	1.0
72.08	2.0
72.77	3.0
73.42	4.0
74.09	1.0
74.77	2.0
75.44	3.0
76.12	4.0
76.78	1.0
77.43	2.0
78.1	3.0
78.77	4.0
79.44	1.0
80.12	2.0
80.78	3.0
81.44	4.0
82.11	1.0
82.77	2.0
83.43	3.0
84.08	4.0
84.74	1.0
85.41	2.0
86.07	3.0
86.73	4.0
87.39	1.0
88.05	2.0
88.7	3.0
89.36	4.0
90.03	1.0
90.68	2.0
91.33	3.0
91.99	4.0
92.64	1.0
93.32	2.0
93.99	3.0
94.65	4.0
95.32	1.0
95.98	2.0
96.65	3.0
97.31	4.0
97.97	1.0
98.65	2.0
99.31	3.0
99.98	4.0
100.65	1.0
101.32	2.0
101.97	3.0
102.62	4.0
103.28	1.0
103.93	2.0
104.59	3.0
105.26	4.0
105.93	1.0
106.6	2.0
107.27	3.0
107.94	4.0
108.62	1.0
109.28	2.0
109.95	3.0
110.61	4.0
111.27	1.0
111.94	2.0
112.6	3.0
113.23	4.0
113.87	1.0
114.56	2.0
115.22	3.0
115.88	4.0
116.55	1.0
117.2	2.0
117.86	3.0
118.51	4.0
119.18	1.0
119.84	2.0
120.51	3.0
121.15	4.0
121.81	1.0
122.47	2.0
123.12	3.0
123.77	4.0
124.42	1.0
125.09	2.0
125.76	3.0
126.41	4.0
127.06	1.0
127.72	2.0
128.38	3.0
129.02	4.0
129.69	1.0
130.34	2.0
131.0	3.0
131.67	4.0
132.32	1.0
133.0	2.0
133.68	3.0
134.33	4.0
135.0	1.0
135.67	2.0
136.33	3.0
137.0	4.0
137.66	1.0
138.33	2.0
138.99	3.0
139.66	4.0
140.33	1.0
141.0	2.0
141.66	3.0
142.32	4.0
142.96	1.0
143.64	2.0
144.31	3.0
144.97	4.0
145.64	1.0
146.28	2.0
146.96	3.0
147.62	4.0
148.28	1.0
148.94	2.0
149.61	3.0
150.27	4.0
150.92	1.0
151.59	2.0
152.25	3.0
152.89	4.0
153.53	1.0
154.22	2.0
154.91	3.0
155.56	4.0
156.23	1.0
156.89	2.0
157.53	3.0
158.18	4.0
158.85	1.0
159.5	2.0
160.17	3.0
160.81	4.0
161.48	1.0
162.13	2.0
162.77	3.0
163.42	4.0
164.08	1.0
164.73	2.0
165.37	3.0
166.03	4.0
166.69	1.0
167.34	2.0
167.98	3.0
168.63	4.0
169.3	1.0
169.94	2.0
170.59	3.0
171.25	4.0
171.9	1.0
172.63	2.0
173.41	3.0
174.16	4.0
174.94	1.0
175.71	2.0
176.48	3.0
177.28	4.0
178.16	1.0
179.05	2.0
179.92	3.0
180.88	4.0
181.78	1.0
