0.29	1.0
1.09	2.0
1.8	3.0
2.57	4.0
3.29	1.0
4.05	2.0
4.75	3.0
5.51	4.0
6.2	1.0
6.93	2.0
7.66	3.0
8.37	4.0
9.06	1.0
9.82	2.0
10.54	3.0
11.3	4.0
12.09	1.0
12.83	2.0
13.58	3.0
14.38	4.0
15.11	1.0
15.89	2.0
16.72	3.0
17.47	4.0
18.29	1.0
19.02	2.0
19.82	3.0
20.58	4.0
21.31	1.0
22.11	2.0
22.86	3.0
23.68	4.0
24.44	1.0
25.16	2.0
25.95	3.0
26.75	4.0
27.56	1.0
28.32	2.0
29.16	3.0
29.98	4.0
30.86	1.0
31.72	2.0
32.59	3.0
33.46	4.0
34.29	1.0
35.07	2.0
35.88	3.0
36.65	4.0
37.39	1.0
38.14	2.0
38.93	3.0
39.67	4.0
40.41	1.0
41.19	2.0
41.95	3.0
42.69	4.0
43.42	1.0
44.16	2.0
44.88	3.0
45.61	4.0
46.33	1.0
47.07	2.0
47.78	3.0
48.51	4.0
49.24	1.0
49.96	2.0
50.68	3.0
51.4	4.0
52.12	1.0
52.84	2.0
53.56	3.0
54.29	4.0
55.02	1.0
55.74	2.0
56.47	3.0
57.19	4.0
57.92	1.0
58.65	2.0
59.38	3.0
60.1	4.0
60.84	1.0
61.57	2.0
62.29	3.0
63.02	4.0
63.75	1.0
64.48	2.0
65.19	3.0
65.9	4.0
66.62	1.0
67.36	2.0
68.07	3.0
68.79	4.0
69.51	1.0
70.23	2.0
70.94	3.0
71.67	4.0
72.38	1.0
73.1	2.0
73.81	3.0
74.53	4.0
75.24	1.0
75.95	2.0
76.68	3.0
77.39	4.0
78.11	1.0
78.82	2.0
79.54	3.0
80.26	4.0
80.97	1.0
81.71	2.0
82.43	3.0
83.15	4.0
83.86	1.0
84.58	2.0
85.3	3.0
86.01	4.0
86.71	1.0
87.42	2.0
88.15	3.0
88.84	4.0
89.56	1.0
90.29	2.0
91.0	3.0
91.7	4.0
92.4	1.0
93.13	2.0
93.82	3.0
94.54	4.0
95.24	1.0
95.97	2.0
96.7	3.0
97.4	4.0
98.11	1.0
98.82	2.0
99.54	3.0
100.26	4.0
100.98	1.0
101.7	2.0
102.41	3.0
103.12	4.0
103.84	1.0
104.57	2.0
105.28	3.0
106.0	4.0
106.72	1.0
107.45	2.0
108.17	3.0
108.89	4.0
109.6	1.0
110.33	2.0
111.06	3.0
111.78	4.0
112.5	1.0
113.25	2.0
113.98	3.0
114.7	4.0
115.42	1.0
116.13	2.0
116.85	3.0
117.56	4.0
118.28	1.0
118.99	2.0
119.71	3.0
120.41	4.0
121.12	1.0
121.84	2.0
122.54	3.0
123.25	4.0
123.96	1.0
124.67	2.0
125.37	3.0
126.08	4.0
126.79	1.0
127.51	2.0
128.22	3.0
128.92	4.0
129.61	1.0
130.32	2.0
131.04	3.0
131.74	4.0
132.45	1.0
133.15	2.0
133.85	3.0
134.55	4.0
135.25	1.0
135.96	2.0
136.67	3.0
137.38	4.0
138.09	1.0
138.8	2.0
139.52	3.0
140.27	4.0
141.0	1.0
141.75	2.0
142.45	3.0
143.17	4.0
143.87	1.0
144.58	2.0
145.28	3.0
145.99	4.0
146.71	1.0
147.44	2.0
148.13	3.0
148.85	4.0
149.59	1.0
150.31	2.0
151.01	3.0
151.72	4.0
152.46	1.0
153.14	2.0
153.89	3.0
154.6	4.0
155.29	1.0
156.0	2.0
156.72	3.0
157.44	4.0
158.15	1.0
158.86	2.0
159.56	3.0
160.3	4.0
160.99	1.0
161.69	2.0
162.43	3.0
163.16	4.0
163.91	1.0
164.64	2.0
165.32	3.0
166.03	4.0
166.71	1.0
167.45	2.0
168.15	3.0
168.86	4.0
169.56	1.0
170.27	2.0
170.97	3.0
171.67	4.0
172.37	1.0
173.07	2.0
173.74	3.0
174.47	4.0
175.18	1.0
175.91	2.0
176.61	3.0
177.31	4.0
178.01	1.0
178.72	2.0
179.43	3.0
180.14	4.0
180.84	1.0
181.55	2.0
182.26	3.0
182.96	4.0
183.65	1.0
184.36	2.0
185.08	3.0
185.78	4.0
186.48	1.0
187.21	2.0
187.91	3.0
188.61	4.0
189.33	1.0
190.05	2.0
190.76	3.0
191.47	4.0
192.18	1.0
192.92	2.0
193.64	3.0
194.35	4.0
195.07	1.0
195.77	2.0
196.48	3.0
197.18	4.0
197.89	1.0
198.62	2.0
199.34	3.0
200.06	4.0
200.79	1.0
201.49	2.0
202.22	3.0
202.94	4.0
203.66	1.0
204.39	2.0
205.11	3.0
205.83	4.0
206.52	1.0
207.25	2.0
207.95	3.0
208.68	4.0
209.37	1.0
210.11	2.0
210.81	3.0
211.53	4.0
212.23	1.0
212.97	2.0
213.68	3.0
214.37	4.0
215.09	1.0
215.8	2.0
216.53	3.0
217.26	4.0
217.97	1.0
218.7	2.0
219.45	3.0
220.19	4.0
220.95	1.0
221.63	2.0
222.33	3.0
223.08	4.0
223.79	1.0
224.48	2.0
225.18	3.0
225.89	4.0
226.64	1.0
227.43	2.0
228.19	3.0
228.96	4.0
229.7	1.0
230.44	2.0
231.2	3.0
231.99	4.0
232.73	1.0
233.52	2.0
234.26	3.0
235.03	4.0
235.76	1.0
236.5	2.0
237.33	3.0
238.25	4.0
239.2	1.0
240.14	2.0
241.11	3.0
242.15	4.0
243.19	1.0
244.14	2.0
245.14	3.0
246.2	4.0
247.18	1.0
248.23	2.0
249.14	3.0
250.07	4.0
250.94	1.0
251.9	2.0
252.87	3.0
