0.26	1.0
0.83	2.0
1.38	3.0
1.94	4.0
2.48	1.0
3.04	2.0
3.59	3.0
4.13	4.0
4.68	1.0
5.25	2.0
5.8	3.0
6.36	4.0
6.89	1.0
7.47	2.0
8.02	3.0
8.56	4.0
9.09	1.0
9.65	2.0
10.21	3.0
10.77	4.0
11.31	1.0
11.87	2.0
12.42	3.0
12.96	4.0
13.52	1.0
14.08	2.0
14.63	3.0
15.19	4.0
15.72	1.0
16.29	2.0
16.83	3.0
17.38	4.0
17.93	1.0
18.49	2.0
19.04	3.0
19.59	4.0
20.15	1.0
20.7	2.0
21.26	3.0
21.8	4.0
22.35	1.0
22.92	2.0
23.47	3.0
23.99	4.0
24.56	1.0
25.12	2.0
25.66	3.0
26.21	4.0
26.76	1.0
27.32	2.0
27.87	3.0
28.42	4.0
28.98	1.0
29.53	2.0
30.08	3.0
30.63	4.0
31.18	1.0
31.74	2.0
32.3	3.0
32.85	4.0
33.4	1.0
33.95	2.0
34.51	3.0
35.05	4.0
35.6	1.0
36.16	2.0
36.7	3.0
37.25	4.0
37.81	1.0
38.37	2.0
38.9	3.0
39.46	4.0
40.02	1.0
40.58	2.0
41.13	3.0
41.69	4.0
42.23	1.0
42.79	2.0
43.34	3.0
43.87	4.0
44.43	1.0
44.99	2.0
45.54	3.0
46.09	4.0
46.65	1.0
47.19	2.0
47.75	3.0
48.29	4.0
48.84	1.0
49.41	2.0
49.96	3.0
50.51	4.0
51.05	1.0
51.62	2.0
52.17	3.0
52.71	4.0
53.26	1.0
53.82	2.0
54.37	3.0
54.93	4.0
55.48	1.0
56.04	2.0
56.59	3.0
57.13	4.0
57.67	1.0
58.25	2.0
58.8	3.0
59.35	4.0
59.9	1.0
60.46	2.0
61.01	3.0
61.55	4.0
62.1	1.0
62.66	2.0
63.2	3.0
63.76	4.0
64.32	1.0
64.86	2.0
65.42	3.0
65.96	4.0
66.52	1.0
67.08	2.0
67.63	3.0
68.18	4.0
68.73	1.0
69.29	2.0
69.84	3.0
70.38	4.0
70.92	1.0
71.49	2.0
72.04	3.0
72.6	4.0
73.14	1.0
73.7	2.0
74.25	3.0
74.79	4.0
75.34	1.0
75.91	2.0
76.46	3.0
77.02	4.0
77.56	1.0
78.12	2.0
78.67	3.0
79.21	4.0
79.77	1.0
80.32	2.0
80.88	3.0
81.44	4.0
81.98	1.0
82.54	2.0
83.09	3.0
83.63	4.0
84.19	1.0
84.75	2.0
85.31	3.0
85.86	4.0
86.39	1.0
86.96	2.0
87.52	3.0
88.05	4.0
88.6	1.0
89.15	2.0
89.7	3.0
90.25	4.0
90.81	1.0
91.36	2.0
91.92	3.0
92.46	4.0
93.02	1.0
93.58	2.0
94.13	3.0
94.69	4.0
95.22	1.0
95.79	2.0
96.34	3.0
96.88	4.0
97.43	1.0
97.99	2.0
98.54	3.0
99.1	4.0
99.64	1.0
100.2	2.0
100.76	3.0
101.3	4.0
101.85	1.0
102.41	2.0
102.97	3.0
103.52	4.0
104.06	1.0
104.61	2.0
105.16	3.0
105.69	4.0
106.23	1.0
106.77	2.0
107.33	3.0
107.89	4.0
108.44	1.0
108.98	2.0
109.54	3.0
110.09	4.0
110.63	1.0
111.18	2.0
111.73	3.0
112.29	4.0
112.84	1.0
113.39	2.0
113.94	3.0
114.5	4.0
115.06	1.0
115.6	2.0
116.16	3.0
116.72	4.0
117.27	1.0
117.82	2.0
118.37	3.0
118.93	4.0
119.47	1.0
120.02	2.0
120.57	3.0
121.13	4.0
121.68	1.0
122.23	2.0
122.77	3.0
123.34	4.0
123.89	1.0
124.44	2.0
125.0	3.0
125.54	4.0
126.1	1.0
126.64	2.0
127.2	3.0
127.76	4.0
128.3	1.0
128.85	2.0
129.4	3.0
129.96	4.0
130.51	1.0
131.06	2.0
131.61	3.0
132.16	4.0
132.73	1.0
133.27	2.0
133.83	3.0
134.38	4.0
134.93	1.0
135.48	2.0
136.03	3.0
136.6	4.0
137.14	1.0
137.69	2.0
138.24	3.0
138.79	4.0
139.34	1.0
139.89	2.0
140.44	3.0
141.0	4.0
141.55	1.0
142.09	2.0
142.66	3.0
143.21	4.0
143.76	1.0
144.31	2.0
144.85	3.0
145.41	4.0
145.97	1.0
146.52	2.0
147.07	3.0
147.62	4.0
148.18	1.0
148.73	2.0
149.28	3.0
149.83	4.0
150.38	1.0
150.94	2.0
151.5	3.0
152.05	4.0
152.6	1.0
153.15	2.0
153.7	3.0
154.25	4.0
154.8	1.0
155.35	2.0
155.89	3.0
156.45	4.0
156.98	1.0
157.55	2.0
158.1	3.0
158.66	4.0
159.22	1.0
159.77	2.0
160.32	3.0
160.86	4.0
161.42	1.0
161.97	2.0
162.53	3.0
163.08	4.0
163.63	1.0
164.18	2.0
164.73	3.0
165.29	4.0
165.84	1.0
166.39	2.0
166.94	3.0
167.5	4.0
168.05	1.0
168.59	2.0
169.15	3.0
169.71	4.0
170.26	1.0
170.81	2.0
171.35	3.0
171.91	4.0
172.46	1.0
173.01	2.0
173.57	3.0
174.12	4.0
174.68	1.0
175.22	2.0
175.78	3.0
176.33	4.0
176.89	1.0
177.43	2.0
177.99	3.0
178.54	4.0
179.09	1.0
179.64	2.0
180.19	3.0
180.75	4.0
181.3	1.0
181.85	2.0
182.4	3.0
182.96	4.0
183.51	1.0
184.06	2.0
184.61	3.0
185.17	4.0
185.71	1.0
186.26	2.0
186.82	3.0
187.38	4.0
187.93	1.0
188.48	2.0
189.02	3.0
189.58	4.0
190.14	1.0
190.68	2.0
191.23	3.0
191.78	4.0
192.34	1.0
192.89	2.0
193.43	3.0
194.0	4.0
194.55	1.0
195.1	2.0
195.65	3.0
196.21	4.0
196.76	1.0
197.31	2.0
197.86	3.0
198.42	4.0
198.97	1.0
199.51	2.0
200.07	3.0
200.62	4.0
201.17	1.0
201.72	2.0
202.26	3.0
202.83	4.0
203.39	1.0
203.94	2.0
204.49	3.0
205.05	4.0
205.6	1.0
206.15	2.0
206.7	3.0
207.25	4.0
207.8	1.0
208.35	2.0
208.9	3.0
209.46	4.0
210.01	1.0
210.56	2.0
211.11	3.0
211.67	4.0
212.22	1.0
212.76	2.0
213.32	3.0
213.85	4.0
214.43	1.0
214.98	2.0
215.53	3.0
216.08	4.0
216.63	1.0
217.18	2.0
217.73	3.0
218.29	4.0
218.85	1.0
219.39	2.0
219.95	3.0
220.49	4.0
221.05	1.0
221.6	2.0
222.15	3.0
222.71	4.0
223.26	1.0
223.81	2.0
224.36	3.0
224.92	4.0
225.47	1.0
226.01	2.0
226.57	3.0
227.12	4.0
227.68	1.0
228.22	2.0
228.76	3.0
229.33	4.0
229.89	1.0
230.43	2.0
230.98	3.0
231.54	4.0
232.1	1.0
232.64	2.0
233.19	3.0
233.74	4.0
234.3	1.0
234.85	2.0
235.4	3.0
235.95	4.0
236.51	1.0
237.06	2.0
237.61	3.0
238.16	4.0
238.72	1.0
239.26	2.0
239.82	3.0
240.38	4.0
240.93	1.0
241.48	2.0
242.03	3.0
242.59	4.0
243.13	1.0
243.68	2.0
244.22	3.0
244.79	4.0
245.34	1.0
245.89	2.0
246.42	3.0
246.99	4.0
247.55	1.0
248.09	2.0
248.65	3.0
249.21	4.0
249.76	1.0
250.31	2.0
250.85	3.0
251.42	4.0
251.96	1.0
252.51	2.0
253.06	3.0
253.62	4.0
254.17	1.0
254.72	2.0
255.27	3.0
255.83	4.0
256.38	1.0
256.92	2.0
257.49	3.0
258.03	4.0
258.6	1.0
259.14	2.0
259.7	3.0
260.25	4.0
260.79	1.0
261.34	2.0
261.9	3.0
262.45	4.0
263.0	1.0
263.55	2.0
264.11	3.0
264.66	4.0
265.22	1.0
265.76	2.0
266.32	3.0
266.87	4.0
267.42	1.0
267.98	2.0
268.52	3.0
269.08	4.0
269.63	1.0
270.18	2.0
270.73	3.0
271.28	4.0
271.85	1.0
272.39	2.0
272.94	3.0
273.5	4.0
274.05	1.0
274.6	2.0
275.14	3.0
275.71	4.0
276.26	1.0
276.8	2.0
277.35	3.0
277.91	4.0
278.46	1.0
279.01	2.0
279.55	3.0
280.11	4.0
280.67	1.0
281.22	2.0
281.76	3.0
282.32	4.0
282.87	1.0
283.42	2.0
283.97	3.0
284.53	4.0
285.09	1.0
285.63	2.0
286.18	3.0
286.74	4.0
287.3	1.0
287.84	2.0
288.4	3.0
288.95	4.0
289.5	1.0
290.05	2.0
290.61	3.0
291.15	4.0
291.72	1.0
292.26	2.0
292.82	3.0
293.37	4.0
293.92	1.0
294.47	2.0
295.01	3.0
295.58	4.0
296.13	1.0
296.68	2.0
297.22	3.0
297.79	4.0
298.34	1.0
298.88	2.0
299.44	3.0
299.99	4.0
300.54	1.0
301.09	2.0
301.65	3.0
302.2	4.0
302.74	1.0
303.3	2.0
303.85	3.0
304.41	4.0
304.96	1.0
305.51	2.0
306.06	3.0
306.62	4.0
307.16	1.0
307.72	2.0
308.27	3.0
308.83	4.0
309.38	1.0
309.93	2.0
310.48	3.0
311.03	4.0
311.58	1.0
312.13	2.0
312.68	3.0
313.25	4.0
313.79	1.0
314.34	2.0
314.88	3.0
315.45	4.0
316.01	1.0
316.55	2.0
317.1	3.0
317.66	4.0
318.21	1.0
318.76	2.0
319.31	3.0
319.86	4.0
320.42	1.0
320.97	2.0
321.53	3.0
322.08	4.0
322.63	1.0
323.17	2.0
323.73	3.0
324.28	4.0
324.84	1.0
325.38	2.0
325.94	3.0
326.49	4.0
327.04	1.0
327.58	2.0
328.14	3.0
328.7	4.0
329.24	1.0
329.79	2.0
330.35	3.0
330.9	4.0
331.46	1.0
332.0	2.0
332.56	3.0
333.11	4.0
333.66	1.0
334.21	2.0
334.77	3.0
335.32	4.0
335.87	1.0
336.41	2.0
336.97	3.0
337.53	4.0
338.08	1.0
338.63	2.0
339.19	3.0
339.73	4.0
340.29	1.0
340.83	2.0
341.39	3.0
341.95	4.0
342.49	1.0
343.04	2.0
343.6	3.0
344.13	4.0
344.71	1.0
345.24	2.0
345.81	3.0
346.36	4.0
346.92	1.0
347.47	2.0
348.02	3.0
348.57	4.0
349.13	1.0
349.68	2.0
350.23	3.0
350.78	4.0
351.34	1.0
351.87	2.0
352.44	3.0
352.99	4.0
353.54	1.0
354.1	2.0
354.65	3.0
355.2	4.0
355.76	1.0
356.3	2.0
356.85	3.0
357.41	4.0
357.96	1.0
358.5	2.0
359.05	3.0
359.61	4.0
360.17	1.0
360.72	2.0
361.26	3.0
361.82	4.0
362.36	1.0
362.91	2.0
363.47	3.0
364.04	4.0
364.59	1.0
365.14	2.0
365.69	3.0
366.24	4.0
366.8	1.0
367.35	2.0
367.9	3.0
368.44	4.0
369.0	1.0
369.54	2.0
370.1	3.0
370.64	4.0
371.21	1.0
371.75	2.0
372.31	3.0
372.86	4.0
373.42	1.0
373.97	2.0
374.52	3.0
375.07	4.0
375.63	1.0
376.17	2.0
376.72	3.0
377.27	4.0
377.82	1.0
378.38	2.0
378.93	3.0
379.49	4.0
380.03	1.0
380.59	2.0
381.15	3.0
381.7	4.0
382.25	1.0
382.8	2.0
383.36	3.0
383.91	4.0
384.46	1.0
385.0	2.0
385.54	3.0
386.11	4.0
386.67	1.0
387.21	2.0
387.76	3.0
388.32	4.0
388.88	1.0
389.42	2.0
389.97	3.0
390.52	4.0
391.09	1.0
391.64	2.0
392.19	3.0
392.74	4.0
393.29	1.0
393.84	2.0
394.39	3.0
394.95	4.0
395.51	1.0
396.05	2.0
396.61	3.0
397.16	4.0
397.71	1.0
398.25	2.0
398.81	3.0
399.37	4.0
399.92	1.0
400.47	2.0
401.01	3.0
401.57	4.0
402.13	1.0
402.68	2.0
403.23	3.0
403.78	4.0
404.33	1.0
404.88	2.0
405.44	3.0
405.99	4.0
406.55	1.0
407.08	2.0
407.64	3.0
408.2	4.0
408.76	1.0
409.3	2.0
409.84	3.0
410.4	4.0
410.96	1.0
411.5	2.0
412.06	3.0
412.6	4.0
413.17	1.0
413.72	2.0
414.26	3.0
414.82	4.0
415.38	1.0
415.92	2.0
416.47	3.0
417.02	4.0
417.58	1.0
418.12	2.0
418.68	3.0
419.24	4.0
419.79	1.0
420.34	2.0
420.88	3.0
421.44	4.0
422.0	1.0
422.54	2.0
423.08	3.0
423.65	4.0
424.2	1.0
424.75	2.0
425.31	3.0
425.86	4.0
426.42	1.0
426.96	2.0
427.52	3.0
428.07	4.0
428.63	1.0
429.17	2.0
429.72	3.0
430.28	4.0
430.83	1.0
431.37	2.0
431.92	3.0
432.48	4.0
433.04	1.0
433.58	2.0
434.14	3.0
434.7	4.0
435.25	1.0
435.8	2.0
436.34	3.0
436.9	4.0
437.45	1.0
437.99	2.0
438.55	3.0
439.1	4.0
439.66	1.0
440.21	2.0
440.74	3.0
441.31	4.0
441.87	1.0
442.48	2.0
443.07	3.0
443.68	4.0
444.26	1.0
444.85	2.0
445.46	3.0
446.07	4.0
446.65	1.0
447.27	2.0
447.9	3.0
448.53	4.0
449.22	1.0
449.86	2.0
450.5	3.0
451.15	4.0
451.78	1.0
452.45	2.0
453.07	3.0
453.72	4.0
454.34	1.0
454.99	2.0
455.62	3.0
456.28	4.0
456.9	1.0
457.53	2.0
458.17	3.0
458.78	4.0
459.43	1.0
460.06	2.0
460.73	3.0
461.37	4.0
461.98	1.0
462.64	2.0
