0.04	1.0
0.52	2.0
0.99	3.0
1.47	4.0
1.93	1.0
2.41	2.0
2.87	3.0
3.33	4.0
3.81	1.0
4.28	2.0
4.74	3.0
5.21	4.0
5.67	1.0
6.16	2.0
6.6	3.0
7.07	4.0
7.54	1.0
8.01	2.0
8.5	3.0
8.95	4.0
9.43	1.0
9.9	2.0
10.36	3.0
10.81	4.0
11.28	1.0
11.76	2.0
12.23	3.0
12.69	4.0
13.16	1.0
13.64	2.0
14.09	3.0
14.55	4.0
15.03	1.0
15.51	2.0
15.98	3.0
16.44	4.0
16.93	1.0
17.4	2.0
17.88	3.0
18.35	4.0
18.82	1.0
19.29	2.0
19.76	3.0
20.24	4.0
20.7	1.0
21.17	2.0
21.65	3.0
22.11	4.0
22.58	1.0
23.04	2.0
23.51	3.0
23.95	4.0
24.42	1.0
24.89	2.0
25.36	3.0
25.81	4.0
26.29	1.0
26.75	2.0
27.22	3.0
27.67	4.0
28.13	1.0
28.6	2.0
29.04	3.0
29.5	4.0
29.96	1.0
30.43	2.0
30.9	3.0
31.35	4.0
31.82	1.0
32.28	2.0
32.75	3.0
33.2	4.0
33.66	1.0
34.13	2.0
34.59	3.0
35.04	4.0
35.52	1.0
35.98	2.0
36.46	3.0
36.91	4.0
37.37	1.0
37.83	2.0
38.3	3.0
38.76	4.0
39.22	1.0
39.69	2.0
40.15	3.0
40.61	4.0
41.06	1.0
41.51	2.0
41.96	3.0
42.41	4.0
42.87	1.0
43.33	2.0
43.78	3.0
44.24	4.0
44.69	1.0
45.16	2.0
45.63	3.0
46.08	4.0
46.53	1.0
46.98	2.0
47.43	3.0
47.87	4.0
48.31	1.0
48.77	2.0
49.22	3.0
49.68	4.0
50.13	1.0
50.59	2.0
51.03	3.0
51.47	4.0
51.93	1.0
52.39	2.0
52.84	3.0
53.29	4.0
53.73	1.0
54.18	2.0
54.62	3.0
55.06	4.0
55.51	1.0
55.96	2.0
56.42	3.0
56.87	4.0
57.32	1.0
57.77	2.0
58.21	3.0
58.66	4.0
59.1	1.0
59.58	2.0
60.03	3.0
60.47	4.0
60.91	1.0
61.37	2.0
61.8	3.0
62.26	4.0
62.68	1.0
63.13	2.0
63.57	3.0
64.01	4.0
64.46	1.0
64.9	2.0
65.36	3.0
65.8	4.0
66.24	1.0
66.71	2.0
67.15	3.0
67.6	4.0
68.04	1.0
68.49	2.0
68.93	3.0
69.38	4.0
69.84	1.0
70.29	2.0
70.74	3.0
71.2	4.0
71.65	1.0
72.09	2.0
72.55	3.0
73.0	4.0
73.45	1.0
73.92	2.0
74.37	3.0
74.82	4.0
75.28	1.0
75.73	2.0
76.19	3.0
76.64	4.0
77.1	1.0
77.56	2.0
78.01	3.0
78.47	4.0
78.93	1.0
79.39	2.0
79.84	3.0
80.29	4.0
80.74	1.0
81.21	2.0
81.66	3.0
82.11	4.0
82.57	1.0
83.03	2.0
83.49	3.0
83.94	4.0
84.39	1.0
84.84	2.0
85.3	3.0
85.74	4.0
86.2	1.0
86.66	2.0
87.11	3.0
87.56	4.0
88.02	1.0
88.49	2.0
88.94	3.0
89.39	4.0
89.84	1.0
90.29	2.0
90.74	3.0
91.19	4.0
91.64	1.0
92.09	2.0
92.55	3.0
93.0	4.0
93.45	1.0
93.9	2.0
94.36	3.0
94.8	4.0
95.26	1.0
95.71	2.0
96.16	3.0
96.63	4.0
97.08	1.0
97.53	2.0
97.99	3.0
98.43	4.0
98.88	1.0
99.33	2.0
99.78	3.0
100.23	4.0
100.68	1.0
101.13	2.0
101.59	3.0
102.03	4.0
102.48	1.0
102.94	2.0
103.38	3.0
103.83	4.0
104.27	1.0
104.71	2.0
105.15	3.0
105.59	4.0
106.03	1.0
106.49	2.0
106.93	3.0
107.38	4.0
107.82	1.0
108.25	2.0
108.7	3.0
109.14	4.0
109.59	1.0
110.04	2.0
110.49	3.0
110.93	4.0
111.38	1.0
111.81	2.0
112.26	3.0
112.71	4.0
113.15	1.0
113.62	2.0
114.05	3.0
114.51	4.0
114.95	1.0
115.4	2.0
115.85	3.0
116.29	4.0
116.73	1.0
117.19	2.0
117.63	3.0
118.08	4.0
118.53	1.0
118.97	2.0
119.42	3.0
119.86	4.0
120.31	1.0
120.75	2.0
121.2	3.0
121.64	4.0
122.09	1.0
122.53	2.0
122.97	3.0
123.4	4.0
123.87	1.0
124.32	2.0
124.76	3.0
125.2	4.0
125.65	1.0
126.1	2.0
126.54	3.0
126.97	4.0
127.41	1.0
127.87	2.0
128.31	3.0
128.76	4.0
129.2	1.0
129.66	2.0
130.08	3.0
130.53	4.0
130.96	1.0
131.43	2.0
131.87	3.0
132.31	4.0
132.76	1.0
133.21	2.0
133.66	3.0
134.09	4.0
134.53	1.0
134.98	2.0
135.41	3.0
135.86	4.0
136.31	1.0
136.75	2.0
137.19	3.0
137.62	4.0
138.06	1.0
138.51	2.0
138.95	3.0
139.39	4.0
139.84	1.0
140.28	2.0
140.71	3.0
141.15	4.0
141.59	1.0
142.03	2.0
142.46	3.0
142.9	4.0
143.34	1.0
143.76	2.0
144.21	3.0
144.64	4.0
145.09	1.0
145.54	2.0
145.97	3.0
146.4	4.0
146.84	1.0
147.28	2.0
147.73	3.0
148.18	4.0
148.62	1.0
149.05	2.0
149.5	3.0
149.94	4.0
150.39	1.0
150.81	2.0
151.24	3.0
151.67	4.0
152.1	1.0
152.56	2.0
152.99	3.0
153.43	4.0
153.87	1.0
154.32	2.0
154.75	3.0
155.19	4.0
155.63	1.0
156.07	2.0
156.51	3.0
156.93	4.0
157.37	1.0
157.81	2.0
158.22	3.0
158.65	4.0
159.08	1.0
159.53	2.0
159.96	3.0
160.38	4.0
160.83	1.0
161.26	2.0
161.7	3.0
162.16	4.0
162.59	1.0
163.03	2.0
163.47	3.0
163.9	4.0
164.35	1.0
164.78	2.0
165.2	3.0
165.65	4.0
166.08	1.0
166.53	2.0
166.96	3.0
167.39	4.0
167.83	1.0
168.27	2.0
168.69	3.0
169.13	4.0
169.58	1.0
170.02	2.0
170.45	3.0
170.88	4.0
171.34	1.0
171.77	2.0
172.18	3.0
172.63	4.0
173.06	1.0
173.5	2.0
173.95	3.0
174.38	4.0
174.82	1.0
175.25	2.0
175.69	3.0
176.13	4.0
