3.0	1.0
3.89	2.0
4.73	3.0
5.58	4.0
6.43	1.0
7.27	2.0
8.11	3.0
8.95	4.0
9.83	1.0
10.65	2.0
11.44	3.0
12.24	4.0
13.12	1.0
13.96	2.0
14.8	3.0
15.68	4.0
16.58	1.0
17.5	2.0
18.42	3.0
19.32	4.0
20.2	1.0
21.09	2.0
21.96	3.0
22.84	4.0
23.74	1.0
24.62	2.0
25.52	3.0
26.4	4.0
27.29	1.0
28.13	2.0
28.98	3.0
29.82	4.0
30.73	1.0
31.62	2.0
32.52	3.0
33.41	4.0
34.27	1.0
35.11	2.0
36.0	3.0
36.87	4.0
37.77	1.0
38.66	2.0
39.55	3.0
40.41	4.0
41.27	1.0
42.12	2.0
42.97	3.0
43.85	4.0
44.78	1.0
45.72	2.0
46.61	3.0
47.53	4.0
48.47	1.0
49.31	2.0
50.18	3.0
51.04	4.0
51.94	1.0
52.83	2.0
53.72	3.0
54.63	4.0
55.47	1.0
56.32	2.0
57.21	3.0
58.08	4.0
58.97	1.0
59.85	2.0
60.73	3.0
61.6	4.0
62.5	1.0
63.33	2.0
64.2	3.0
65.08	4.0
66.0	1.0
66.88	2.0
67.74	3.0
68.63	4.0
69.52	1.0
70.4	2.0
71.27	3.0
72.13	4.0
73.01	1.0
73.95	2.0
74.88	3.0
75.77	4.0
76.67	1.0
77.55	2.0
78.4	3.0
79.33	4.0
80.24	1.0
81.1	2.0
82.0	3.0
82.92	4.0
83.8	1.0
84.72	2.0
85.6	3.0
86.49	4.0
87.39	1.0
88.28	2.0
89.21	3.0
90.09	4.0
91.02	1.0
91.89	2.0
92.79	3.0
93.74	4.0
94.66	1.0
95.55	2.0
96.42	3.0
97.35	4.0
98.27	1.0
99.2	2.0
100.12	3.0
101.05	4.0
102.0	1.0
102.89	2.0
103.78	3.0
104.67	4.0
105.62	1.0
106.51	2.0
107.4	3.0
108.26	4.0
109.18	1.0
110.01	2.0
110.88	3.0
111.77	4.0
112.65	1.0
113.55	2.0
114.4	3.0
115.28	4.0
116.18	1.0
117.03	2.0
117.94	3.0
118.81	4.0
119.72	1.0
120.61	2.0
121.52	3.0
122.43	4.0
123.33	1.0
124.21	2.0
125.06	3.0
125.95	4.0
126.84	1.0
127.71	2.0
128.61	3.0
129.5	4.0
130.39	1.0
131.3	2.0
132.26	3.0
133.13	4.0
134.04	1.0
134.92	2.0
135.86	3.0
136.76	4.0
137.67	1.0
138.54	2.0
139.47	3.0
140.4	4.0
141.31	1.0
142.18	2.0
143.06	3.0
143.93	4.0
144.84	1.0
145.76	2.0
146.69	3.0
147.58	4.0
148.48	1.0
149.39	2.0
150.28	3.0
151.2	4.0
152.15	1.0
153.08	2.0
153.97	3.0
154.87	4.0
155.82	1.0
156.75	2.0
157.68	3.0
158.64	4.0
159.6	1.0
160.48	2.0
161.44	3.0
162.36	4.0
163.32	1.0
164.19	2.0
165.07	3.0
165.95	4.0
166.89	1.0
167.76	2.0
168.7	3.0
169.58	4.0
170.46	1.0
171.34	2.0
172.22	3.0
173.1	4.0
174.04	1.0
174.9	2.0
175.84	3.0
176.79	4.0
177.7	1.0
178.56	2.0
179.45	3.0
180.35	4.0
181.27	1.0
182.23	2.0
183.15	3.0
184.08	4.0
185.01	1.0
185.96	2.0
186.9	3.0
187.82	4.0
188.79	1.0
189.78	2.0
190.77	3.0
191.67	4.0
192.67	1.0
193.62	2.0
194.55	3.0
195.46	4.0
196.38	1.0
197.26	2.0
198.16	3.0
199.08	4.0
200.08	1.0
200.89	2.0
201.67	3.0
202.49	4.0
203.27	1.0
204.21	2.0
205.17	3.0
206.06	4.0
207.02	1.0
207.99	2.0
208.96	3.0
209.93	4.0
210.85	1.0
211.76	2.0
212.65	3.0
213.53	4.0
214.37	1.0
215.14	2.0
215.9	3.0
216.71	4.0
217.46	1.0
218.26	2.0
219.06	3.0
219.8	4.0
220.58	1.0
221.39	2.0
222.16	3.0
222.92	4.0
223.74	1.0
224.52	2.0
225.28	3.0
226.04	4.0
226.8	1.0
227.6	2.0
228.36	3.0
229.1	4.0
229.87	1.0
230.64	2.0
231.38	3.0
232.08	4.0
232.82	1.0
233.59	2.0
234.32	3.0
235.02	4.0
235.76	1.0
236.51	2.0
237.25	3.0
