0.27	2.0
0.68	3.0
1.05	4.0
1.46	1.0
1.83	2.0
2.24	3.0
2.6	4.0
3.0	1.0
3.36	2.0
3.76	3.0
4.14	4.0
4.51	1.0
4.88	2.0
5.27	3.0
5.65	4.0
6.1	1.0
6.53	2.0
6.94	3.0
7.41	4.0
7.84	1.0
8.31	2.0
8.75	3.0
9.18	4.0
9.64	1.0
10.07	2.0
10.5	3.0
10.95	4.0
11.41	1.0
11.85	2.0
12.31	3.0
12.78	4.0
13.24	1.0
13.7	2.0
14.16	3.0
14.6	4.0
15.08	1.0
15.53	2.0
15.98	3.0
16.41	4.0
16.87	1.0
17.34	2.0
17.8	3.0
18.27	4.0
18.71	1.0
19.17	2.0
19.6	3.0
20.07	4.0
20.51	1.0
20.95	2.0
21.41	3.0
21.88	4.0
22.34	1.0
22.79	2.0
23.25	3.0
23.68	4.0
24.14	1.0
24.58	2.0
25.04	3.0
25.48	4.0
25.95	1.0
26.4	2.0
26.85	3.0
27.32	4.0
27.78	1.0
28.25	2.0
28.71	3.0
29.16	4.0
29.63	1.0
30.09	2.0
30.55	3.0
31.01	4.0
31.46	1.0
31.91	2.0
32.37	3.0
32.83	4.0
33.31	1.0
33.75	2.0
34.22	3.0
34.68	4.0
35.11	1.0
35.57	2.0
36.02	3.0
36.46	4.0
36.93	1.0
37.38	2.0
37.83	3.0
38.29	4.0
38.76	1.0
39.21	2.0
39.66	3.0
40.12	4.0
40.59	1.0
41.02	2.0
41.48	3.0
41.93	4.0
42.38	1.0
42.84	2.0
43.29	3.0
43.74	4.0
44.19	1.0
44.67	2.0
45.12	3.0
45.57	4.0
46.02	1.0
46.48	2.0
46.94	3.0
47.39	4.0
47.83	1.0
48.3	2.0
48.76	3.0
49.22	4.0
49.66	1.0
50.12	2.0
50.59	3.0
51.04	4.0
51.5	1.0
51.97	2.0
52.42	3.0
52.88	4.0
53.33	1.0
53.8	2.0
54.26	3.0
54.72	4.0
55.17	1.0
55.65	2.0
56.08	3.0
56.55	4.0
56.99	1.0
57.45	2.0
57.9	3.0
58.35	4.0
58.8	1.0
59.27	2.0
59.72	3.0
60.18	4.0
60.65	1.0
61.11	2.0
61.57	3.0
62.04	4.0
62.49	1.0
62.96	2.0
63.43	3.0
63.89	4.0
64.33	1.0
64.8	2.0
65.25	3.0
65.71	4.0
66.17	1.0
66.64	2.0
67.1	3.0
67.54	4.0
68.0	1.0
68.46	2.0
68.91	3.0
69.38	4.0
69.82	1.0
70.3	2.0
70.75	3.0
71.2	4.0
71.67	1.0
72.14	2.0
72.62	3.0
73.1	4.0
73.57	1.0
74.02	2.0
74.47	3.0
74.93	4.0
75.4	1.0
75.87	2.0
76.33	3.0
76.77	4.0
77.24	1.0
77.71	2.0
78.15	3.0
78.61	4.0
79.07	1.0
79.56	2.0
80.03	3.0
80.47	4.0
80.95	1.0
81.41	2.0
81.85	3.0
82.31	4.0
82.77	1.0
83.25	2.0
83.71	3.0
84.18	4.0
84.64	1.0
85.11	2.0
85.57	3.0
86.03	4.0
86.47	1.0
86.94	2.0
87.4	3.0
87.87	4.0
88.32	1.0
88.79	2.0
89.25	3.0
89.73	4.0
90.18	1.0
90.67	2.0
91.13	3.0
91.6	4.0
92.05	1.0
92.52	2.0
92.96	3.0
93.42	4.0
93.87	1.0
94.33	2.0
94.79	3.0
95.25	4.0
95.72	1.0
96.18	2.0
96.63	3.0
97.09	4.0
97.55	1.0
98.03	2.0
98.49	3.0
98.96	4.0
99.42	1.0
99.89	2.0
100.34	3.0
100.8	4.0
101.26	1.0
101.73	2.0
102.19	3.0
102.65	4.0
103.09	1.0
103.55	2.0
104.02	3.0
104.47	4.0
104.92	1.0
105.38	2.0
105.85	3.0
106.32	4.0
106.78	1.0
107.23	2.0
107.69	3.0
108.16	4.0
108.61	1.0
109.08	2.0
109.52	3.0
109.99	4.0
110.46	1.0
110.91	2.0
111.38	3.0
111.82	4.0
112.29	1.0
112.76	2.0
113.21	3.0
113.68	4.0
114.14	1.0
114.61	2.0
115.07	3.0
115.53	4.0
115.97	1.0
116.44	2.0
116.91	3.0
117.38	4.0
117.84	1.0
118.31	2.0
118.77	3.0
119.23	4.0
119.69	1.0
120.15	2.0
120.6	3.0
121.08	4.0
121.53	1.0
122.0	2.0
122.46	3.0
122.93	4.0
123.39	1.0
123.86	2.0
124.32	3.0
124.79	4.0
125.25	1.0
125.71	2.0
126.16	3.0
126.61	4.0
127.07	1.0
127.54	2.0
128.0	3.0
128.46	4.0
128.92	1.0
129.4	2.0
129.87	3.0
130.34	4.0
130.79	1.0
131.27	2.0
131.73	3.0
132.2	4.0
132.65	1.0
133.11	2.0
133.57	3.0
134.05	4.0
134.49	1.0
134.96	2.0
135.42	3.0
135.89	4.0
136.34	1.0
136.8	2.0
137.26	3.0
137.73	4.0
138.19	1.0
138.66	2.0
139.11	3.0
139.57	4.0
140.05	1.0
140.53	2.0
141.0	3.0
141.46	4.0
141.93	1.0
142.4	2.0
142.86	3.0
143.31	4.0
143.78	1.0
144.27	2.0
144.73	3.0
145.19	4.0
145.66	1.0
146.13	2.0
146.58	3.0
147.04	4.0
147.52	1.0
147.99	2.0
148.44	3.0
148.9	4.0
149.35	1.0
149.82	2.0
150.28	3.0
150.74	4.0
151.19	1.0
151.67	2.0
152.13	3.0
152.62	4.0
153.08	1.0
153.55	2.0
154.02	3.0
154.47	4.0
154.94	1.0
155.4	2.0
155.88	3.0
156.34	4.0
156.81	1.0
157.29	2.0
157.75	3.0
158.22	4.0
158.68	1.0
159.16	2.0
159.64	3.0
160.11	4.0
160.57	1.0
161.03	2.0
161.49	3.0
161.95	4.0
162.41	1.0
162.89	2.0
163.35	3.0
163.82	4.0
164.28	1.0
164.76	2.0
165.21	3.0
165.66	4.0
166.13	1.0
166.6	2.0
167.07	3.0
167.52	4.0
167.99	1.0
168.45	2.0
168.92	3.0
169.37	4.0
169.83	1.0
170.3	2.0
170.77	3.0
171.24	4.0
171.69	1.0
172.16	2.0
172.63	3.0
173.11	4.0
173.56	1.0
174.04	2.0
174.51	3.0
174.98	4.0
175.44	1.0
175.93	2.0
176.39	3.0
176.86	4.0
177.32	1.0
177.79	2.0
178.24	3.0
178.7	4.0
179.16	1.0
179.63	2.0
180.09	3.0
180.54	4.0
181.02	1.0
181.49	2.0
181.96	3.0
182.43	4.0
182.88	1.0
183.36	2.0
183.82	3.0
184.29	4.0
184.76	1.0
185.23	2.0
185.71	3.0
186.18	4.0
186.65	1.0
187.13	2.0
187.6	3.0
188.06	4.0
188.52	1.0
189.0	2.0
189.46	3.0
189.94	4.0
190.4	1.0
190.88	2.0
191.35	3.0
191.81	4.0
192.29	1.0
192.76	2.0
193.23	3.0
193.7	4.0
194.14	1.0
194.61	2.0
195.07	3.0
195.52	4.0
195.99	1.0
196.46	2.0
196.92	3.0
197.37	4.0
197.84	1.0
198.32	2.0
198.79	3.0
199.24	4.0
199.72	1.0
200.19	2.0
200.67	3.0
201.14	4.0
201.59	1.0
202.08	2.0
202.53	3.0
202.99	4.0
203.46	1.0
203.94	2.0
204.41	3.0
204.88	4.0
205.33	1.0
205.81	2.0
206.27	3.0
206.75	4.0
207.21	1.0
207.69	2.0
208.14	3.0
208.59	4.0
209.07	1.0
209.55	2.0
210.04	3.0
210.51	4.0
210.96	1.0
211.44	2.0
211.9	3.0
212.35	4.0
212.82	1.0
213.31	2.0
213.77	3.0
214.23	4.0
214.68	1.0
215.16	2.0
215.63	3.0
216.11	4.0
216.58	1.0
217.08	2.0
217.58	3.0
218.1	4.0
218.59	1.0
219.13	2.0
219.63	3.0
220.11	4.0
220.58	1.0
221.03	2.0
221.5	3.0
221.99	4.0
222.44	1.0
222.92	2.0
223.37	3.0
223.85	4.0
224.29	1.0
224.73	2.0
225.2	3.0
225.63	4.0
226.1	1.0
226.54	2.0
226.99	3.0
227.45	4.0
227.9	1.0
228.37	2.0
228.81	3.0
229.29	4.0
229.79	1.0
230.26	2.0
230.85	3.0
231.41	4.0
232.01	1.0
232.59	2.0
233.21	3.0
233.8	4.0
234.39	1.0
235.05	2.0
235.7	3.0
236.42	4.0
237.16	1.0
237.9	2.0
238.75	3.0
239.65	4.0
240.58	1.0
241.49	2.0
242.47	3.0
243.51	4.0
244.63	1.0
245.73	2.0
246.77	3.0
247.89	4.0
248.96	1.0
249.92	2.0
250.91	3.0
