0.12	1.0
0.57	2.0
1.03	3.0
1.46	4.0
1.93	1.0
2.37	2.0
2.85	3.0
3.31	4.0
3.8	1.0
4.25	2.0
4.73	3.0
5.19	4.0
5.67	1.0
6.13	2.0
6.6	3.0
7.07	4.0
7.55	1.0
8.03	2.0
8.5	3.0
8.94	4.0
9.4	1.0
9.86	2.0
10.32	3.0
10.8	4.0
11.25	1.0
11.7	2.0
12.16	3.0
12.59	4.0
13.04	1.0
13.5	2.0
13.94	3.0
14.37	4.0
14.82	1.0
15.28	2.0
15.72	3.0
16.16	4.0
16.62	1.0
17.1	2.0
17.54	3.0
17.99	4.0
18.46	1.0
18.91	2.0
19.34	3.0
19.79	4.0
20.24	1.0
20.71	2.0
21.15	3.0
21.59	4.0
22.04	1.0
22.52	2.0
22.96	3.0
23.42	4.0
23.9	1.0
24.34	2.0
24.78	3.0
25.22	4.0
25.66	1.0
26.09	2.0
26.53	3.0
26.96	4.0
27.42	1.0
27.86	2.0
28.28	3.0
28.72	4.0
29.18	1.0
29.61	2.0
30.06	3.0
30.49	4.0
30.95	1.0
31.39	2.0
31.84	3.0
32.28	4.0
32.73	1.0
33.17	2.0
33.62	3.0
34.03	4.0
34.47	1.0
34.91	2.0
35.35	3.0
35.77	4.0
36.22	1.0
36.66	2.0
37.11	3.0
37.57	4.0
38.02	1.0
38.48	2.0
38.96	3.0
39.41	4.0
39.86	1.0
40.33	2.0
40.8	3.0
41.25	4.0
41.72	1.0
42.18	2.0
42.63	3.0
43.08	4.0
43.52	1.0
43.95	2.0
44.41	3.0
44.84	4.0
45.3	1.0
45.76	2.0
46.21	3.0
46.64	4.0
47.09	1.0
47.54	2.0
47.99	3.0
48.46	4.0
48.91	1.0
49.35	2.0
49.81	3.0
50.25	4.0
50.71	1.0
51.14	2.0
51.62	3.0
52.06	4.0
52.52	1.0
52.99	2.0
53.43	3.0
53.87	4.0
54.33	1.0
54.77	2.0
55.18	3.0
55.62	4.0
56.06	1.0
56.49	2.0
56.92	3.0
57.35	4.0
57.78	1.0
58.24	2.0
58.67	3.0
59.12	4.0
59.58	1.0
60.02	2.0
60.48	3.0
60.93	4.0
61.36	1.0
61.81	2.0
62.28	3.0
62.73	4.0
63.18	1.0
63.6	2.0
64.06	3.0
64.5	4.0
64.92	1.0
65.36	2.0
65.82	3.0
66.27	4.0
66.73	1.0
67.17	2.0
67.64	3.0
68.09	4.0
68.57	1.0
69.03	2.0
69.48	3.0
69.91	4.0
70.38	1.0
70.81	2.0
71.26	3.0
71.71	4.0
72.16	1.0
72.61	2.0
73.06	3.0
73.51	4.0
73.98	1.0
74.43	2.0
74.86	3.0
75.32	4.0
75.78	1.0
76.26	2.0
76.72	3.0
77.15	4.0
77.62	1.0
78.05	2.0
78.48	3.0
78.92	4.0
79.38	1.0
79.81	2.0
80.26	3.0
80.7	4.0
81.12	1.0
81.59	2.0
82.03	3.0
82.47	4.0
82.94	1.0
83.36	2.0
83.8	3.0
84.25	4.0
84.7	1.0
85.16	2.0
85.6	3.0
86.07	4.0
86.52	1.0
86.96	2.0
87.42	3.0
87.87	4.0
88.32	1.0
88.75	2.0
89.19	3.0
89.62	4.0
90.07	1.0
90.5	2.0
90.96	3.0
91.38	4.0
91.82	1.0
92.28	2.0
92.72	3.0
93.16	4.0
93.59	1.0
94.04	2.0
94.49	3.0
94.93	4.0
95.38	1.0
95.83	2.0
96.27	3.0
96.71	4.0
97.17	1.0
97.59	2.0
98.05	3.0
98.48	4.0
98.92	1.0
99.35	2.0
99.82	3.0
100.25	4.0
100.72	1.0
101.14	2.0
101.58	3.0
102.02	4.0
102.47	1.0
102.91	2.0
103.36	3.0
103.78	4.0
104.23	1.0
104.67	2.0
105.13	3.0
105.57	4.0
106.02	1.0
106.46	2.0
106.93	3.0
107.36	4.0
107.81	1.0
108.28	2.0
108.73	3.0
109.17	4.0
109.63	1.0
110.09	2.0
110.54	3.0
110.99	4.0
111.43	1.0
111.89	2.0
112.35	3.0
112.79	4.0
113.25	1.0
113.7	2.0
114.16	3.0
114.61	4.0
115.06	1.0
115.52	2.0
115.98	3.0
116.42	4.0
116.88	1.0
117.35	2.0
117.8	3.0
118.25	4.0
118.71	1.0
119.17	2.0
119.63	3.0
120.08	4.0
120.52	1.0
120.99	2.0
121.42	3.0
121.89	4.0
122.34	1.0
122.78	2.0
123.25	3.0
123.71	4.0
124.16	1.0
124.6	2.0
125.06	3.0
125.52	4.0
125.97	1.0
126.4	2.0
126.87	3.0
127.3	4.0
127.76	1.0
128.2	2.0
128.65	3.0
129.1	4.0
129.54	1.0
129.98	2.0
130.44	3.0
130.88	4.0
131.33	1.0
131.79	2.0
132.24	3.0
132.69	4.0
133.13	1.0
133.6	2.0
134.04	3.0
134.5	4.0
134.95	1.0
135.41	2.0
135.85	3.0
136.3	4.0
136.75	1.0
137.2	2.0
137.65	3.0
138.11	4.0
138.55	1.0
139.01	2.0
139.47	3.0
139.93	4.0
140.38	1.0
140.84	2.0
141.29	3.0
141.76	4.0
142.2	1.0
142.66	2.0
143.11	3.0
143.56	4.0
144.0	1.0
144.46	2.0
144.89	3.0
145.34	4.0
145.81	1.0
146.25	2.0
146.7	3.0
147.13	4.0
147.59	1.0
148.03	2.0
148.5	3.0
148.95	4.0
149.38	1.0
149.82	2.0
150.27	3.0
150.74	4.0
151.17	1.0
151.63	2.0
152.07	3.0
152.53	4.0
152.98	1.0
153.42	2.0
153.88	3.0
154.33	4.0
154.78	1.0
155.24	2.0
155.68	3.0
156.13	4.0
156.56	1.0
157.01	2.0
157.46	3.0
157.91	4.0
158.35	1.0
158.8	2.0
159.25	3.0
159.69	4.0
160.14	1.0
160.6	2.0
161.05	3.0
161.5	4.0
161.94	1.0
162.39	2.0
162.83	3.0
163.28	4.0
163.71	1.0
164.15	2.0
164.6	3.0
165.05	4.0
165.49	1.0
165.96	2.0
166.39	3.0
166.83	4.0
167.28	1.0
167.72	2.0
168.17	3.0
168.62	4.0
169.05	1.0
169.52	2.0
169.97	3.0
170.4	4.0
170.85	1.0
171.31	2.0
171.74	3.0
172.18	4.0
172.62	1.0
173.07	2.0
173.52	3.0
173.96	4.0
174.42	1.0
174.86	2.0
175.32	3.0
175.77	4.0
176.22	1.0
176.66	2.0
177.12	3.0
177.56	4.0
178.01	1.0
178.45	2.0
178.9	3.0
179.35	4.0
179.8	1.0
180.24	2.0
180.69	3.0
181.15	4.0
181.58	1.0
182.04	2.0
182.48	3.0
182.93	4.0
183.36	1.0
183.8	2.0
184.24	3.0
184.69	4.0
185.16	1.0
185.61	2.0
186.05	3.0
186.52	4.0
186.98	1.0
187.43	2.0
187.89	3.0
188.37	4.0
188.82	1.0
189.26	2.0
189.69	3.0
190.13	4.0
190.59	1.0
191.03	2.0
191.46	3.0
191.91	4.0
192.35	1.0
192.79	2.0
193.22	3.0
193.65	4.0
194.1	1.0
194.55	2.0
194.99	3.0
195.43	4.0
195.86	1.0
196.29	2.0
196.75	3.0
197.17	4.0
197.61	1.0
198.06	2.0
198.5	3.0
198.93	4.0
199.37	1.0
199.82	2.0
200.28	3.0
200.72	4.0
201.15	1.0
201.6	2.0
202.03	3.0
202.48	4.0
202.92	1.0
203.36	2.0
203.8	3.0
204.23	4.0
204.69	1.0
205.15	2.0
205.6	3.0
206.03	4.0
206.49	1.0
206.93	2.0
207.36	3.0
207.79	4.0
208.24	1.0
208.69	2.0
209.13	3.0
209.58	4.0
210.04	1.0
210.48	2.0
210.93	3.0
211.36	4.0
211.81	1.0
212.25	2.0
212.69	3.0
213.13	4.0
213.56	1.0
214.01	2.0
214.44	3.0
214.88	4.0
215.32	1.0
215.76	2.0
216.21	3.0
216.66	4.0
217.08	1.0
217.52	2.0
217.98	3.0
218.42	4.0
218.86	1.0
219.3	2.0
219.76	3.0
220.21	4.0
220.66	1.0
221.13	2.0
221.61	3.0
222.09	4.0
222.54	1.0
223.01	2.0
223.45	3.0
223.91	4.0
224.36	1.0
224.79	2.0
225.26	3.0
225.78	4.0
226.34	1.0
226.89	2.0
227.46	3.0
227.98	4.0
228.53	1.0
229.08	2.0
229.64	3.0
230.21	4.0
230.76	1.0
231.29	2.0
231.8	3.0
232.33	4.0
232.86	1.0
233.36	2.0
233.85	3.0
234.34	4.0
234.81	1.0
235.3	2.0
235.76	3.0
236.26	4.0
236.72	1.0
237.22	2.0
237.7	3.0
238.18	4.0
238.64	1.0
239.12	2.0
239.62	3.0
240.09	4.0
240.58	1.0
241.04	2.0
241.54	3.0
242.02	4.0
242.49	1.0
242.98	2.0
243.45	3.0
243.93	4.0
