1.19	1.0
1.67	2.0
2.14	3.0
2.6	4.0
3.05	1.0
3.49	2.0
3.98	3.0
4.43	4.0
4.91	1.0
5.36	2.0
5.85	3.0
6.3	4.0
6.77	1.0
7.25	2.0
7.71	3.0
8.18	4.0
8.66	1.0
9.12	2.0
9.59	3.0
10.05	4.0
10.51	1.0
10.98	2.0
11.45	3.0
11.92	4.0
12.39	1.0
12.85	2.0
13.33	3.0
13.79	4.0
14.25	1.0
14.72	2.0
15.19	3.0
15.65	4.0
16.12	1.0
16.58	2.0
17.06	3.0
17.52	4.0
17.98	1.0
18.45	2.0
18.92	3.0
19.39	4.0
19.86	1.0
20.32	2.0
20.79	3.0
21.25	4.0
21.71	1.0
22.19	2.0
22.66	3.0
23.12	4.0
23.59	1.0
24.05	2.0
24.52	3.0
24.99	4.0
25.46	1.0
25.92	2.0
26.4	3.0
26.86	4.0
27.33	1.0
27.79	2.0
28.26	3.0
28.73	4.0
29.19	1.0
29.66	2.0
30.13	3.0
30.6	4.0
31.06	1.0
31.53	2.0
32.01	3.0
32.48	4.0
32.95	1.0
33.42	2.0
33.9	3.0
34.37	4.0
34.83	1.0
35.3	2.0
35.77	3.0
36.24	4.0
36.71	1.0
37.18	2.0
37.65	3.0
38.11	4.0
38.58	1.0
39.05	2.0
39.52	3.0
39.98	4.0
40.44	1.0
40.9	2.0
41.38	3.0
41.84	4.0
42.31	1.0
42.78	2.0
43.26	3.0
43.72	4.0
44.19	1.0
44.66	2.0
45.13	3.0
45.6	4.0
46.07	1.0
46.54	2.0
47.01	3.0
47.48	4.0
47.94	1.0
48.41	2.0
48.89	3.0
49.35	4.0
49.82	1.0
50.29	2.0
50.76	3.0
51.23	4.0
51.7	1.0
52.17	2.0
52.64	3.0
53.11	4.0
53.57	1.0
54.05	2.0
54.52	3.0
55.0	4.0
55.46	1.0
55.93	2.0
56.4	3.0
56.87	4.0
57.34	1.0
57.8	2.0
58.28	3.0
58.75	4.0
59.22	1.0
59.69	2.0
60.17	3.0
60.63	4.0
61.11	1.0
61.57	2.0
62.04	3.0
62.51	4.0
62.98	1.0
63.46	2.0
63.93	3.0
64.4	4.0
64.87	1.0
65.34	2.0
65.8	3.0
66.28	4.0
66.74	1.0
67.21	2.0
67.67	3.0
68.14	4.0
68.6	1.0
69.07	2.0
69.53	3.0
70.0	4.0
70.47	1.0
70.94	2.0
71.4	3.0
71.87	4.0
72.34	1.0
72.81	2.0
73.27	3.0
73.75	4.0
74.21	1.0
74.69	2.0
75.15	3.0
75.61	4.0
76.09	1.0
76.54	2.0
77.0	3.0
77.46	4.0
77.93	1.0
78.39	2.0
78.84	3.0
79.31	4.0
79.77	1.0
80.24	2.0
80.69	3.0
81.16	4.0
81.62	1.0
82.07	2.0
82.53	3.0
83.0	4.0
83.46	1.0
83.92	2.0
84.39	3.0
84.86	4.0
85.32	1.0
85.78	2.0
86.25	3.0
86.72	4.0
87.18	1.0
87.65	2.0
88.12	3.0
88.58	4.0
89.05	1.0
89.52	2.0
89.99	3.0
90.45	4.0
90.93	1.0
91.4	2.0
91.87	3.0
92.34	4.0
92.8	1.0
93.28	2.0
93.75	3.0
94.22	4.0
94.68	1.0
95.15	2.0
95.62	3.0
96.09	4.0
96.55	1.0
97.02	2.0
97.49	3.0
97.96	4.0
98.42	1.0
98.9	2.0
99.38	3.0
99.84	4.0
100.32	1.0
100.78	2.0
101.26	3.0
101.73	4.0
102.2	1.0
102.67	2.0
103.14	3.0
103.61	4.0
104.08	1.0
104.55	2.0
105.02	3.0
105.49	4.0
105.96	1.0
106.44	2.0
106.9	3.0
107.38	4.0
107.84	1.0
108.32	2.0
108.79	3.0
109.26	4.0
109.72	1.0
110.19	2.0
110.66	3.0
111.13	4.0
111.6	1.0
112.07	2.0
112.53	3.0
112.99	4.0
113.43	1.0
113.9	2.0
114.37	3.0
114.84	4.0
115.3	1.0
115.77	2.0
116.22	3.0
116.71	4.0
117.17	1.0
117.64	2.0
118.1	3.0
118.58	4.0
119.05	1.0
119.51	2.0
119.98	3.0
120.44	4.0
120.89	1.0
121.37	2.0
121.83	3.0
122.3	4.0
122.75	1.0
123.22	2.0
123.68	3.0
124.16	4.0
124.62	1.0
125.09	2.0
125.55	3.0
126.02	4.0
126.48	1.0
126.94	2.0
127.4	3.0
127.85	4.0
128.31	1.0
128.78	2.0
129.26	3.0
129.72	4.0
130.19	1.0
130.66	2.0
131.13	3.0
131.6	4.0
132.06	1.0
132.54	2.0
133.01	3.0
133.47	4.0
133.94	1.0
134.41	2.0
134.88	3.0
135.34	4.0
135.8	1.0
136.28	2.0
136.74	3.0
137.21	4.0
137.67	1.0
138.14	2.0
138.61	3.0
139.07	4.0
139.53	1.0
140.0	2.0
140.46	3.0
140.92	4.0
141.39	1.0
141.84	2.0
142.31	3.0
142.78	4.0
143.24	1.0
143.7	2.0
144.17	3.0
144.64	4.0
145.1	1.0
145.57	2.0
146.04	3.0
146.5	4.0
146.96	1.0
147.43	2.0
147.9	3.0
148.37	4.0
148.82	1.0
149.3	2.0
149.78	3.0
150.24	4.0
150.69	1.0
151.16	2.0
151.64	3.0
152.11	4.0
152.58	1.0
153.05	2.0
153.51	3.0
153.98	4.0
154.45	1.0
154.91	2.0
155.37	3.0
155.84	4.0
156.32	1.0
156.79	2.0
157.25	3.0
157.72	4.0
158.18	1.0
158.64	2.0
159.12	3.0
159.58	4.0
160.06	1.0
160.52	2.0
161.0	3.0
161.47	4.0
161.93	1.0
162.4	2.0
162.87	3.0
163.33	4.0
163.8	1.0
164.27	2.0
164.72	3.0
165.19	4.0
165.64	1.0
166.12	2.0
166.59	3.0
167.06	4.0
167.53	1.0
167.99	2.0
168.47	3.0
168.93	4.0
169.41	1.0
169.87	2.0
170.34	3.0
170.81	4.0
171.27	1.0
171.73	2.0
172.2	3.0
172.66	4.0
173.13	1.0
173.6	2.0
174.07	3.0
174.54	4.0
174.99	1.0
175.47	2.0
175.94	3.0
176.41	4.0
176.87	1.0
177.34	2.0
177.8	3.0
178.27	4.0
178.74	1.0
179.19	2.0
179.67	3.0
180.14	4.0
180.6	1.0
181.07	2.0
181.54	3.0
182.02	4.0
182.48	1.0
182.96	2.0
183.43	3.0
183.89	4.0
184.37	1.0
184.82	2.0
185.3	3.0
185.76	4.0
186.22	1.0
186.69	2.0
187.16	3.0
187.62	4.0
188.08	1.0
188.55	2.0
189.0	3.0
189.48	4.0
189.96	1.0
190.42	2.0
190.9	3.0
191.36	4.0
191.83	1.0
192.3	2.0
192.76	3.0
193.24	4.0
193.71	1.0
194.18	2.0
194.65	3.0
195.12	4.0
195.58	1.0
196.05	2.0
196.53	3.0
196.99	4.0
197.47	1.0
197.94	2.0
198.42	3.0
198.88	4.0
199.36	1.0
199.82	2.0
200.29	3.0
200.77	4.0
201.23	1.0
201.69	2.0
202.15	3.0
202.62	4.0
203.08	1.0
203.54	2.0
204.02	3.0
204.48	4.0
204.94	1.0
205.42	2.0
205.89	3.0
206.37	4.0
206.83	1.0
207.29	2.0
207.76	3.0
208.23	4.0
208.7	1.0
209.16	2.0
209.64	3.0
210.09	4.0
210.56	1.0
211.02	2.0
211.49	3.0
211.97	4.0
212.44	1.0
212.92	2.0
213.39	3.0
213.85	4.0
214.31	1.0
214.77	2.0
215.25	3.0
215.71	4.0
216.16	1.0
216.63	2.0
217.11	3.0
217.58	4.0
218.04	1.0
