0.57	1.0
1.46	2.0
2.29	3.0
3.13	4.0
3.97	1.0
4.81	2.0
5.61	3.0
6.43	4.0
7.25	1.0
8.04	2.0
8.85	3.0
9.67	4.0
10.48	1.0
11.28	2.0
12.06	3.0
12.81	4.0
13.55	1.0
14.33	2.0
15.07	3.0
15.81	4.0
16.55	1.0
17.31	2.0
18.05	3.0
18.8	4.0
19.53	1.0
20.29	2.0
21.02	3.0
21.76	4.0
22.49	1.0
23.24	2.0
23.97	3.0
24.69	4.0
25.41	1.0
26.18	2.0
26.91	3.0
27.66	4.0
28.4	1.0
29.16	2.0
29.9	3.0
30.64	4.0
31.37	1.0
32.11	2.0
32.83	3.0
33.58	4.0
34.3	1.0
35.04	2.0
35.76	3.0
36.5	4.0
37.2	1.0
37.95	2.0
38.67	3.0
39.41	4.0
40.14	1.0
40.86	2.0
41.58	3.0
42.32	4.0
43.04	1.0
43.78	2.0
44.51	3.0
45.25	4.0
45.98	1.0
46.71	2.0
47.44	3.0
48.17	4.0
48.9	1.0
49.64	2.0
50.37	3.0
51.11	4.0
51.85	1.0
52.58	2.0
53.32	3.0
54.06	4.0
54.79	1.0
55.54	2.0
56.26	3.0
57.0	4.0
57.74	1.0
58.46	2.0
59.19	3.0
59.91	4.0
60.63	1.0
61.37	2.0
62.1	3.0
62.84	4.0
63.57	1.0
64.29	2.0
65.01	3.0
65.76	4.0
66.46	1.0
67.19	2.0
67.91	3.0
68.64	4.0
69.37	1.0
70.09	2.0
70.82	3.0
71.53	4.0
72.22	1.0
72.96	2.0
73.66	3.0
74.38	4.0
75.12	1.0
75.84	2.0
76.57	3.0
77.29	4.0
78.03	1.0
78.76	2.0
79.49	3.0
80.22	4.0
80.95	1.0
81.68	2.0
82.38	3.0
83.09	4.0
83.83	1.0
84.58	2.0
85.29	3.0
86.03	4.0
86.78	1.0
87.5	2.0
88.23	3.0
88.96	4.0
89.69	1.0
90.41	2.0
91.13	3.0
91.87	4.0
92.59	1.0
93.33	2.0
94.04	3.0
94.74	4.0
95.45	1.0
96.2	2.0
96.92	3.0
97.64	4.0
98.36	1.0
99.1	2.0
99.82	3.0
100.54	4.0
101.27	1.0
102.0	2.0
102.71	3.0
103.44	4.0
104.16	1.0
104.89	2.0
105.62	3.0
106.33	4.0
107.04	1.0
107.78	2.0
108.5	3.0
109.22	4.0
109.94	1.0
110.68	2.0
111.38	3.0
112.1	4.0
112.82	1.0
113.54	2.0
114.25	3.0
114.98	4.0
115.69	1.0
116.4	2.0
117.11	3.0
117.82	4.0
118.52	1.0
119.26	2.0
119.99	3.0
120.72	4.0
121.45	1.0
122.2	2.0
122.91	3.0
123.66	4.0
124.37	1.0
125.1	2.0
125.82	3.0
126.54	4.0
127.26	1.0
127.98	2.0
128.7	3.0
129.41	4.0
130.11	1.0
130.86	2.0
131.58	3.0
132.32	4.0
133.04	1.0
133.76	2.0
134.47	3.0
135.2	4.0
135.93	1.0
136.65	2.0
137.37	3.0
138.09	4.0
138.83	1.0
139.55	2.0
140.27	3.0
140.97	4.0
141.68	1.0
142.42	2.0
143.14	3.0
143.88	4.0
144.61	1.0
145.33	2.0
146.06	3.0
146.78	4.0
147.51	1.0
148.24	2.0
148.97	3.0
149.69	4.0
150.42	1.0
151.13	2.0
151.84	3.0
152.55	4.0
153.27	1.0
153.99	2.0
154.71	3.0
155.46	4.0
156.17	1.0
156.9	2.0
157.62	3.0
158.34	4.0
159.06	1.0
159.79	2.0
160.5	3.0
161.22	4.0
161.95	1.0
162.66	2.0
163.36	3.0
164.07	4.0
164.76	1.0
165.49	2.0
166.21	3.0
166.94	4.0
167.64	1.0
168.36	2.0
169.08	3.0
169.8	4.0
170.53	1.0
171.24	2.0
171.96	3.0
172.67	4.0
173.39	1.0
174.1	2.0
174.81	3.0
175.51	4.0
176.24	1.0
176.97	2.0
177.68	3.0
178.41	4.0
179.13	1.0
179.84	2.0
180.56	3.0
181.27	4.0
181.99	1.0
182.69	2.0
183.41	3.0
184.12	4.0
184.84	1.0
185.56	2.0
186.26	3.0
186.96	4.0
187.67	1.0
188.41	2.0
189.13	3.0
189.85	4.0
190.57	1.0
191.29	2.0
192.02	3.0
192.73	4.0
193.45	1.0
194.16	2.0
194.88	3.0
195.59	4.0
196.3	1.0
197.02	2.0
197.74	3.0
198.45	4.0
199.15	1.0
199.88	2.0
200.6	3.0
201.31	4.0
202.03	1.0
202.75	2.0
203.46	3.0
204.17	4.0
204.88	1.0
205.6	2.0
206.3	3.0
207.01	4.0
207.7	1.0
208.39	2.0
209.07	3.0
209.76	4.0
210.43	1.0
211.17	2.0
211.89	3.0
212.6	4.0
213.3	1.0
214.03	2.0
214.74	3.0
215.47	4.0
216.18	1.0
216.9	2.0
217.61	3.0
218.32	4.0
219.02	1.0
219.72	2.0
220.42	3.0
221.11	4.0
221.8	1.0
222.54	2.0
223.26	3.0
223.97	4.0
224.69	1.0
225.41	2.0
226.12	3.0
226.83	4.0
227.53	1.0
228.25	2.0
228.95	3.0
229.66	4.0
230.36	1.0
231.05	2.0
231.75	3.0
232.43	4.0
233.11	1.0
233.83	2.0
234.5	3.0
235.18	4.0
235.87	1.0
236.56	2.0
237.24	3.0
237.92	4.0
238.6	1.0
239.29	2.0
239.97	3.0
240.68	4.0
241.35	1.0
242.05	2.0
242.74	3.0
243.42	4.0
244.1	1.0
244.79	2.0
245.48	3.0
246.17	4.0
246.86	1.0
247.55	2.0
248.22	3.0
248.9	4.0
249.58	1.0
250.24	2.0
250.92	3.0
251.59	4.0
252.26	1.0
252.94	2.0
253.6	3.0
254.27	4.0
254.95	1.0
255.67	2.0
256.36	3.0
257.07	4.0
257.76	1.0
258.46	2.0
259.16	3.0
259.85	4.0
260.54	1.0
261.25	2.0
261.95	3.0
262.64	4.0
263.34	1.0
264.04	2.0
264.73	3.0
265.41	4.0
266.11	1.0
266.82	2.0
267.51	3.0
268.2	4.0
268.89	1.0
269.57	2.0
270.25	3.0
270.93	4.0
271.62	1.0
272.31	2.0
272.98	3.0
273.66	4.0
274.34	1.0
275.02	2.0
275.69	3.0
276.37	4.0
277.04	1.0
277.74	2.0
278.42	3.0
279.1	4.0
279.79	1.0
280.47	2.0
281.16	3.0
281.85	4.0
282.53	1.0
283.22	2.0
283.9	3.0
284.58	4.0
285.26	1.0
285.92	2.0
286.59	3.0
287.26	4.0
287.93	1.0
288.64	2.0
289.33	3.0
290.01	4.0
290.7	1.0
291.39	2.0
292.07	3.0
292.74	4.0
293.42	1.0
294.09	2.0
294.78	3.0
295.47	4.0
296.15	1.0
296.83	2.0
297.51	3.0
298.19	4.0
298.88	1.0
299.58	2.0
300.27	3.0
300.95	4.0
301.63	1.0
302.32	2.0
303.01	3.0
303.69	4.0
304.37	1.0
