0.31	1.0
0.8	2.0
1.3	3.0
1.78	4.0
2.28	1.0
2.75	2.0
3.21	3.0
3.68	4.0
4.14	1.0
4.62	2.0
5.08	3.0
5.55	4.0
6.04	1.0
6.51	2.0
6.98	3.0
7.45	4.0
7.91	1.0
8.39	2.0
8.87	3.0
9.35	4.0
9.81	1.0
10.26	2.0
10.71	3.0
11.17	4.0
11.63	1.0
12.1	2.0
12.57	3.0
13.04	4.0
13.49	1.0
13.96	2.0
14.41	3.0
14.89	4.0
15.35	1.0
15.82	2.0
16.29	3.0
16.75	4.0
17.21	1.0
17.7	2.0
18.17	3.0
18.64	4.0
19.1	1.0
19.58	2.0
20.05	3.0
20.5	4.0
20.99	1.0
21.45	2.0
21.92	3.0
22.38	4.0
22.85	1.0
23.32	2.0
23.81	3.0
24.3	4.0
24.76	1.0
25.26	2.0
25.72	3.0
26.16	4.0
26.63	1.0
27.11	2.0
27.58	3.0
28.05	4.0
28.51	1.0
28.97	2.0
29.44	3.0
29.91	4.0
30.37	1.0
30.84	2.0
31.31	3.0
31.76	4.0
32.22	1.0
32.68	2.0
33.16	3.0
33.61	4.0
34.1	1.0
34.57	2.0
35.07	3.0
35.53	4.0
35.99	1.0
36.46	2.0
36.94	3.0
37.41	4.0
37.89	1.0
38.36	2.0
38.83	3.0
39.28	4.0
39.75	1.0
40.24	2.0
40.7	3.0
41.16	4.0
41.63	1.0
42.11	2.0
42.57	3.0
43.05	4.0
43.5	1.0
43.97	2.0
44.45	3.0
44.91	4.0
45.39	1.0
45.86	2.0
46.33	3.0
46.78	4.0
47.22	1.0
47.68	2.0
48.13	3.0
48.59	4.0
49.05	1.0
49.52	2.0
50.0	3.0
50.49	4.0
50.98	1.0
51.45	2.0
51.88	3.0
52.34	4.0
52.79	1.0
53.23	2.0
53.69	3.0
54.13	4.0
54.6	1.0
55.09	2.0
55.54	3.0
56.02	4.0
56.5	1.0
56.96	2.0
57.44	3.0
57.91	4.0
58.37	1.0
58.84	2.0
59.31	3.0
59.75	4.0
60.21	1.0
60.68	2.0
61.17	3.0
61.62	4.0
62.07	1.0
62.54	2.0
63.01	3.0
63.47	4.0
63.92	1.0
64.4	2.0
64.87	3.0
65.34	4.0
65.8	1.0
66.28	2.0
66.74	3.0
67.2	4.0
67.67	1.0
68.16	2.0
68.62	3.0
69.1	4.0
69.56	1.0
70.0	2.0
70.48	3.0
70.93	4.0
71.4	1.0
71.87	2.0
72.33	3.0
72.81	4.0
73.26	1.0
73.74	2.0
74.2	3.0
74.64	4.0
75.11	1.0
75.59	2.0
76.06	3.0
76.54	4.0
76.99	1.0
77.46	2.0
77.89	3.0
78.34	4.0
78.81	1.0
79.24	2.0
79.71	3.0
80.16	4.0
80.62	1.0
81.09	2.0
81.54	3.0
81.98	4.0
82.44	1.0
82.91	2.0
83.37	3.0
83.8	4.0
84.26	1.0
84.71	2.0
85.17	3.0
85.61	4.0
86.08	1.0
86.54	2.0
87.0	3.0
87.45	4.0
87.91	1.0
88.36	2.0
88.84	3.0
89.29	4.0
89.73	1.0
90.2	2.0
90.65	3.0
91.1	4.0
91.57	1.0
92.05	2.0
92.52	3.0
92.99	4.0
93.44	1.0
93.91	2.0
94.36	3.0
94.82	4.0
95.28	1.0
95.75	2.0
96.21	3.0
96.65	4.0
97.11	1.0
97.59	2.0
98.05	3.0
98.51	4.0
98.97	1.0
99.44	2.0
99.92	3.0
100.38	4.0
100.83	1.0
101.3	2.0
101.76	3.0
102.22	4.0
102.68	1.0
103.13	2.0
103.59	3.0
104.06	4.0
104.52	1.0
104.98	2.0
105.44	3.0
105.91	4.0
106.36	1.0
106.8	2.0
107.27	3.0
107.73	4.0
108.18	1.0
108.64	2.0
109.1	3.0
109.55	4.0
110.0	1.0
110.44	2.0
110.89	3.0
111.35	4.0
111.81	1.0
112.27	2.0
112.73	3.0
113.18	4.0
113.63	1.0
114.07	2.0
114.51	3.0
114.96	4.0
115.41	1.0
115.87	2.0
116.32	3.0
116.77	4.0
117.22	1.0
117.65	2.0
118.12	3.0
118.57	4.0
119.0	1.0
119.48	2.0
119.94	3.0
120.39	4.0
120.85	1.0
121.3	2.0
121.76	3.0
122.19	4.0
122.66	1.0
123.11	2.0
123.56	3.0
124.01	4.0
124.45	1.0
124.9	2.0
125.36	3.0
125.8	4.0
126.25	1.0
126.69	2.0
127.13	3.0
127.58	4.0
128.02	1.0
128.47	2.0
128.92	3.0
129.37	4.0
129.82	1.0
130.27	2.0
130.71	3.0
131.17	4.0
131.62	1.0
132.07	2.0
132.51	3.0
132.98	4.0
133.43	1.0
133.87	2.0
134.32	3.0
134.78	4.0
135.22	1.0
135.67	2.0
136.1	3.0
136.54	4.0
136.99	1.0
137.45	2.0
137.91	3.0
138.34	4.0
138.81	1.0
139.24	2.0
139.69	3.0
140.15	4.0
140.6	1.0
141.05	2.0
141.51	3.0
141.95	4.0
142.4	1.0
142.86	2.0
143.31	3.0
143.75	4.0
144.21	1.0
144.68	2.0
145.14	3.0
145.62	4.0
146.09	1.0
146.56	2.0
147.03	3.0
147.48	4.0
147.95	1.0
148.43	2.0
148.89	3.0
149.35	4.0
149.78	1.0
150.21	2.0
150.67	3.0
151.12	4.0
151.57	1.0
152.03	2.0
152.48	3.0
152.94	4.0
153.41	1.0
153.87	2.0
154.32	3.0
154.79	4.0
155.24	1.0
155.7	2.0
156.17	3.0
156.61	4.0
157.07	1.0
157.54	2.0
158.01	3.0
158.44	4.0
158.89	1.0
159.36	2.0
159.81	3.0
160.28	4.0
160.74	1.0
161.22	2.0
161.68	3.0
162.15	4.0
162.59	1.0
163.06	2.0
163.52	3.0
163.99	4.0
164.46	1.0
164.91	2.0
165.39	3.0
165.86	4.0
166.34	1.0
166.82	2.0
167.29	3.0
167.76	4.0
168.24	1.0
168.73	2.0
169.2	3.0
169.68	4.0
170.14	1.0
170.59	2.0
171.04	3.0
171.5	4.0
171.99	1.0
172.44	2.0
172.93	3.0
173.38	4.0
173.85	1.0
174.32	2.0
174.79	3.0
175.27	4.0
175.73	1.0
176.22	2.0
176.69	3.0
177.14	4.0
177.63	1.0
178.09	2.0
178.56	3.0
179.03	4.0
179.51	1.0
179.97	2.0
180.42	3.0
180.89	4.0
181.34	1.0
181.81	2.0
182.27	3.0
182.74	4.0
183.2	1.0
183.68	2.0
184.14	3.0
184.61	4.0
185.07	1.0
185.55	2.0
186.01	3.0
186.48	4.0
186.95	1.0
187.43	2.0
187.91	3.0
188.37	4.0
188.81	1.0
189.27	2.0
189.76	3.0
190.22	4.0
190.68	1.0
191.15	2.0
191.6	3.0
192.06	4.0
192.52	1.0
192.97	2.0
193.42	3.0
193.87	4.0
194.33	1.0
194.81	2.0
195.26	3.0
195.73	4.0
196.18	1.0
196.62	2.0
197.07	3.0
197.53	4.0
197.99	1.0
198.44	2.0
198.89	3.0
199.34	4.0
199.8	1.0
200.24	2.0
200.69	3.0
201.13	4.0
201.58	1.0
202.05	2.0
202.49	3.0
202.95	4.0
203.4	1.0
203.85	2.0
204.29	3.0
204.75	4.0
205.19	1.0
205.64	2.0
206.08	3.0
206.54	4.0
207.0	1.0
207.44	2.0
207.88	3.0
208.31	4.0
208.76	1.0
209.22	2.0
209.67	3.0
210.12	4.0
210.58	1.0
211.02	2.0
211.48	3.0
211.93	4.0
212.38	1.0
212.81	2.0
213.24	3.0
213.69	4.0
214.14	1.0
214.58	2.0
215.02	3.0
215.44	4.0
215.89	1.0
216.34	2.0
216.79	3.0
217.24	4.0
217.68	1.0
218.14	2.0
218.58	3.0
219.04	4.0
219.5	1.0
219.95	2.0
220.39	3.0
220.84	4.0
221.28	1.0
221.73	2.0
222.2	3.0
222.64	4.0
223.08	1.0
223.51	2.0
223.92	3.0
224.36	4.0
224.8	1.0
225.23	2.0
225.68	3.0
226.12	4.0
226.57	1.0
227.05	2.0
227.51	3.0
227.96	4.0
228.41	1.0
228.87	2.0
229.32	3.0
229.77	4.0
230.22	1.0
230.66	2.0
231.11	3.0
231.57	4.0
232.02	1.0
232.49	2.0
232.93	3.0
233.38	4.0
233.82	1.0
234.29	2.0
234.74	3.0
235.19	4.0
235.66	1.0
236.1	2.0
236.56	3.0
237.02	4.0
237.46	1.0
237.92	2.0
238.35	3.0
238.8	4.0
239.25	1.0
239.7	2.0
240.17	3.0
240.61	4.0
241.05	1.0
241.52	2.0
241.96	3.0
242.41	4.0
242.87	1.0
243.31	2.0
243.76	3.0
244.19	4.0
244.64	1.0
245.09	2.0
245.55	3.0
246.0	4.0
246.46	1.0
246.9	2.0
247.37	3.0
247.83	4.0
248.3	1.0
248.74	2.0
249.21	3.0
249.68	4.0
250.14	1.0
250.58	2.0
251.04	3.0
251.47	4.0
251.92	1.0
252.36	2.0
252.81	3.0
253.26	4.0
253.7	1.0
254.16	2.0
254.59	3.0
255.04	4.0
255.48	1.0
255.95	2.0
256.42	3.0
256.86	4.0
257.31	1.0
257.76	2.0
258.19	3.0
258.63	4.0
259.07	1.0
259.5	2.0
259.97	3.0
260.41	4.0
260.86	1.0
261.32	2.0
261.77	3.0
262.21	4.0
262.67	1.0
263.1	2.0
263.56	3.0
264.01	4.0
264.45	1.0
264.9	2.0
265.35	3.0
265.78	4.0
266.21	1.0
266.68	2.0
267.11	3.0
267.56	4.0
268.0	1.0
268.44	2.0
268.89	3.0
269.34	4.0
269.8	1.0
270.24	2.0
270.69	3.0
271.15	4.0
271.59	1.0
272.04	2.0
272.48	3.0
272.93	4.0
273.38	1.0
273.84	2.0
274.29	3.0
274.73	4.0
275.19	1.0
275.63	2.0
276.07	3.0
276.53	4.0
276.96	1.0
277.41	2.0
277.86	3.0
278.31	4.0
278.75	1.0
279.2	2.0
279.65	3.0
280.1	4.0
280.55	1.0
280.98	2.0
281.43	3.0
281.88	4.0
282.32	1.0
282.75	2.0
283.2	3.0
283.65	4.0
284.1	1.0
284.54	2.0
284.99	3.0
285.42	4.0
285.87	1.0
286.3	2.0
286.73	3.0
287.18	4.0
287.62	1.0
288.06	2.0
288.5	3.0
288.94	4.0
289.37	1.0
289.82	2.0
290.25	3.0
290.7	4.0
291.14	1.0
291.57	2.0
292.01	3.0
292.46	4.0
292.89	1.0
293.33	2.0
293.77	3.0
294.22	4.0
294.66	1.0
295.09	2.0
295.52	3.0
295.95	4.0
296.39	1.0
296.83	2.0
297.26	3.0
297.7	4.0
298.15	1.0
298.59	2.0
299.03	3.0
299.46	4.0
299.91	1.0
300.35	2.0
300.79	3.0
301.23	4.0
301.67	1.0
302.11	2.0
302.55	3.0
302.98	4.0
303.42	1.0
303.86	2.0
304.3	3.0
304.73	4.0
305.16	1.0
305.59	2.0
306.01	3.0
306.44	4.0
306.88	1.0
307.33	2.0
307.77	3.0
308.22	4.0
308.68	1.0
309.12	2.0
309.55	3.0
310.0	4.0
310.45	1.0
310.88	2.0
311.33	3.0
311.77	4.0
312.21	1.0
312.65	2.0
313.09	3.0
313.55	4.0
313.98	1.0
314.43	2.0
314.89	3.0
315.37	4.0
315.84	1.0
316.33	2.0
316.81	3.0
317.26	4.0
317.73	1.0
318.21	2.0
318.67	3.0
319.12	4.0
319.58	1.0
320.02	2.0
320.46	3.0
320.92	4.0
321.4	1.0
321.86	2.0
322.33	3.0
322.8	4.0
323.26	1.0
323.72	2.0
324.19	3.0
324.67	4.0
325.14	1.0
325.62	2.0
326.06	3.0
326.52	4.0
327.0	1.0
327.46	2.0
327.91	3.0
328.38	4.0
328.82	1.0
329.3	2.0
329.75	3.0
330.21	4.0
330.67	1.0
331.13	2.0
331.58	3.0
332.05	4.0
332.5	1.0
332.97	2.0
333.43	3.0
333.9	4.0
334.36	1.0
334.81	2.0
335.3	3.0
335.79	4.0
336.26	1.0
336.74	2.0
337.2	3.0
337.67	4.0
338.15	1.0
338.63	2.0
339.1	3.0
339.57	4.0
340.05	1.0
340.52	2.0
340.97	3.0
341.44	4.0
341.92	1.0
342.39	2.0
342.88	3.0
343.37	4.0
343.85	1.0
344.33	2.0
344.79	3.0
345.29	4.0
345.76	1.0
346.22	2.0
346.69	3.0
347.14	4.0
347.61	1.0
348.07	2.0
348.53	3.0
349.0	4.0
349.46	1.0
349.92	2.0
350.36	3.0
350.85	4.0
351.32	1.0
351.78	2.0
352.24	3.0
352.74	4.0
353.22	1.0
353.68	2.0
354.13	3.0
354.6	4.0
355.07	1.0
355.51	2.0
355.97	3.0
356.43	4.0
356.91	1.0
357.37	2.0
357.82	3.0
358.28	4.0
358.75	1.0
359.24	2.0
359.71	3.0
360.18	4.0
360.67	1.0
361.13	2.0
361.58	3.0
362.02	4.0
362.47	1.0
362.91	2.0
363.36	3.0
363.81	4.0
364.27	1.0
364.73	2.0
365.18	3.0
365.63	4.0
366.06	1.0
366.53	2.0
366.98	3.0
367.42	4.0
367.86	1.0
368.33	2.0
368.77	3.0
369.2	4.0
369.64	1.0
370.11	2.0
370.55	3.0
371.0	4.0
371.44	1.0
371.9	2.0
372.35	3.0
372.79	4.0
373.24	1.0
373.71	2.0
374.16	3.0
374.61	4.0
375.06	1.0
375.49	2.0
375.96	3.0
376.42	4.0
376.87	1.0
377.35	2.0
377.79	3.0
378.23	4.0
378.69	1.0
379.15	2.0
379.6	3.0
380.04	4.0
380.48	1.0
380.94	2.0
381.39	3.0
381.86	4.0
382.32	1.0
382.77	2.0
383.21	3.0
383.66	4.0
384.1	1.0
384.56	2.0
385.01	3.0
385.47	4.0
385.91	1.0
386.37	2.0
386.83	3.0
387.28	4.0
387.72	1.0
388.19	2.0
388.65	3.0
389.11	4.0
389.55	1.0
390.03	2.0
390.51	3.0
390.96	4.0
391.41	1.0
391.88	2.0
392.34	3.0
392.81	4.0
393.26	1.0
393.71	2.0
394.19	3.0
394.65	4.0
395.09	1.0
395.57	2.0
396.03	3.0
396.5	4.0
396.96	1.0
397.43	2.0
397.92	3.0
398.36	4.0
398.83	1.0
399.28	2.0
399.75	3.0
400.22	4.0
400.66	1.0
401.14	2.0
401.6	3.0
402.03	4.0
402.48	1.0
402.93	2.0
403.4	3.0
403.83	4.0
404.3	1.0
404.74	2.0
405.2	3.0
405.63	4.0
406.1	1.0
406.57	2.0
407.03	3.0
407.48	4.0
407.94	1.0
408.41	2.0
408.86	3.0
409.31	4.0
409.77	1.0
410.25	2.0
410.69	3.0
411.18	4.0
411.64	1.0
412.1	2.0
412.59	3.0
