0.24	3.0
0.64	4.0
1.07	1.0
1.49	2.0
1.91	3.0
2.33	4.0
2.76	1.0
3.18	2.0
3.6	3.0
4.03	4.0
4.45	1.0
4.88	2.0
5.3	3.0
5.71	4.0
6.14	1.0
6.56	2.0
6.99	3.0
7.41	4.0
7.83	1.0
8.26	2.0
8.68	3.0
9.11	4.0
9.53	1.0
9.95	2.0
10.37	3.0
10.8	4.0
11.22	1.0
11.64	2.0
12.06	3.0
12.49	4.0
12.91	1.0
13.33	2.0
13.75	3.0
14.18	4.0
14.6	1.0
15.02	2.0
15.45	3.0
15.87	4.0
16.3	1.0
16.71	2.0
17.13	3.0
17.57	4.0
17.99	1.0
18.41	2.0
18.83	3.0
19.26	4.0
19.68	1.0
20.1	2.0
20.52	3.0
20.95	4.0
21.37	1.0
21.8	2.0
22.21	3.0
22.64	4.0
23.06	1.0
23.48	2.0
23.9	3.0
24.33	4.0
24.75	1.0
25.18	2.0
25.6	3.0
26.02	4.0
26.44	1.0
26.87	2.0
27.29	3.0
27.71	4.0
28.14	1.0
28.56	2.0
28.98	3.0
29.41	4.0
29.83	1.0
30.26	2.0
30.67	3.0
31.1	4.0
31.52	1.0
31.94	2.0
32.36	3.0
32.79	4.0
33.21	1.0
33.64	2.0
34.06	3.0
34.48	4.0
34.91	1.0
35.33	2.0
35.75	3.0
36.17	4.0
36.6	1.0
37.02	2.0
37.44	3.0
37.86	4.0
38.29	1.0
38.7	2.0
39.13	3.0
39.55	4.0
39.98	1.0
40.4	2.0
40.82	3.0
41.24	4.0
41.66	1.0
42.09	2.0
42.51	3.0
42.93	4.0
43.36	1.0
43.78	2.0
44.2	3.0
44.63	4.0
45.05	1.0
45.47	2.0
45.89	3.0
46.31	4.0
46.73	1.0
47.15	2.0
47.58	3.0
48.0	4.0
48.42	1.0
48.84	2.0
49.27	3.0
49.69	4.0
50.11	1.0
50.53	2.0
50.96	3.0
51.38	4.0
51.8	1.0
52.22	2.0
52.65	3.0
53.07	4.0
53.49	1.0
53.91	2.0
54.33	3.0
54.76	4.0
55.17	1.0
55.59	2.0
56.01	3.0
56.44	4.0
56.86	1.0
57.28	2.0
57.7	3.0
58.12	4.0
58.54	1.0
58.96	2.0
59.39	3.0
59.81	4.0
60.23	1.0
60.65	2.0
61.08	3.0
61.49	4.0
61.92	1.0
62.35	2.0
62.76	3.0
63.18	4.0
63.61	1.0
64.03	2.0
64.45	3.0
64.87	4.0
65.3	1.0
65.72	2.0
66.14	3.0
66.57	4.0
66.99	1.0
67.4	2.0
67.81	3.0
68.25	4.0
68.67	1.0
69.1	2.0
69.52	3.0
69.94	4.0
70.36	1.0
70.78	2.0
71.2	3.0
71.63	4.0
72.05	1.0
72.47	2.0
72.89	3.0
73.31	4.0
73.74	1.0
74.15	2.0
74.57	3.0
75.0	4.0
75.43	1.0
75.85	2.0
76.27	3.0
76.68	4.0
77.11	1.0
77.53	2.0
77.96	3.0
78.38	4.0
78.8	1.0
79.23	2.0
79.64	3.0
80.07	4.0
80.49	1.0
80.9	2.0
81.33	3.0
81.75	4.0
82.18	1.0
82.59	2.0
83.02	3.0
83.44	4.0
83.86	1.0
84.29	2.0
84.7	3.0
85.13	4.0
85.55	1.0
85.97	2.0
86.39	3.0
86.81	4.0
87.24	1.0
87.66	2.0
88.08	3.0
88.51	4.0
88.92	1.0
89.34	2.0
89.77	3.0
90.19	4.0
90.61	1.0
91.04	2.0
91.45	3.0
91.88	4.0
92.31	1.0
92.72	2.0
93.15	3.0
93.57	4.0
93.99	1.0
94.41	2.0
94.83	3.0
95.26	4.0
95.68	1.0
96.1	2.0
96.52	3.0
96.94	4.0
97.37	1.0
97.79	2.0
98.21	3.0
98.63	4.0
99.06	1.0
99.48	2.0
99.9	3.0
100.32	4.0
100.74	1.0
101.17	2.0
101.58	3.0
102.01	4.0
102.43	1.0
102.85	2.0
103.27	3.0
103.7	4.0
104.12	1.0
104.54	2.0
104.96	3.0
105.39	4.0
105.8	1.0
106.23	2.0
106.65	3.0
107.07	4.0
107.49	1.0
107.91	2.0
108.34	3.0
108.76	4.0
109.18	1.0
109.6	2.0
110.02	3.0
110.45	4.0
110.87	1.0
111.29	2.0
111.71	3.0
112.14	4.0
112.56	1.0
112.98	2.0
113.4	3.0
113.83	4.0
114.24	1.0
114.67	2.0
115.09	3.0
115.51	4.0
115.93	1.0
116.35	2.0
116.77	3.0
117.2	4.0
117.62	1.0
118.04	2.0
118.46	3.0
118.88	4.0
119.3	1.0
119.73	2.0
120.15	3.0
120.57	4.0
120.99	1.0
121.42	2.0
121.83	3.0
122.25	4.0
122.68	1.0
123.1	2.0
123.52	3.0
123.94	4.0
124.37	1.0
124.79	2.0
125.21	3.0
125.63	4.0
126.05	1.0
126.48	2.0
126.89	3.0
127.31	4.0
127.74	1.0
128.16	2.0
128.58	3.0
129.0	4.0
129.42	1.0
129.85	2.0
130.27	3.0
130.69	4.0
131.12	1.0
131.53	2.0
131.96	3.0
132.38	4.0
132.8	1.0
133.22	2.0
133.64	3.0
134.06	4.0
134.49	1.0
134.9	2.0
135.33	3.0
135.76	4.0
136.17	1.0
136.59	2.0
137.02	3.0
137.44	4.0
137.86	1.0
138.28	2.0
138.7	3.0
139.11	4.0
139.54	1.0
139.97	2.0
140.4	3.0
140.82	4.0
141.24	1.0
141.66	2.0
142.09	3.0
142.52	4.0
142.94	1.0
143.38	2.0
143.8	3.0
144.23	4.0
144.66	1.0
145.08	2.0
145.51	3.0
145.94	4.0
146.36	1.0
146.78	2.0
147.21	3.0
147.64	4.0
148.06	1.0
148.49	2.0
148.91	3.0
149.34	4.0
149.77	1.0
150.19	2.0
150.62	3.0
151.05	4.0
151.47	1.0
151.89	2.0
152.32	3.0
152.75	4.0
153.16	1.0
153.6	2.0
154.02	3.0
154.45	4.0
154.88	1.0
155.3	2.0
155.73	3.0
156.15	4.0
156.59	1.0
157.0	2.0
157.43	3.0
157.85	4.0
158.27	1.0
158.7	2.0
159.12	3.0
159.56	4.0
159.98	1.0
160.41	2.0
160.84	3.0
161.25	4.0
161.69	1.0
162.09	2.0
162.53	3.0
162.95	4.0
163.37	1.0
163.79	2.0
164.21	3.0
164.63	4.0
165.05	1.0
165.47	2.0
165.9	3.0
166.32	4.0
166.74	1.0
167.16	2.0
167.58	3.0
168.0	4.0
168.42	1.0
168.84	2.0
169.26	3.0
169.68	4.0
170.1	1.0
170.52	2.0
170.94	3.0
171.36	4.0
171.79	1.0
172.21	2.0
172.63	3.0
173.05	4.0
173.47	1.0
173.9	2.0
174.31	3.0
174.74	4.0
175.16	1.0
175.58	2.0
175.99	3.0
176.42	4.0
176.84	1.0
177.26	2.0
177.68	3.0
178.1	4.0
178.52	1.0
178.94	2.0
179.36	3.0
179.79	4.0
180.21	1.0
180.63	2.0
181.05	3.0
181.47	4.0
181.89	1.0
182.31	2.0
182.73	3.0
183.16	4.0
183.57	1.0
183.99	2.0
184.41	3.0
184.83	4.0
185.26	1.0
185.68	2.0
186.1	3.0
186.52	4.0
186.94	1.0
187.36	2.0
187.78	3.0
188.2	4.0
188.62	1.0
189.05	2.0
189.46	3.0
189.89	4.0
190.3	1.0
190.73	2.0
191.15	3.0
191.57	4.0
191.99	1.0
192.41	2.0
192.83	3.0
193.25	4.0
193.67	1.0
194.08	2.0
194.51	3.0
194.94	4.0
195.35	1.0
195.77	2.0
196.2	3.0
196.62	4.0
197.04	1.0
197.46	2.0
197.89	3.0
198.31	4.0
198.73	1.0
199.15	2.0
199.57	3.0
199.99	4.0
200.41	1.0
200.83	2.0
201.25	3.0
201.67	4.0
202.09	1.0
202.51	2.0
202.94	3.0
203.35	4.0
203.78	1.0
204.19	2.0
204.62	3.0
205.03	4.0
205.45	1.0
205.87	2.0
206.3	3.0
206.72	4.0
207.13	1.0
207.55	2.0
207.97	3.0
208.39	4.0
208.81	1.0
209.24	2.0
209.65	3.0
210.07	4.0
210.48	1.0
210.91	2.0
211.33	3.0
211.75	4.0
212.17	1.0
212.59	2.0
213.01	3.0
213.42	4.0
213.85	1.0
214.28	2.0
214.68	3.0
215.12	4.0
215.52	1.0
