0.98	1.0
1.69	2.0
2.37	3.0
3.08	4.0
3.8	1.0
4.5	2.0
5.19	3.0
5.89	4.0
6.62	1.0
7.32	2.0
8.05	3.0
8.72	4.0
9.43	1.0
10.13	2.0
10.86	3.0
11.54	4.0
12.24	1.0
12.94	2.0
13.67	3.0
14.35	4.0
15.05	1.0
15.75	2.0
16.48	3.0
17.16	4.0
17.86	1.0
18.56	2.0
19.29	3.0
19.97	4.0
20.67	1.0
21.37	2.0
22.08	3.0
22.76	4.0
23.49	1.0
24.18	2.0
24.91	3.0
25.59	4.0
26.3	1.0
27.0	2.0
27.72	3.0
28.4	4.0
29.11	1.0
29.81	2.0
30.53	3.0
31.21	4.0
31.92	1.0
32.62	2.0
33.34	3.0
34.02	4.0
34.73	1.0
35.43	2.0
36.13	3.0
36.84	4.0
37.54	1.0
38.24	2.0
38.96	3.0
39.65	4.0
40.35	1.0
41.05	2.0
41.77	3.0
42.46	4.0
43.16	1.0
43.87	2.0
44.59	3.0
45.27	4.0
45.97	1.0
46.68	2.0
47.4	3.0
48.08	4.0
48.78	1.0
49.48	2.0
50.2	3.0
50.89	4.0
51.6	1.0
52.29	2.0
53.02	3.0
53.7	4.0
54.41	1.0
55.11	2.0
55.79	3.0
56.51	4.0
57.22	1.0
57.92	2.0
58.64	3.0
59.32	4.0
60.02	1.0
60.73	2.0
61.46	3.0
62.13	4.0
62.83	1.0
63.54	2.0
64.26	3.0
64.94	4.0
65.65	1.0
66.35	2.0
67.05	3.0
67.75	4.0
68.45	1.0
69.16	2.0
69.88	3.0
70.56	4.0
71.27	1.0
71.97	2.0
72.69	3.0
73.37	4.0
74.08	1.0
74.78	2.0
75.5	3.0
76.18	4.0
76.89	1.0
77.59	2.0
78.32	3.0
78.99	4.0
79.7	1.0
80.4	2.0
81.13	3.0
81.8	4.0
82.51	1.0
83.21	2.0
83.93	3.0
84.62	4.0
85.32	1.0
86.02	2.0
86.75	3.0
87.42	4.0
88.14	1.0
88.83	2.0
89.56	3.0
90.23	4.0
90.95	1.0
91.64	2.0
92.36	3.0
93.04	4.0
93.75	1.0
94.45	2.0
95.15	3.0
95.86	4.0
96.56	1.0
97.26	2.0
97.98	3.0
98.67	4.0
99.37	1.0
100.07	2.0
100.8	3.0
101.48	4.0
102.18	1.0
102.89	2.0
103.61	3.0
104.29	4.0
104.99	1.0
105.7	2.0
106.42	3.0
107.1	4.0
107.8	1.0
108.51	2.0
109.24	3.0
109.91	4.0
110.61	1.0
111.32	2.0
112.04	3.0
112.72	4.0
113.43	1.0
114.13	2.0
114.85	3.0
115.53	4.0
116.24	1.0
116.93	2.0
117.66	3.0
118.34	4.0
119.05	1.0
119.75	2.0
120.47	3.0
121.15	4.0
121.86	1.0
122.56	2.0
123.29	3.0
124.0	4.0
124.66	1.0
125.37	2.0
126.09	3.0
126.78	4.0
127.48	1.0
128.18	2.0
128.9	3.0
129.58	4.0
130.29	1.0
130.99	2.0
131.71	3.0
132.39	4.0
133.1	1.0
133.81	2.0
134.52	3.0
135.21	4.0
135.91	1.0
136.62	2.0
137.34	3.0
138.01	4.0
138.73	1.0
139.42	2.0
140.14	3.0
140.82	4.0
141.53	1.0
142.23	2.0
142.95	3.0
143.64	4.0
144.34	1.0
145.04	2.0
145.73	3.0
146.44	4.0
147.14	1.0
147.85	2.0
148.57	3.0
149.26	4.0
149.96	1.0
150.66	2.0
151.38	3.0
152.07	4.0
152.77	1.0
153.47	2.0
154.2	3.0
154.88	4.0
155.58	1.0
156.28	2.0
157.01	3.0
157.69	4.0
158.39	1.0
159.09	2.0
159.82	3.0
160.5	4.0
161.2	1.0
161.9	2.0
162.63	3.0
163.31	4.0
164.01	1.0
164.72	2.0
165.44	3.0
166.12	4.0
166.82	1.0
167.53	2.0
168.24	3.0
168.93	4.0
169.63	1.0
170.33	2.0
171.06	3.0
171.74	4.0
172.44	1.0
173.14	2.0
173.87	3.0
174.55	4.0
175.26	1.0
175.95	2.0
176.68	3.0
177.36	4.0
178.06	1.0
178.77	2.0
179.51	3.0
180.18	4.0
180.85	1.0
181.58	2.0
182.3	3.0
182.98	4.0
183.69	1.0
184.39	2.0
185.11	3.0
185.79	4.0
186.49	1.0
187.2	2.0
187.92	3.0
188.6	4.0
189.31	1.0
190.01	2.0
190.73	3.0
191.42	4.0
192.12	1.0
192.82	2.0
193.55	3.0
194.23	4.0
194.93	1.0
195.63	2.0
196.35	3.0
197.03	4.0
197.74	1.0
198.44	2.0
199.17	3.0
199.85	4.0
200.55	1.0
201.25	2.0
201.98	3.0
202.65	4.0
203.36	1.0
204.06	2.0
204.79	3.0
205.47	4.0
206.17	1.0
206.87	2.0
207.6	3.0
208.27	4.0
208.98	1.0
209.68	2.0
210.41	3.0
211.08	4.0
211.79	1.0
212.49	2.0
213.21	3.0
213.9	4.0
214.6	1.0
215.31	2.0
216.03	3.0
216.71	4.0
217.41	1.0
218.11	2.0
218.83	3.0
219.52	4.0
220.22	1.0
220.93	2.0
221.65	3.0
222.33	4.0
223.03	1.0
223.74	2.0
224.46	3.0
225.14	4.0
225.84	1.0
226.55	2.0
227.26	3.0
227.95	4.0
228.65	1.0
229.36	2.0
230.07	3.0
230.76	4.0
231.47	1.0
232.16	2.0
232.88	3.0
233.57	4.0
234.28	1.0
234.97	2.0
