0.54	1.0
1.35	2.0
2.23	3.0
3.12	4.0
3.97	1.0
4.81	2.0
5.68	3.0
6.57	4.0
7.43	1.0
8.27	2.0
9.13	3.0
9.99	4.0
10.84	1.0
11.73	2.0
12.6	3.0
13.46	4.0
14.27	1.0
15.15	2.0
16.0	3.0
16.87	4.0
17.73	1.0
18.56	2.0
19.44	3.0
20.26	4.0
21.16	1.0
22.01	2.0
22.85	3.0
23.72	4.0
24.61	1.0
25.43	2.0
26.3	3.0
27.12	4.0
28.02	1.0
28.85	2.0
29.7	3.0
30.61	4.0
31.44	1.0
32.32	2.0
33.19	3.0
34.06	4.0
34.9	1.0
35.78	2.0
36.62	3.0
37.5	4.0
38.33	1.0
39.18	2.0
40.04	3.0
40.9	4.0
41.77	1.0
42.63	2.0
43.48	3.0
44.36	4.0
45.19	1.0
46.05	2.0
46.92	3.0
47.78	4.0
48.65	1.0
49.48	2.0
50.34	3.0
51.18	4.0
52.06	1.0
52.9	2.0
53.8	3.0
54.66	4.0
55.53	1.0
56.36	2.0
57.21	3.0
58.09	4.0
58.95	1.0
59.82	2.0
60.67	3.0
61.54	4.0
62.39	1.0
63.26	2.0
64.11	3.0
64.94	4.0
65.81	1.0
66.71	2.0
67.55	3.0
68.43	4.0
69.26	1.0
70.13	2.0
70.97	3.0
71.85	4.0
72.69	1.0
73.55	2.0
74.42	3.0
75.28	4.0
76.11	1.0
76.97	2.0
77.83	3.0
78.72	4.0
79.56	1.0
80.42	2.0
81.31	3.0
82.17	4.0
82.97	1.0
83.85	2.0
84.72	3.0
85.59	4.0
86.43	1.0
87.29	2.0
88.13	3.0
89.02	4.0
89.89	1.0
90.75	2.0
91.58	3.0
92.46	4.0
93.34	1.0
94.18	2.0
95.04	3.0
95.88	4.0
96.78	1.0
97.62	2.0
98.47	3.0
99.3	4.0
100.16	1.0
101.05	2.0
101.9	3.0
102.75	4.0
103.62	1.0
104.48	2.0
105.34	3.0
106.19	4.0
107.06	1.0
107.91	2.0
108.77	3.0
109.62	4.0
110.51	1.0
111.38	2.0
112.23	3.0
113.07	4.0
113.93	1.0
114.8	2.0
115.65	3.0
116.51	4.0
117.39	1.0
118.22	2.0
119.09	3.0
119.93	4.0
120.78	1.0
121.64	2.0
122.52	3.0
123.36	4.0
124.24	1.0
125.1	2.0
125.94	3.0
126.81	4.0
127.67	1.0
128.53	2.0
129.4	3.0
130.24	4.0
131.11	1.0
131.98	2.0
132.84	3.0
133.69	4.0
134.55	1.0
135.41	2.0
136.26	3.0
137.11	4.0
137.98	1.0
138.85	2.0
139.71	3.0
140.56	4.0
141.42	1.0
142.29	2.0
143.13	3.0
144.02	4.0
144.87	1.0
145.72	2.0
146.58	3.0
147.43	4.0
148.29	1.0
149.16	2.0
150.02	3.0
150.84	4.0
151.7	1.0
152.56	2.0
153.42	3.0
154.28	4.0
155.16	1.0
156.05	2.0
156.92	3.0
157.74	4.0
158.61	1.0
159.47	2.0
160.35	3.0
161.18	4.0
162.02	1.0
162.87	2.0
163.76	3.0
164.61	4.0
165.49	1.0
166.35	2.0
167.21	3.0
168.06	4.0
168.93	1.0
169.79	2.0
170.63	3.0
171.5	4.0
172.36	1.0
173.24	2.0
174.08	3.0
174.92	4.0
175.78	1.0
176.66	2.0
177.52	3.0
178.36	4.0
179.22	1.0
180.09	2.0
180.95	3.0
181.79	4.0
182.65	1.0
183.54	2.0
184.39	3.0
185.23	4.0
186.08	1.0
186.96	2.0
187.8	3.0
188.65	4.0
189.5	1.0
190.38	2.0
191.22	3.0
192.07	4.0
192.94	1.0
193.82	2.0
194.66	3.0
195.53	4.0
196.39	1.0
197.29	2.0
198.13	3.0
198.99	4.0
199.85	1.0
200.72	2.0
201.57	3.0
202.4	4.0
203.24	1.0
204.13	2.0
205.0	3.0
205.89	4.0
206.74	1.0
207.61	2.0
208.42	3.0
209.27	4.0
210.15	1.0
211.03	2.0
211.86	3.0
212.72	4.0
213.59	1.0
214.45	2.0
215.3	3.0
216.16	4.0
217.0	1.0
217.89	2.0
218.73	3.0
219.59	4.0
220.47	1.0
221.32	2.0
222.17	3.0
223.02	4.0
223.87	1.0
224.74	2.0
225.6	3.0
226.48	4.0
227.35	1.0
228.21	2.0
229.09	3.0
229.97	4.0
230.89	1.0
231.79	2.0
