8.81	1.0
9.84	2.0
10.93	3.0
12.04	4.0
13.13	1.0
14.2	2.0
15.31	3.0
16.41	4.0
17.53	1.0
18.62	2.0
19.67	3.0
20.8	4.0
21.88	1.0
22.83	2.0
23.89	3.0
24.83	4.0
25.87	1.0
26.88	2.0
27.98	3.0
29.01	4.0
30.09	1.0
31.18	2.0
32.19	3.0
33.23	4.0
34.27	1.0
35.27	2.0
36.25	3.0
37.21	4.0
38.19	1.0
39.19	2.0
40.18	3.0
41.18	4.0
42.18	1.0
43.18	2.0
44.17	3.0
45.18	4.0
46.17	1.0
47.18	2.0
48.17	3.0
49.17	4.0
50.16	1.0
51.16	2.0
52.16	3.0
53.16	4.0
54.16	1.0
55.16	2.0
56.15	3.0
57.15	4.0
58.15	1.0
59.15	2.0
60.14	3.0
61.15	4.0
62.14	1.0
63.14	2.0
64.14	3.0
65.14	4.0
66.13	1.0
67.13	2.0
68.13	3.0
69.13	4.0
70.12	1.0
71.13	2.0
72.12	3.0
73.12	4.0
74.12	1.0
75.12	2.0
76.12	3.0
77.12	4.0
78.11	1.0
79.11	2.0
80.11	3.0
81.11	4.0
82.1	1.0
83.11	2.0
84.09	3.0
85.1	4.0
86.1	1.0
87.1	2.0
88.09	3.0
89.09	4.0
90.09	1.0
91.09	2.0
92.09	3.0
93.09	4.0
94.08	1.0
95.08	2.0
96.08	3.0
97.08	4.0
98.08	1.0
99.08	2.0
100.07	3.0
101.07	4.0
102.07	1.0
103.07	2.0
104.06	3.0
105.06	4.0
106.06	1.0
107.06	2.0
108.05	3.0
109.06	4.0
110.05	1.0
111.05	2.0
112.05	3.0
113.05	4.0
114.05	1.0
115.05	2.0
116.04	3.0
117.04	4.0
118.04	1.0
119.04	2.0
120.03	3.0
121.03	4.0
122.03	1.0
123.03	2.0
124.02	3.0
125.02	4.0
126.02	1.0
127.02	2.0
128.02	3.0
129.02	4.0
130.02	1.0
131.01	2.0
132.0	3.0
133.01	4.0
134.0	1.0
135.01	2.0
136.0	3.0
137.0	4.0
138.0	1.0
139.0	2.0
139.99	3.0
141.0	4.0
141.99	1.0
142.99	2.0
143.99	3.0
144.99	4.0
145.98	1.0
146.99	2.0
147.98	3.0
148.98	4.0
149.98	1.0
150.98	2.0
151.97	3.0
152.98	4.0
153.97	1.0
154.97	2.0
155.97	3.0
156.97	4.0
157.97	1.0
158.97	2.0
159.96	3.0
160.96	4.0
161.96	1.0
162.96	2.0
163.96	3.0
164.95	4.0
165.95	1.0
166.95	2.0
167.94	3.0
168.95	4.0
169.94	1.0
170.95	2.0
171.94	3.0
172.94	4.0
173.94	1.0
174.94	2.0
175.93	3.0
176.94	4.0
177.93	1.0
178.93	2.0
179.93	3.0
180.93	4.0
181.93	1.0
182.93	2.0
183.92	3.0
184.92	4.0
185.92	1.0
186.92	2.0
187.91	3.0
188.92	4.0
189.91	1.0
190.91	2.0
191.91	3.0
192.91	4.0
193.91	1.0
194.91	2.0
195.9	3.0
196.9	4.0
197.9	1.0
198.9	2.0
199.89	3.0
200.9	4.0
201.89	1.0
202.89	2.0
203.89	3.0
204.89	4.0
205.88	1.0
206.89	2.0
207.88	3.0
208.88	4.0
209.88	1.0
210.88	2.0
211.88	3.0
212.88	4.0
213.88	1.0
214.88	2.0
215.87	3.0
216.87	4.0
217.87	1.0
218.87	2.0
219.86	3.0
220.86	4.0
221.86	1.0
222.86	2.0
223.86	3.0
224.86	4.0
225.86	1.0
226.86	2.0
227.86	3.0
228.86	4.0
229.85	1.0
230.85	2.0
231.84	3.0
232.85	4.0
233.84	1.0
234.84	2.0
235.85	3.0
236.84	4.0
237.84	1.0
238.84	2.0
239.83	3.0
240.84	4.0
241.83	1.0
242.83	2.0
243.82	3.0
244.83	4.0
245.83	1.0
246.83	2.0
247.82	3.0
248.83	4.0
249.82	1.0
250.82	2.0
251.81	3.0
252.82	4.0
253.82	1.0
254.81	2.0
255.81	3.0
256.81	4.0
257.81	1.0
258.81	2.0
259.8	3.0
260.81	4.0
261.8	1.0
262.8	2.0
263.79	3.0
264.8	4.0
265.79	1.0
266.8	2.0
267.79	3.0
268.8	4.0
269.79	1.0
270.79	2.0
271.78	3.0
272.79	4.0
273.79	1.0
274.79	2.0
275.78	3.0
276.79	4.0
277.78	1.0
278.78	2.0
279.78	3.0
280.78	4.0
281.78	1.0
282.78	2.0
283.78	3.0
284.77	4.0
285.77	1.0
286.77	2.0
287.76	3.0
288.76	4.0
289.76	1.0
290.77	2.0
291.75	3.0
292.76	4.0
293.76	1.0
294.76	2.0
295.76	3.0
296.76	4.0
297.75	1.0
298.75	2.0
299.75	3.0
300.75	4.0
301.75	1.0
302.75	2.0
303.74	3.0
304.75	4.0
305.74	1.0
306.74	2.0
307.74	3.0
308.74	4.0
309.74	1.0
310.65	2.0
311.6	3.0
312.51	4.0
313.5	1.0
314.43	2.0
315.37	3.0
316.36	4.0
317.33	1.0
