0.09	4.0
0.49	1.0
0.92	2.0
1.33	3.0
1.73	4.0
2.13	1.0
2.54	2.0
2.95	3.0
3.34	4.0
3.75	1.0
4.15	2.0
4.55	3.0
4.95	4.0
5.35	1.0
5.74	2.0
6.15	3.0
6.55	4.0
6.95	1.0
7.36	2.0
7.76	3.0
8.15	4.0
8.55	1.0
8.94	2.0
9.34	3.0
9.74	4.0
10.14	1.0
10.54	2.0
10.95	3.0
11.34	4.0
11.74	1.0
12.14	2.0
12.54	3.0
12.93	4.0
13.32	1.0
13.71	2.0
14.1	3.0
14.51	4.0
14.9	1.0
15.31	2.0
15.7	3.0
16.11	4.0
16.51	1.0
16.91	2.0
17.3	3.0
17.7	4.0
18.1	1.0
18.49	2.0
18.9	3.0
19.3	4.0
19.7	1.0
20.09	2.0
20.49	3.0
20.89	4.0
21.29	1.0
21.7	2.0
22.1	3.0
22.51	4.0
22.9	1.0
23.3	2.0
23.71	3.0
24.11	4.0
24.51	1.0
24.92	2.0
25.33	3.0
25.73	4.0
26.13	1.0
26.53	2.0
26.92	3.0
27.32	4.0
27.74	1.0
28.13	2.0
28.54	3.0
28.95	4.0
29.35	1.0
29.75	2.0
30.15	3.0
30.55	4.0
30.95	1.0
31.35	2.0
31.76	3.0
32.16	4.0
32.56	1.0
32.96	2.0
33.37	3.0
33.78	4.0
34.19	1.0
34.59	2.0
35.01	3.0
35.42	4.0
35.81	1.0
36.22	2.0
36.64	3.0
37.04	4.0
37.45	1.0
37.86	2.0
38.27	3.0
38.67	4.0
39.06	1.0
39.46	2.0
39.86	3.0
40.26	4.0
40.68	1.0
41.07	2.0
41.47	3.0
41.86	4.0
42.28	1.0
42.68	2.0
43.09	3.0
43.5	4.0
43.9	1.0
44.31	2.0
44.72	3.0
45.13	4.0
45.53	1.0
45.93	2.0
46.34	3.0
46.76	4.0
47.17	1.0
47.58	2.0
47.98	3.0
48.38	4.0
48.8	1.0
49.19	2.0
49.59	3.0
49.99	4.0
50.4	1.0
50.8	2.0
51.2	3.0
51.59	4.0
52.0	1.0
52.41	2.0
52.8	3.0
53.2	4.0
53.61	1.0
54.01	2.0
54.42	3.0
54.84	4.0
55.25	1.0
55.64	2.0
56.06	3.0
56.46	4.0
56.87	1.0
57.28	2.0
57.68	3.0
58.08	4.0
58.48	1.0
58.88	2.0
59.27	3.0
59.66	4.0
60.08	1.0
60.47	2.0
60.87	3.0
61.28	4.0
61.68	1.0
62.09	2.0
62.5	3.0
62.91	4.0
63.32	1.0
63.72	2.0
64.14	3.0
64.55	4.0
64.96	1.0
65.37	2.0
65.77	3.0
66.17	4.0
66.56	1.0
66.94	2.0
67.36	3.0
67.75	4.0
68.15	1.0
68.54	2.0
68.95	3.0
69.34	4.0
69.74	1.0
70.14	2.0
70.55	3.0
70.95	4.0
71.35	1.0
71.75	2.0
72.15	3.0
72.56	4.0
72.96	1.0
73.36	2.0
73.76	3.0
74.16	4.0
74.57	1.0
74.96	2.0
75.38	3.0
75.79	4.0
76.18	1.0
76.59	2.0
77.01	3.0
77.42	4.0
77.82	1.0
78.23	2.0
78.65	3.0
79.05	4.0
79.45	1.0
79.85	2.0
80.25	3.0
80.65	4.0
81.07	1.0
81.47	2.0
81.87	3.0
82.27	4.0
82.68	1.0
83.08	2.0
83.49	3.0
83.89	4.0
84.3	1.0
84.7	2.0
85.12	3.0
85.52	4.0
85.92	1.0
86.31	2.0
86.71	3.0
87.12	4.0
87.52	1.0
87.92	2.0
88.33	3.0
88.73	4.0
89.17	1.0
89.57	2.0
90.0	3.0
90.41	4.0
90.82	1.0
91.24	2.0
91.63	3.0
92.03	4.0
92.45	1.0
92.86	2.0
93.26	3.0
93.68	4.0
94.09	1.0
94.48	2.0
94.88	3.0
95.29	4.0
95.7	1.0
96.1	2.0
96.51	3.0
96.91	4.0
97.32	1.0
97.72	2.0
98.12	3.0
98.52	4.0
98.93	1.0
99.33	2.0
99.73	3.0
100.13	4.0
100.54	1.0
100.94	2.0
101.34	3.0
101.76	4.0
102.15	1.0
102.55	2.0
102.97	3.0
103.37	4.0
103.78	1.0
104.19	2.0
104.6	3.0
105.0	4.0
105.41	1.0
105.82	2.0
106.23	3.0
106.64	4.0
107.05	1.0
107.45	2.0
107.86	3.0
108.27	4.0
108.67	1.0
109.07	2.0
109.48	3.0
109.87	4.0
110.26	1.0
110.68	2.0
111.07	3.0
111.48	4.0
111.88	1.0
112.28	2.0
112.69	3.0
113.08	4.0
113.49	1.0
113.9	2.0
114.31	3.0
114.71	4.0
115.12	1.0
115.54	2.0
115.95	3.0
116.36	4.0
116.76	1.0
117.17	2.0
117.58	3.0
117.97	4.0
118.37	1.0
118.76	2.0
119.15	3.0
119.55	4.0
119.96	1.0
120.35	2.0
120.76	3.0
121.15	4.0
121.57	1.0
121.97	2.0
122.38	3.0
122.77	4.0
123.17	1.0
123.58	2.0
123.98	3.0
124.38	4.0
124.79	1.0
125.18	2.0
125.58	3.0
125.97	4.0
126.37	1.0
126.77	2.0
127.18	3.0
127.58	4.0
127.98	1.0
128.38	2.0
128.78	3.0
129.19	4.0
129.57	1.0
129.97	2.0
130.39	3.0
130.79	4.0
131.2	1.0
131.6	2.0
132.01	3.0
132.42	4.0
132.82	1.0
133.23	2.0
133.64	3.0
134.04	4.0
134.44	1.0
134.83	2.0
135.24	3.0
135.64	4.0
136.05	1.0
136.45	2.0
136.87	3.0
137.27	4.0
137.68	1.0
138.08	2.0
138.49	3.0
138.89	4.0
139.29	1.0
139.71	2.0
140.12	3.0
140.52	4.0
140.91	1.0
141.32	2.0
141.72	3.0
142.12	4.0
142.56	1.0
142.98	2.0
143.41	3.0
143.86	4.0
144.26	1.0
144.66	2.0
145.05	3.0
145.44	4.0
145.85	1.0
146.25	2.0
146.65	3.0
147.06	4.0
147.46	1.0
147.86	2.0
148.26	3.0
148.65	4.0
149.03	1.0
149.43	2.0
149.83	3.0
150.24	4.0
150.64	1.0
151.04	2.0
151.43	3.0
151.84	4.0
152.23	1.0
152.64	2.0
153.03	3.0
153.42	4.0
153.82	1.0
154.23	2.0
154.63	3.0
155.04	4.0
155.45	1.0
155.86	2.0
156.26	3.0
156.67	4.0
157.05	1.0
157.47	2.0
157.86	3.0
158.27	4.0
158.65	1.0
159.05	2.0
159.45	3.0
159.86	4.0
160.25	1.0
160.63	2.0
161.04	3.0
161.42	4.0
161.81	1.0
162.22	2.0
162.61	3.0
163.0	4.0
163.4	1.0
163.79	2.0
164.19	3.0
164.59	4.0
165.0	1.0
165.41	2.0
165.81	3.0
166.22	4.0
166.62	1.0
167.02	2.0
167.41	3.0
167.81	4.0
168.2	1.0
168.62	2.0
169.02	3.0
169.43	4.0
169.83	1.0
170.23	2.0
170.64	3.0
171.04	4.0
171.43	1.0
171.83	2.0
172.23	3.0
172.63	4.0
173.04	1.0
173.46	2.0
173.87	3.0
174.26	4.0
174.65	1.0
175.06	2.0
175.46	3.0
175.86	4.0
176.27	1.0
176.67	2.0
177.08	3.0
177.48	4.0
177.88	1.0
178.27	2.0
178.68	3.0
179.06	4.0
179.47	1.0
179.87	2.0
180.27	3.0
180.69	4.0
181.08	1.0
181.5	2.0
181.9	3.0
182.3	4.0
182.71	1.0
183.11	2.0
183.51	3.0
183.92	4.0
184.32	1.0
184.71	2.0
185.13	3.0
185.52	4.0
185.92	1.0
186.32	2.0
186.72	3.0
187.13	4.0
187.53	1.0
187.95	2.0
188.36	3.0
188.76	4.0
189.17	1.0
189.58	2.0
189.98	3.0
190.38	4.0
190.78	1.0
191.19	2.0
191.6	3.0
192.01	4.0
192.43	1.0
192.87	2.0
193.28	3.0
193.68	4.0
194.1	1.0
194.52	2.0
194.91	3.0
195.33	4.0
195.73	1.0
196.14	2.0
196.56	3.0
196.96	4.0
197.37	1.0
197.77	2.0
198.18	3.0
198.56	4.0
198.99	1.0
199.4	2.0
199.81	3.0
200.2	4.0
200.63	1.0
201.05	2.0
201.48	3.0
201.9	4.0
202.32	1.0
202.76	2.0
203.19	3.0
203.6	4.0
204.04	1.0
204.5	2.0
204.92	3.0
205.37	4.0
205.8	1.0
206.24	2.0
206.7	3.0
207.12	4.0
207.58	1.0
208.0	2.0
208.47	3.0
208.92	4.0
209.37	1.0
209.8	2.0
210.25	3.0
210.71	4.0
211.17	1.0
211.64	2.0
212.09	3.0
212.54	4.0
213.02	1.0
213.47	2.0
213.97	3.0
214.45	4.0
214.93	1.0
215.41	2.0
215.89	3.0
216.35	4.0
216.83	1.0
217.31	2.0
217.81	3.0
218.27	4.0
218.77	1.0
219.25	2.0
219.73	3.0
220.19	4.0
