0.23	1.0
0.66	2.0
1.09	3.0
1.51	4.0
1.94	1.0
2.38	2.0
2.81	3.0
3.23	4.0
3.66	1.0
4.09	2.0
4.51	3.0
4.93	4.0
5.35	1.0
5.76	2.0
6.18	3.0
6.6	4.0
7.01	1.0
7.46	2.0
7.89	3.0
8.32	4.0
8.74	1.0
9.18	2.0
9.62	3.0
10.05	4.0
10.47	1.0
10.91	2.0
11.34	3.0
11.77	4.0
12.2	1.0
12.61	2.0
13.05	3.0
13.48	4.0
13.91	1.0
14.35	2.0
14.79	3.0
15.22	4.0
15.65	1.0
16.08	2.0
16.52	3.0
16.96	4.0
17.39	1.0
17.83	2.0
18.27	3.0
18.7	4.0
19.14	1.0
19.55	2.0
19.97	3.0
20.4	4.0
20.84	1.0
21.29	2.0
21.72	3.0
22.17	4.0
22.61	1.0
23.05	2.0
23.48	3.0
23.92	4.0
24.36	1.0
24.8	2.0
25.23	3.0
25.67	4.0
26.11	1.0
26.55	2.0
26.99	3.0
27.43	4.0
27.87	1.0
28.31	2.0
28.75	3.0
29.19	4.0
29.63	1.0
30.06	2.0
30.5	3.0
30.93	4.0
31.38	1.0
31.82	2.0
32.27	3.0
32.71	4.0
33.14	1.0
33.58	2.0
34.01	3.0
34.46	4.0
34.89	1.0
35.35	2.0
35.78	3.0
36.23	4.0
36.68	1.0
37.12	2.0
37.55	3.0
38.0	4.0
38.43	1.0
38.88	2.0
39.33	3.0
39.76	4.0
40.2	1.0
40.62	2.0
41.06	3.0
41.49	4.0
41.93	1.0
42.39	2.0
42.83	3.0
43.28	4.0
43.74	1.0
44.17	2.0
44.61	3.0
45.06	4.0
45.49	1.0
45.95	2.0
46.39	3.0
46.82	4.0
47.26	1.0
47.69	2.0
48.14	3.0
48.58	4.0
49.02	1.0
49.48	2.0
49.92	3.0
50.37	4.0
50.8	1.0
51.23	2.0
51.67	3.0
52.1	4.0
52.55	1.0
53.0	2.0
53.44	3.0
53.88	4.0
54.31	1.0
54.74	2.0
55.17	3.0
55.61	4.0
56.05	1.0
56.51	2.0
56.95	3.0
57.39	4.0
57.85	1.0
58.3	2.0
58.73	3.0
59.18	4.0
59.63	1.0
60.07	2.0
60.51	3.0
60.96	4.0
61.4	1.0
61.85	2.0
62.29	3.0
62.73	4.0
63.17	1.0
63.64	2.0
64.07	3.0
64.52	4.0
64.95	1.0
65.37	2.0
65.82	3.0
66.26	4.0
66.7	1.0
67.15	2.0
67.6	3.0
68.04	4.0
68.48	1.0
68.93	2.0
69.37	3.0
69.81	4.0
70.24	1.0
70.69	2.0
71.13	3.0
71.57	4.0
72.02	1.0
72.47	2.0
72.93	3.0
73.39	4.0
73.82	1.0
74.28	2.0
74.73	3.0
75.18	4.0
75.62	1.0
76.05	2.0
76.51	3.0
76.96	4.0
77.4	1.0
77.84	2.0
78.3	3.0
78.76	4.0
79.21	1.0
79.64	2.0
80.1	3.0
80.56	4.0
81.0	1.0
81.46	2.0
81.91	3.0
82.35	4.0
82.8	1.0
83.24	2.0
83.69	3.0
84.15	4.0
84.58	1.0
85.04	2.0
85.49	3.0
85.94	4.0
86.38	1.0
86.81	2.0
87.26	3.0
87.7	4.0
88.16	1.0
88.62	2.0
89.07	3.0
89.51	4.0
89.95	1.0
90.4	2.0
90.85	3.0
91.3	4.0
91.75	1.0
92.2	2.0
92.65	3.0
93.09	4.0
93.54	1.0
94.01	2.0
94.47	3.0
94.91	4.0
95.36	1.0
95.82	2.0
96.26	3.0
96.72	4.0
97.15	1.0
97.62	2.0
98.07	3.0
98.51	4.0
98.96	1.0
99.42	2.0
99.86	3.0
100.3	4.0
100.73	1.0
101.16	2.0
101.61	3.0
102.05	4.0
102.5	1.0
102.96	2.0
103.41	3.0
103.85	4.0
104.3	1.0
104.75	2.0
105.2	3.0
105.66	4.0
106.11	1.0
106.56	2.0
107.0	3.0
107.44	4.0
107.89	1.0
108.32	2.0
108.77	3.0
109.22	4.0
109.66	1.0
110.13	2.0
110.57	3.0
111.02	4.0
111.46	1.0
111.89	2.0
112.35	3.0
112.8	4.0
113.24	1.0
113.7	2.0
114.14	3.0
114.57	4.0
115.01	1.0
115.45	2.0
115.89	3.0
116.34	4.0
116.8	1.0
117.26	2.0
117.71	3.0
118.16	4.0
118.6	1.0
119.06	2.0
119.5	3.0
119.94	4.0
120.39	1.0
120.84	2.0
121.29	3.0
121.73	4.0
122.17	1.0
122.61	2.0
123.05	3.0
123.49	4.0
123.95	1.0
124.41	2.0
124.84	3.0
125.29	4.0
125.72	1.0
126.16	2.0
126.6	3.0
127.03	4.0
127.49	1.0
127.94	2.0
128.38	3.0
128.82	4.0
129.27	1.0
129.72	2.0
130.17	3.0
130.6	4.0
131.06	1.0
131.52	2.0
131.95	3.0
132.39	4.0
132.84	1.0
133.29	2.0
133.73	3.0
134.18	4.0
134.62	1.0
135.07	2.0
135.52	3.0
135.96	4.0
136.39	1.0
136.83	2.0
137.28	3.0
137.73	4.0
138.18	1.0
138.64	2.0
139.09	3.0
139.55	4.0
139.99	1.0
140.43	2.0
140.88	3.0
141.32	4.0
141.78	1.0
142.23	2.0
142.68	3.0
143.13	4.0
143.57	1.0
144.01	2.0
144.46	3.0
144.9	4.0
145.35	1.0
145.81	2.0
146.25	3.0
146.69	4.0
147.14	1.0
147.58	2.0
148.02	3.0
148.46	4.0
148.9	1.0
149.35	2.0
149.8	3.0
150.25	4.0
150.7	1.0
151.14	2.0
151.59	3.0
152.04	4.0
152.49	1.0
152.94	2.0
153.39	3.0
153.82	4.0
154.27	1.0
154.71	2.0
155.17	3.0
155.6	4.0
156.05	1.0
156.53	2.0
156.98	3.0
157.42	4.0
157.87	1.0
158.33	2.0
158.8	3.0
159.24	4.0
159.69	1.0
160.14	2.0
160.59	3.0
161.04	4.0
161.48	1.0
161.92	2.0
162.36	3.0
162.81	4.0
163.26	1.0
163.73	2.0
164.18	3.0
164.63	4.0
165.08	1.0
165.52	2.0
165.98	3.0
166.42	4.0
166.88	1.0
167.33	2.0
167.78	3.0
168.22	4.0
168.67	1.0
169.11	2.0
169.56	3.0
170.01	4.0
170.46	1.0
170.9	2.0
171.36	3.0
171.8	4.0
172.26	1.0
172.7	2.0
173.14	3.0
173.59	4.0
174.04	1.0
174.48	2.0
174.93	3.0
175.38	4.0
175.82	1.0
176.25	2.0
176.69	3.0
177.15	4.0
177.59	1.0
178.07	2.0
178.51	3.0
178.97	4.0
179.42	1.0
179.87	2.0
180.32	3.0
180.77	4.0
181.21	1.0
181.67	2.0
182.12	3.0
182.57	4.0
183.03	1.0
183.47	2.0
183.93	3.0
184.36	4.0
184.82	1.0
185.28	2.0
185.74	3.0
186.19	4.0
186.64	1.0
187.07	2.0
187.52	3.0
187.97	4.0
188.41	1.0
188.88	2.0
189.33	3.0
189.77	4.0
190.22	1.0
190.65	2.0
191.1	3.0
191.55	4.0
192.0	1.0
192.47	2.0
192.94	3.0
193.39	4.0
193.83	1.0
194.28	2.0
194.71	3.0
195.15	4.0
195.6	1.0
196.06	2.0
196.5	3.0
196.95	4.0
197.4	1.0
197.82	2.0
198.27	3.0
198.71	4.0
199.15	1.0
199.62	2.0
200.06	3.0
200.5	4.0
200.95	1.0
201.39	2.0
201.83	3.0
202.27	4.0
202.72	1.0
203.18	2.0
203.61	3.0
204.06	4.0
204.52	1.0
204.96	2.0
205.39	3.0
205.83	4.0
206.27	1.0
206.73	2.0
207.17	3.0
207.61	4.0
208.06	1.0
208.5	2.0
208.94	3.0
209.37	4.0
209.81	1.0
210.27	2.0
210.72	3.0
211.16	4.0
211.59	1.0
212.04	2.0
212.5	3.0
212.94	4.0
213.38	1.0
213.85	2.0
214.28	3.0
214.75	4.0
215.22	1.0
215.69	2.0
216.23	3.0
216.75	4.0
217.3	1.0
217.86	2.0
218.42	3.0
218.93	4.0
219.43	1.0
219.94	2.0
220.45	3.0
220.94	4.0
221.47	1.0
221.97	2.0
222.47	3.0
223.02	4.0
223.57	1.0
224.12	2.0
224.6	3.0
225.1	4.0
225.58	1.0
226.03	2.0
226.52	3.0
227.0	4.0
227.47	1.0
227.96	2.0
228.49	3.0
228.99	4.0
229.48	1.0
230.01	2.0
230.55	3.0
231.09	4.0
231.62	1.0
232.12	2.0
232.71	3.0
233.29	4.0
233.9	1.0
234.5	2.0
235.07	3.0
235.65	4.0
236.22	1.0
236.79	2.0
237.45	3.0
238.15	4.0
238.84	1.0
239.54	2.0
240.28	3.0
240.99	4.0
241.7	1.0
242.44	2.0
243.14	3.0
243.83	4.0
244.56	1.0
245.21	2.0
245.83	3.0
