0.02	4.0
0.54	1.0
1.03	2.0
1.51	3.0
2.03	4.0
2.53	1.0
3.02	2.0
3.54	3.0
4.06	4.0
4.55	1.0
5.04	2.0
5.54	3.0
6.06	4.0
6.54	1.0
7.03	2.0
7.56	3.0
8.07	4.0
8.57	1.0
9.07	2.0
9.58	3.0
10.13	4.0
10.62	1.0
11.16	2.0
11.68	3.0
12.21	4.0
12.72	1.0
13.26	2.0
13.77	3.0
14.31	4.0
14.81	1.0
15.33	2.0
15.86	3.0
16.37	4.0
16.87	1.0
17.38	2.0
17.89	3.0
18.4	4.0
18.91	1.0
19.43	2.0
19.96	3.0
20.49	4.0
20.98	1.0
21.49	2.0
22.01	3.0
22.51	4.0
23.04	1.0
23.54	2.0
24.07	3.0
24.59	4.0
25.1	1.0
25.61	2.0
26.12	3.0
26.65	4.0
27.19	1.0
27.7	2.0
28.22	3.0
28.75	4.0
29.27	1.0
29.8	2.0
30.32	3.0
30.84	4.0
31.35	1.0
31.86	2.0
32.38	3.0
32.89	4.0
33.39	1.0
33.9	2.0
34.42	3.0
34.95	4.0
35.45	1.0
35.98	2.0
36.51	3.0
37.02	4.0
37.55	1.0
38.06	2.0
38.56	3.0
39.06	4.0
39.56	1.0
40.06	2.0
40.59	3.0
41.1	4.0
41.62	1.0
42.13	2.0
42.63	3.0
43.15	4.0
43.66	1.0
44.18	2.0
44.73	3.0
45.24	4.0
45.77	1.0
46.29	2.0
46.83	3.0
47.32	4.0
47.86	1.0
48.38	2.0
48.88	3.0
49.38	4.0
49.88	1.0
50.4	2.0
50.92	3.0
51.43	4.0
51.92	1.0
52.44	2.0
52.95	3.0
53.44	4.0
53.93	1.0
54.44	2.0
54.96	3.0
55.46	4.0
55.94	1.0
56.47	2.0
56.97	3.0
57.48	4.0
57.97	1.0
58.48	2.0
58.98	3.0
59.48	4.0
59.97	1.0
60.48	2.0
60.98	3.0
61.47	4.0
61.96	1.0
62.47	2.0
63.0	3.0
63.53	4.0
64.03	1.0
64.53	2.0
65.02	3.0
65.52	4.0
66.01	1.0
66.49	2.0
67.0	3.0
67.5	4.0
67.98	1.0
68.49	2.0
69.0	3.0
69.53	4.0
70.03	1.0
70.55	2.0
71.06	3.0
71.57	4.0
72.08	1.0
72.6	2.0
73.1	3.0
73.62	4.0
74.12	1.0
74.62	2.0
75.14	3.0
75.65	4.0
76.14	1.0
76.65	2.0
77.14	3.0
77.62	4.0
78.12	1.0
78.62	2.0
79.12	3.0
79.61	4.0
80.08	1.0
80.6	2.0
81.1	3.0
81.62	4.0
82.14	1.0
82.64	2.0
83.17	3.0
83.69	4.0
84.2	1.0
84.72	2.0
85.23	3.0
85.75	4.0
86.27	1.0
86.79	2.0
87.3	3.0
87.83	4.0
88.35	1.0
88.92	2.0
89.47	3.0
90.01	4.0
90.57	1.0
91.14	2.0
91.72	3.0
92.3	4.0
92.84	1.0
93.36	2.0
93.88	3.0
94.4	4.0
94.92	1.0
95.42	2.0
95.93	3.0
96.46	4.0
96.97	1.0
97.49	2.0
98.03	3.0
98.54	4.0
99.07	1.0
99.59	2.0
100.11	3.0
100.63	4.0
101.14	1.0
101.67	2.0
102.2	3.0
102.71	4.0
103.22	1.0
103.72	2.0
104.24	3.0
104.75	4.0
105.3	1.0
105.8	2.0
106.31	3.0
106.83	4.0
107.34	1.0
107.87	2.0
108.36	3.0
108.89	4.0
109.39	1.0
109.9	2.0
110.43	3.0
110.93	4.0
111.46	1.0
111.96	2.0
112.47	3.0
112.99	4.0
113.51	1.0
114.03	2.0
114.55	3.0
115.07	4.0
115.59	1.0
116.09	2.0
116.59	3.0
117.1	4.0
117.62	1.0
118.14	2.0
118.66	3.0
119.18	4.0
119.7	1.0
120.21	2.0
120.74	3.0
121.26	4.0
121.79	1.0
122.29	2.0
122.82	3.0
123.34	4.0
123.86	1.0
124.39	2.0
124.91	3.0
125.42	4.0
125.95	1.0
126.48	2.0
127.0	3.0
127.51	4.0
128.01	1.0
128.53	2.0
129.05	3.0
129.56	4.0
130.06	1.0
130.58	2.0
131.1	3.0
131.6	4.0
132.1	1.0
132.62	2.0
133.14	3.0
133.64	4.0
134.13	1.0
134.65	2.0
135.17	3.0
135.66	4.0
136.16	1.0
136.69	2.0
137.2	3.0
137.71	4.0
138.2	1.0
138.72	2.0
139.23	3.0
139.73	4.0
140.23	1.0
140.75	2.0
141.27	3.0
141.78	4.0
142.29	1.0
142.81	2.0
143.31	3.0
143.82	4.0
144.31	1.0
144.81	2.0
145.31	3.0
145.81	4.0
146.3	1.0
146.84	2.0
147.35	3.0
147.88	4.0
148.39	1.0
148.9	2.0
149.41	3.0
149.94	4.0
150.45	1.0
150.96	2.0
151.48	3.0
152.0	4.0
152.51	1.0
153.02	2.0
153.54	3.0
154.06	4.0
154.56	1.0
155.07	2.0
155.56	3.0
156.05	4.0
156.56	1.0
157.05	2.0
157.55	3.0
158.05	4.0
158.52	1.0
159.05	2.0
159.55	3.0
160.07	4.0
160.58	1.0
161.11	2.0
161.62	3.0
162.13	4.0
162.65	1.0
163.17	2.0
163.68	3.0
164.2	4.0
164.73	1.0
165.25	2.0
165.78	3.0
166.3	4.0
166.82	1.0
167.39	2.0
167.97	3.0
168.53	4.0
169.16	1.0
169.78	2.0
170.37	3.0
170.88	4.0
171.42	1.0
171.95	2.0
172.49	3.0
173.02	4.0
173.55	1.0
174.08	2.0
174.62	3.0
175.15	4.0
175.67	1.0
176.19	2.0
176.73	3.0
177.27	4.0
177.79	1.0
178.31	2.0
178.84	3.0
179.37	4.0
179.89	1.0
180.41	2.0
180.94	3.0
181.46	4.0
181.97	1.0
182.49	2.0
183.0	3.0
183.5	4.0
184.0	1.0
184.5	2.0
185.02	3.0
185.51	4.0
185.98	1.0
186.49	2.0
187.0	3.0
187.51	4.0
188.0	1.0
188.52	2.0
189.05	3.0
189.56	4.0
190.08	1.0
190.59	2.0
191.1	3.0
191.62	4.0
192.13	1.0
192.65	2.0
193.17	3.0
193.68	4.0
194.2	1.0
194.7	2.0
195.2	3.0
195.69	4.0
196.19	1.0
196.69	2.0
197.2	3.0
197.68	4.0
198.17	1.0
198.71	2.0
199.23	3.0
199.75	4.0
200.24	1.0
200.76	2.0
201.28	3.0
201.79	4.0
202.31	1.0
202.83	2.0
203.34	3.0
203.86	4.0
204.38	1.0
204.9	2.0
205.42	3.0
205.94	4.0
206.47	1.0
206.99	2.0
207.5	3.0
208.01	4.0
208.56	1.0
209.2	2.0
209.83	3.0
210.43	4.0
211.17	1.0
211.93	2.0
212.72	3.0
213.48	4.0
214.24	1.0
215.02	2.0
215.76	3.0
216.58	4.0
217.33	1.0
218.1	2.0
218.9	3.0
219.66	4.0
220.49	1.0
221.28	2.0
222.06	3.0
222.86	4.0
223.63	1.0
224.39	2.0
225.14	3.0
225.94	4.0
226.7	1.0
227.45	2.0
228.22	3.0
228.95	4.0
229.74	1.0
230.46	2.0
231.22	3.0
232.02	4.0
232.76	1.0
233.54	2.0
234.29	3.0
235.06	4.0
235.8	1.0
236.54	2.0
237.3	3.0
238.11	4.0
238.87	1.0
239.67	2.0
240.42	3.0
241.2	4.0
242.0	1.0
242.76	2.0
243.57	3.0
244.38	4.0
245.15	1.0
245.9	2.0
