0.39	1.0
0.8	2.0
1.22	3.0
1.63	4.0
2.04	1.0
2.45	2.0
2.86	3.0
3.28	4.0
3.71	1.0
4.12	2.0
4.53	3.0
4.95	4.0
5.36	1.0
5.78	2.0
6.19	3.0
6.61	4.0
7.01	1.0
7.44	2.0
7.85	3.0
8.27	4.0
8.68	1.0
9.09	2.0
9.51	3.0
9.93	4.0
10.34	1.0
10.75	2.0
11.16	3.0
11.58	4.0
12.0	1.0
12.41	2.0
12.83	3.0
13.24	4.0
13.66	1.0
14.07	2.0
14.48	3.0
14.9	4.0
15.32	1.0
15.73	2.0
16.15	3.0
16.56	4.0
16.98	1.0
17.39	2.0
17.81	3.0
18.22	4.0
18.64	1.0
19.05	2.0
19.45	3.0
19.87	4.0
20.29	1.0
20.71	2.0
21.12	3.0
21.53	4.0
21.95	1.0
22.37	2.0
22.78	3.0
23.2	4.0
23.62	1.0
24.03	2.0
24.44	3.0
24.85	4.0
25.27	1.0
25.69	2.0
26.09	3.0
26.52	4.0
26.93	1.0
27.35	2.0
27.76	3.0
28.16	4.0
28.59	1.0
29.0	2.0
29.43	3.0
29.83	4.0
30.25	1.0
30.66	2.0
31.08	3.0
31.49	4.0
31.9	1.0
32.32	2.0
32.74	3.0
33.15	4.0
33.57	1.0
33.98	2.0
34.39	3.0
34.8	4.0
35.22	1.0
35.61	2.0
36.04	3.0
36.46	4.0
36.87	1.0
37.29	2.0
37.71	3.0
38.13	4.0
38.53	1.0
38.95	2.0
39.37	3.0
39.78	4.0
40.19	1.0
40.61	2.0
41.03	3.0
41.44	4.0
41.86	1.0
42.27	2.0
42.69	3.0
43.1	4.0
43.51	1.0
43.94	2.0
44.35	3.0
44.77	4.0
45.18	1.0
45.59	2.0
46.01	3.0
46.42	4.0
46.84	1.0
47.25	2.0
47.67	3.0
48.08	4.0
48.5	1.0
48.91	2.0
49.32	3.0
49.74	4.0
50.16	1.0
50.56	2.0
50.98	3.0
51.39	4.0
51.79	1.0
52.22	2.0
52.63	3.0
53.06	4.0
53.47	1.0
53.89	2.0
54.3	3.0
54.72	4.0
55.13	1.0
55.55	2.0
55.96	3.0
56.37	4.0
56.79	1.0
57.2	2.0
57.62	3.0
58.03	4.0
58.45	1.0
58.86	2.0
59.28	3.0
59.69	4.0
60.1	1.0
60.52	2.0
60.92	3.0
61.35	4.0
61.76	1.0
62.17	2.0
62.59	3.0
63.0	4.0
63.43	1.0
63.84	2.0
64.25	3.0
64.67	4.0
65.08	1.0
65.5	2.0
65.91	3.0
66.32	4.0
66.74	1.0
67.15	2.0
67.55	3.0
67.99	4.0
68.4	1.0
68.81	2.0
69.23	3.0
69.65	4.0
70.06	1.0
70.48	2.0
70.89	3.0
71.3	4.0
71.72	1.0
72.13	2.0
72.55	3.0
72.96	4.0
73.38	1.0
73.79	2.0
74.21	3.0
74.62	4.0
75.04	1.0
75.45	2.0
75.87	3.0
76.28	4.0
76.7	1.0
77.1	2.0
77.52	3.0
77.93	4.0
78.35	1.0
78.77	2.0
79.17	3.0
79.6	4.0
80.01	1.0
80.43	2.0
80.85	3.0
81.25	4.0
81.68	1.0
82.08	2.0
82.48	3.0
82.91	4.0
83.33	1.0
83.74	2.0
84.16	3.0
84.57	4.0
84.99	1.0
85.4	2.0
85.82	3.0
86.23	4.0
86.64	1.0
87.06	2.0
87.48	3.0
87.89	4.0
88.31	1.0
88.72	2.0
89.13	3.0
89.55	4.0
89.96	1.0
90.38	2.0
90.8	3.0
91.21	4.0
91.62	1.0
92.04	2.0
92.45	3.0
92.87	4.0
93.28	1.0
93.7	2.0
94.12	3.0
94.53	4.0
94.95	1.0
95.35	2.0
95.77	3.0
96.18	4.0
96.59	1.0
97.01	2.0
97.43	3.0
97.84	4.0
98.26	1.0
98.67	2.0
99.09	3.0
99.51	4.0
99.92	1.0
100.34	2.0
100.75	3.0
101.16	4.0
101.57	1.0
101.99	2.0
102.41	3.0
102.82	4.0
103.22	1.0
103.65	2.0
104.07	3.0
104.48	4.0
104.9	1.0
105.31	2.0
105.73	3.0
106.14	4.0
106.55	1.0
106.97	2.0
107.38	3.0
107.79	4.0
108.21	1.0
108.62	2.0
109.03	3.0
109.46	4.0
109.85	1.0
110.29	2.0
110.69	3.0
111.12	4.0
111.53	1.0
111.94	2.0
112.36	3.0
112.78	4.0
113.19	1.0
113.61	2.0
114.02	3.0
114.43	4.0
114.85	1.0
115.26	2.0
115.68	3.0
116.09	4.0
116.51	1.0
116.92	2.0
117.34	3.0
117.74	4.0
118.17	1.0
118.58	2.0
119.0	3.0
119.41	4.0
119.82	1.0
120.24	2.0
120.66	3.0
121.07	4.0
121.47	1.0
121.9	2.0
122.31	3.0
122.72	4.0
123.14	1.0
123.56	2.0
123.97	3.0
124.39	4.0
124.8	1.0
125.21	2.0
125.64	3.0
126.04	4.0
126.46	1.0
126.87	2.0
127.29	3.0
127.7	4.0
128.12	1.0
128.53	2.0
128.96	3.0
129.36	4.0
129.76	1.0
130.19	2.0
130.61	3.0
131.02	4.0
131.44	1.0
131.85	2.0
132.27	3.0
132.68	4.0
133.08	1.0
133.51	2.0
133.92	3.0
134.34	4.0
134.76	1.0
135.17	2.0
135.59	3.0
136.0	4.0
136.42	1.0
136.83	2.0
137.25	3.0
137.66	4.0
138.07	1.0
138.49	2.0
138.91	3.0
139.32	4.0
139.73	1.0
140.14	2.0
140.57	3.0
140.98	4.0
141.39	1.0
141.81	2.0
142.23	3.0
142.64	4.0
143.04	1.0
143.46	2.0
143.87	3.0
144.29	4.0
144.71	1.0
145.12	2.0
145.55	3.0
145.96	4.0
146.37	1.0
146.78	2.0
147.2	3.0
147.61	4.0
148.03	1.0
148.45	2.0
148.87	3.0
149.27	4.0
149.68	1.0
150.1	2.0
150.52	3.0
150.93	4.0
151.35	1.0
151.77	2.0
152.2	3.0
152.6	4.0
152.98	1.0
153.38	2.0
