0.54	1.0
1.28	2.0
2.05	3.0
2.83	4.0
3.58	1.0
4.33	2.0
5.08	3.0
5.84	4.0
6.59	1.0
7.36	2.0
8.12	3.0
8.87	4.0
9.61	1.0
10.38	2.0
11.13	3.0
11.89	4.0
12.66	1.0
13.42	2.0
14.17	3.0
14.92	4.0
15.69	1.0
16.41	2.0
17.16	3.0
17.92	4.0
18.67	1.0
19.43	2.0
20.17	3.0
20.94	4.0
21.73	1.0
22.45	2.0
23.23	3.0
23.99	4.0
24.73	1.0
25.48	2.0
26.24	3.0
27.0	4.0
27.76	1.0
28.49	2.0
29.24	3.0
30.0	4.0
30.76	1.0
31.52	2.0
32.27	3.0
33.03	4.0
33.8	1.0
34.55	2.0
35.32	3.0
36.09	4.0
36.85	1.0
37.63	2.0
38.4	3.0
39.15	4.0
39.93	1.0
40.68	2.0
41.46	3.0
42.22	4.0
42.97	1.0
43.74	2.0
44.52	3.0
45.27	4.0
46.03	1.0
46.8	2.0
47.55	3.0
48.3	4.0
49.05	1.0
49.82	2.0
50.6	3.0
51.32	4.0
52.1	1.0
52.84	2.0
53.62	3.0
54.32	4.0
55.1	1.0
55.84	2.0
56.61	3.0
57.37	4.0
58.11	1.0
58.86	2.0
59.6	3.0
60.36	4.0
61.1	1.0
61.89	2.0
62.64	3.0
63.39	4.0
64.12	1.0
64.89	2.0
65.64	3.0
66.38	4.0
67.13	1.0
67.89	2.0
68.66	3.0
69.42	4.0
70.19	1.0
70.93	2.0
71.69	3.0
72.46	4.0
73.22	1.0
73.99	2.0
74.75	3.0
75.52	4.0
76.3	1.0
77.07	2.0
77.83	3.0
78.61	4.0
79.36	1.0
80.11	2.0
80.88	3.0
81.65	4.0
82.4	1.0
83.13	2.0
83.88	3.0
84.66	4.0
85.42	1.0
86.18	2.0
86.95	3.0
87.7	4.0
88.47	1.0
89.25	2.0
90.01	3.0
90.77	4.0
91.52	1.0
92.31	2.0
93.08	3.0
93.86	4.0
94.63	1.0
95.4	2.0
96.18	3.0
96.96	4.0
97.71	1.0
98.5	2.0
99.29	3.0
100.05	4.0
100.81	1.0
101.57	2.0
102.34	3.0
103.13	4.0
103.87	1.0
104.63	2.0
105.41	3.0
106.15	4.0
106.92	1.0
107.67	2.0
108.44	3.0
109.25	4.0
110.02	1.0
110.76	2.0
111.54	3.0
112.3	4.0
113.04	1.0
113.81	2.0
114.58	3.0
115.33	4.0
116.09	1.0
116.87	2.0
117.62	3.0
118.39	4.0
119.15	1.0
119.91	2.0
120.7	3.0
121.47	4.0
122.24	1.0
122.99	2.0
123.72	3.0
124.51	4.0
125.26	1.0
126.02	2.0
126.76	3.0
127.55	4.0
128.3	1.0
129.07	2.0
129.8	3.0
130.6	4.0
131.35	1.0
132.12	2.0
132.87	3.0
133.63	4.0
134.37	1.0
135.14	2.0
135.9	3.0
136.68	4.0
137.42	1.0
138.19	2.0
138.93	3.0
139.71	4.0
140.46	1.0
141.2	2.0
141.96	3.0
142.74	4.0
143.47	1.0
144.24	2.0
144.97	3.0
145.73	4.0
146.5	1.0
147.27	2.0
148.0	3.0
148.76	4.0
149.54	1.0
150.28	2.0
151.03	3.0
151.79	4.0
152.53	1.0
153.3	2.0
154.04	3.0
154.79	4.0
155.57	1.0
156.31	2.0
157.07	3.0
157.83	4.0
158.58	1.0
159.29	2.0
160.05	3.0
160.83	4.0
161.56	1.0
162.32	2.0
163.07	3.0
163.84	4.0
164.58	1.0
165.34	2.0
166.09	3.0
166.85	4.0
167.6	1.0
168.36	2.0
169.12	3.0
169.87	4.0
170.6	1.0
171.38	2.0
172.15	3.0
172.89	4.0
173.66	1.0
174.42	2.0
175.2	3.0
175.95	4.0
176.71	1.0
177.48	2.0
178.26	3.0
179.01	4.0
179.75	1.0
180.54	2.0
181.28	3.0
182.04	4.0
182.81	1.0
183.58	2.0
184.36	3.0
185.11	4.0
185.88	1.0
186.61	2.0
187.37	3.0
188.16	4.0
188.94	1.0
189.69	2.0
190.46	3.0
191.2	4.0
191.96	1.0
192.73	2.0
193.48	3.0
194.26	4.0
194.99	1.0
195.77	2.0
196.52	3.0
197.28	4.0
198.04	1.0
198.81	2.0
199.59	3.0
200.34	4.0
201.1	1.0
201.85	2.0
202.62	3.0
203.37	4.0
204.13	1.0
204.88	2.0
205.62	3.0
206.38	4.0
207.14	1.0
207.9	2.0
208.67	3.0
209.43	4.0
210.2	1.0
210.95	2.0
211.71	3.0
212.47	4.0
213.2	1.0
213.98	2.0
214.73	3.0
215.48	4.0
216.24	1.0
217.02	2.0
217.76	3.0
218.51	4.0
219.26	1.0
220.03	2.0
220.79	3.0
221.55	4.0
222.36	1.0
223.11	2.0
223.87	3.0
224.64	4.0
225.39	1.0
226.16	2.0
226.93	3.0
227.68	4.0
228.45	1.0
229.25	2.0
229.98	3.0
230.74	4.0
231.5	1.0
232.28	2.0
233.07	3.0
233.83	4.0
234.56	1.0
235.33	2.0
236.09	3.0
236.85	4.0
237.6	1.0
238.35	2.0
239.14	3.0
239.9	4.0
240.65	1.0
241.39	2.0
242.16	3.0
242.95	4.0
243.71	1.0
244.44	2.0
245.21	3.0
245.98	4.0
246.72	1.0
247.48	2.0
248.22	3.0
248.98	4.0
249.73	1.0
250.53	2.0
251.27	3.0
252.03	4.0
252.76	1.0
253.53	2.0
254.3	3.0
255.07	4.0
255.84	1.0
256.58	2.0
257.35	3.0
258.11	4.0
258.87	1.0
259.58	2.0
260.35	3.0
261.12	4.0
261.92	1.0
262.77	2.0
263.62	3.0
264.66	4.0
265.63	1.0
266.59	2.0
267.62	3.0
268.66	4.0
269.69	1.0
270.73	2.0
271.75	3.0
272.78	4.0
273.79	1.0
274.76	2.0
275.76	3.0
