0.83	3.0
1.61	4.0
2.38	1.0
3.1	2.0
3.88	3.0
4.62	4.0
5.45	1.0
6.2	2.0
6.99	3.0
7.82	4.0
8.58	1.0
9.41	2.0
10.2	3.0
11.02	4.0
11.84	1.0
12.68	2.0
13.52	3.0
14.36	4.0
15.24	1.0
16.08	2.0
16.86	3.0
17.66	4.0
18.56	1.0
19.38	2.0
20.28	3.0
21.09	4.0
21.98	1.0
22.85	2.0
23.68	3.0
24.53	4.0
25.37	1.0
26.2	2.0
27.03	3.0
27.85	4.0
28.68	1.0
29.52	2.0
30.36	3.0
31.15	4.0
31.98	1.0
32.79	2.0
33.61	3.0
34.43	4.0
35.23	1.0
36.06	2.0
36.86	3.0
37.66	4.0
38.5	1.0
39.32	2.0
40.14	3.0
40.93	4.0
41.74	1.0
42.56	2.0
43.39	3.0
44.2	4.0
45.0	1.0
45.83	2.0
46.62	3.0
47.42	4.0
48.22	1.0
49.12	2.0
49.9	3.0
50.72	4.0
51.54	1.0
52.37	2.0
53.17	3.0
54.01	4.0
54.84	1.0
55.64	2.0
56.45	3.0
57.26	4.0
58.07	1.0
58.91	2.0
59.73	3.0
60.53	4.0
61.37	1.0
62.18	2.0
63.01	3.0
63.8	4.0
64.61	1.0
65.46	2.0
66.27	3.0
67.1	4.0
67.91	1.0
68.73	2.0
69.51	3.0
70.33	4.0
71.13	1.0
71.97	2.0
72.78	3.0
73.56	4.0
74.34	1.0
75.23	2.0
76.04	3.0
76.92	4.0
77.73	1.0
78.58	2.0
79.41	3.0
80.25	4.0
81.05	1.0
81.89	2.0
82.71	3.0
83.57	4.0
84.35	1.0
85.21	2.0
86.02	3.0
86.84	4.0
87.66	1.0
88.51	2.0
89.34	3.0
90.19	4.0
91.01	1.0
91.88	2.0
92.67	3.0
93.52	4.0
94.34	1.0
95.15	2.0
95.97	3.0
96.81	4.0
97.59	1.0
98.46	2.0
99.25	3.0
100.07	4.0
100.9	1.0
101.74	2.0
102.56	3.0
103.4	4.0
104.03	1.0
104.62	2.0
105.26	3.0
105.87	4.0
106.5	1.0
107.1	2.0
107.75	3.0
108.38	4.0
109.14	1.0
110.06	2.0
110.86	3.0
111.65	4.0
112.44	1.0
113.28	2.0
114.05	3.0
114.82	4.0
115.68	1.0
116.49	2.0
117.31	3.0
118.1	4.0
118.91	1.0
119.72	2.0
120.5	3.0
121.33	4.0
122.15	1.0
122.97	2.0
123.78	3.0
124.55	4.0
125.37	1.0
126.19	2.0
126.96	3.0
127.8	4.0
128.61	1.0
129.45	2.0
130.27	3.0
131.08	4.0
131.89	1.0
132.66	2.0
133.44	3.0
134.24	4.0
135.05	1.0
135.92	2.0
136.73	3.0
137.55	4.0
138.32	1.0
139.18	2.0
139.99	3.0
140.8	4.0
141.6	1.0
142.45	2.0
143.24	3.0
144.08	4.0
144.87	1.0
145.71	2.0
146.51	3.0
147.32	4.0
148.12	1.0
148.95	2.0
149.76	3.0
150.61	4.0
151.39	1.0
152.2	2.0
153.01	3.0
153.81	4.0
154.6	1.0
155.41	2.0
156.19	3.0
157.01	4.0
157.81	1.0
158.6	2.0
159.34	3.0
160.15	4.0
160.94	1.0
161.81	2.0
162.63	3.0
163.48	4.0
164.32	1.0
165.17	2.0
166.0	3.0
166.84	4.0
167.64	1.0
168.51	2.0
169.33	3.0
170.18	4.0
170.99	1.0
171.86	2.0
172.64	3.0
173.46	4.0
174.29	1.0
175.14	2.0
175.96	3.0
176.8	4.0
177.63	1.0
178.47	2.0
179.29	3.0
180.11	4.0
180.91	1.0
181.78	2.0
182.59	3.0
183.42	4.0
184.22	1.0
185.04	2.0
185.84	3.0
186.64	4.0
187.46	1.0
188.31	2.0
189.12	3.0
189.96	4.0
190.77	1.0
191.62	2.0
192.43	3.0
193.25	4.0
194.07	1.0
194.89	2.0
195.7	3.0
196.52	4.0
197.34	1.0
198.17	2.0
198.97	3.0
199.8	4.0
200.6	1.0
201.45	2.0
202.25	3.0
203.08	4.0
203.89	1.0
204.75	2.0
205.54	3.0
206.35	4.0
207.16	1.0
207.97	2.0
208.78	3.0
209.58	4.0
210.39	1.0
211.22	2.0
212.03	3.0
212.81	4.0
213.59	1.0
214.36	2.0
215.16	3.0
215.98	4.0
216.78	1.0
217.65	2.0
218.48	3.0
219.31	4.0
220.12	1.0
220.95	2.0
221.76	3.0
222.58	4.0
223.4	1.0
224.23	2.0
225.05	3.0
225.89	4.0
226.7	1.0
227.53	2.0
228.33	3.0
229.16	4.0
229.95	1.0
230.8	2.0
231.61	3.0
232.44	4.0
233.25	1.0
234.07	2.0
234.86	3.0
235.67	4.0
236.47	1.0
237.29	2.0
238.06	3.0
238.81	4.0
239.56	1.0
240.36	2.0
241.12	3.0
241.99	4.0
242.81	1.0
243.68	2.0
244.52	3.0
245.34	4.0
246.16	1.0
247.04	2.0
247.86	3.0
248.71	4.0
249.52	1.0
250.35	2.0
251.16	3.0
252.0	4.0
252.76	1.0
253.65	2.0
254.43	3.0
255.28	4.0
256.12	1.0
256.97	2.0
257.77	3.0
258.61	4.0
259.43	1.0
260.25	2.0
261.07	3.0
261.91	4.0
262.7	1.0
263.55	2.0
264.36	3.0
265.16	4.0
265.95	1.0
266.79	2.0
267.55	3.0
268.4	4.0
269.22	1.0
270.07	2.0
270.87	3.0
271.7	4.0
272.52	1.0
273.37	2.0
274.18	3.0
275.02	4.0
275.83	1.0
276.68	2.0
277.5	3.0
278.34	4.0
279.14	1.0
280.01	2.0
280.81	3.0
281.62	4.0
282.46	1.0
283.32	2.0
284.13	3.0
284.97	4.0
285.79	1.0
286.63	2.0
287.44	3.0
288.3	4.0
289.1	1.0
289.92	2.0
290.73	3.0
291.56	4.0
292.33	1.0
293.2	2.0
294.0	3.0
294.8	4.0
295.61	1.0
296.48	2.0
297.32	3.0
298.15	4.0
298.98	1.0
299.82	2.0
300.65	3.0
301.47	4.0
302.27	1.0
303.12	2.0
303.92	3.0
304.75	4.0
305.55	1.0
306.38	2.0
307.18	3.0
307.93	4.0
308.67	1.0
309.5	2.0
310.34	3.0
311.14	4.0
311.93	1.0
312.79	2.0
313.6	3.0
314.41	4.0
315.21	1.0
316.05	2.0
316.86	3.0
317.66	4.0
318.44	1.0
319.25	2.0
320.09	3.0
321.04	4.0
322.08	1.0
322.94	2.0
323.77	3.0
324.64	4.0
325.49	1.0
326.38	2.0
327.21	3.0
328.09	4.0
328.95	1.0
329.83	2.0
330.7	3.0
331.59	4.0
332.44	1.0
333.32	2.0
