0.35	1.0
0.93	2.0
1.45	3.0
2.0	4.0
2.54	1.0
3.08	2.0
3.61	3.0
4.16	4.0
4.71	1.0
5.25	2.0
5.78	3.0
6.33	4.0
6.87	1.0
7.41	2.0
7.94	3.0
8.46	4.0
8.99	1.0
9.52	2.0
10.03	3.0
10.52	4.0
11.04	1.0
11.56	2.0
12.06	3.0
12.55	4.0
13.05	1.0
13.58	2.0
14.08	3.0
14.58	4.0
15.08	1.0
15.61	2.0
16.12	3.0
16.62	4.0
17.12	1.0
17.65	2.0
18.15	3.0
18.65	4.0
19.16	1.0
19.69	2.0
20.18	3.0
20.68	4.0
21.18	1.0
21.7	2.0
22.19	3.0
22.69	4.0
23.18	1.0
23.7	2.0
24.19	3.0
24.71	4.0
25.21	1.0
25.73	2.0
26.26	3.0
26.78	4.0
27.29	1.0
27.81	2.0
28.33	3.0
28.84	4.0
29.35	1.0
29.88	2.0
30.4	3.0
30.92	4.0
31.44	1.0
31.96	2.0
32.48	3.0
32.99	4.0
33.51	1.0
34.03	2.0
34.55	3.0
35.07	4.0
35.59	1.0
36.1	2.0
36.61	3.0
37.13	4.0
37.65	1.0
38.17	2.0
38.69	3.0
39.21	4.0
39.73	1.0
40.24	2.0
40.77	3.0
41.28	4.0
41.8	1.0
42.32	2.0
42.85	3.0
43.36	4.0
43.88	1.0
44.4	2.0
44.92	3.0
45.44	4.0
45.95	1.0
46.47	2.0
46.99	3.0
47.51	4.0
48.03	1.0
48.55	2.0
49.07	3.0
49.58	4.0
50.11	1.0
50.63	2.0
51.13	3.0
51.66	4.0
52.17	1.0
52.69	2.0
53.21	3.0
53.73	4.0
54.22	1.0
54.76	2.0
55.26	3.0
55.78	4.0
56.3	1.0
56.82	2.0
57.33	3.0
57.84	4.0
58.34	1.0
58.87	2.0
59.37	3.0
59.89	4.0
60.4	1.0
60.92	2.0
61.42	3.0
61.93	4.0
62.43	1.0
62.95	2.0
63.45	3.0
63.97	4.0
64.47	1.0
64.98	2.0
65.47	3.0
65.96	4.0
66.49	1.0
67.01	2.0
67.51	3.0
68.01	4.0
68.51	1.0
69.05	2.0
69.55	3.0
70.06	4.0
70.58	1.0
71.11	2.0
71.62	3.0
72.12	4.0
72.62	1.0
73.15	2.0
73.66	3.0
74.16	4.0
74.67	1.0
75.19	2.0
75.69	3.0
76.18	4.0
76.7	1.0
77.23	2.0
77.74	3.0
78.24	4.0
78.75	1.0
79.27	2.0
79.77	3.0
80.27	4.0
80.77	1.0
81.29	2.0
81.79	3.0
82.29	4.0
82.8	1.0
83.33	2.0
83.83	3.0
84.33	4.0
84.83	1.0
85.35	2.0
85.85	3.0
86.36	4.0
86.86	1.0
87.38	2.0
87.87	3.0
88.37	4.0
88.88	1.0
89.42	2.0
89.93	3.0
90.45	4.0
90.94	1.0
91.45	2.0
91.97	3.0
92.5	4.0
93.03	1.0
93.54	2.0
94.06	3.0
94.55	4.0
95.06	1.0
95.57	2.0
96.08	3.0
96.61	4.0
97.11	1.0
97.63	2.0
98.12	3.0
98.64	4.0
99.13	1.0
99.66	2.0
100.17	3.0
100.68	4.0
101.2	1.0
101.72	2.0
102.24	3.0
102.76	4.0
103.26	1.0
103.79	2.0
104.32	3.0
104.84	4.0
105.36	1.0
105.88	2.0
106.4	3.0
106.91	4.0
107.42	1.0
107.94	2.0
108.46	3.0
108.98	4.0
109.49	1.0
110.01	2.0
110.53	3.0
111.04	4.0
111.56	1.0
112.07	2.0
112.59	3.0
113.12	4.0
113.63	1.0
114.15	2.0
114.67	3.0
115.19	4.0
115.7	1.0
116.23	2.0
116.76	3.0
117.28	4.0
117.8	1.0
118.32	2.0
118.85	3.0
119.36	4.0
119.88	1.0
120.4	2.0
120.92	3.0
121.43	4.0
121.94	1.0
122.46	2.0
122.98	3.0
123.5	4.0
124.02	1.0
124.53	2.0
125.06	3.0
125.58	4.0
126.1	1.0
126.61	2.0
127.13	3.0
127.64	4.0
128.14	1.0
128.67	2.0
129.19	3.0
129.7	4.0
130.22	1.0
130.73	2.0
131.25	3.0
131.76	4.0
132.27	1.0
132.79	2.0
133.29	3.0
133.81	4.0
134.31	1.0
134.82	2.0
135.33	3.0
135.83	4.0
136.33	1.0
136.84	2.0
137.35	3.0
137.85	4.0
138.36	1.0
138.85	2.0
139.35	3.0
139.82	4.0
140.35	1.0
140.87	2.0
141.37	3.0
141.88	4.0
142.4	1.0
142.93	2.0
143.43	3.0
143.94	4.0
144.45	1.0
144.97	2.0
145.47	3.0
145.97	4.0
146.48	1.0
147.01	2.0
147.5	3.0
148.01	4.0
148.53	1.0
149.05	2.0
149.55	3.0
150.06	4.0
150.57	1.0
151.09	2.0
151.59	3.0
152.1	4.0
152.6	1.0
153.12	2.0
153.62	3.0
154.12	4.0
154.63	1.0
155.15	2.0
155.66	3.0
156.16	4.0
156.66	1.0
157.19	2.0
157.68	3.0
158.18	4.0
158.67	1.0
159.2	2.0
159.7	3.0
160.2	4.0
160.7	1.0
161.21	2.0
161.7	3.0
162.2	4.0
162.71	1.0
163.23	2.0
163.74	3.0
164.25	4.0
164.75	1.0
165.26	2.0
165.76	3.0
166.3	4.0
166.8	1.0
167.32	2.0
167.82	3.0
168.33	4.0
168.82	1.0
169.33	2.0
169.84	3.0
170.36	4.0
170.87	1.0
171.37	2.0
171.87	3.0
172.37	4.0
172.87	1.0
173.4	2.0
173.89	3.0
174.39	4.0
174.89	1.0
175.4	2.0
175.89	3.0
176.39	4.0
176.9	1.0
177.43	2.0
177.92	3.0
178.42	4.0
178.92	1.0
179.44	2.0
179.94	3.0
180.43	4.0
180.94	1.0
181.46	2.0
181.95	3.0
182.44	4.0
182.95	1.0
183.47	2.0
183.96	3.0
184.46	4.0
184.98	1.0
185.5	2.0
186.0	3.0
186.5	4.0
187.01	1.0
187.53	2.0
188.02	3.0
188.51	4.0
189.01	1.0
189.53	2.0
190.02	3.0
190.53	4.0
191.03	1.0
191.56	2.0
192.05	3.0
192.56	4.0
193.06	1.0
193.59	2.0
194.08	3.0
194.58	4.0
195.09	1.0
195.62	2.0
196.12	3.0
196.62	4.0
197.13	1.0
197.66	2.0
198.16	3.0
198.66	4.0
199.17	1.0
199.7	2.0
200.2	3.0
200.69	4.0
201.2	1.0
201.72	2.0
202.23	3.0
202.73	4.0
203.23	1.0
203.76	2.0
204.26	3.0
204.77	4.0
205.28	1.0
205.79	2.0
206.31	3.0
206.82	4.0
207.33	1.0
207.85	2.0
208.37	3.0
208.88	4.0
209.39	1.0
209.9	2.0
210.42	3.0
210.93	4.0
211.46	1.0
211.97	2.0
212.48	3.0
212.99	4.0
213.5	1.0
214.02	2.0
214.54	3.0
215.05	4.0
215.57	1.0
216.08	2.0
216.6	3.0
217.11	4.0
217.62	1.0
218.13	2.0
218.65	3.0
219.17	4.0
219.69	1.0
220.2	2.0
220.72	3.0
221.23	4.0
221.74	1.0
222.26	2.0
222.78	3.0
223.28	4.0
223.79	1.0
224.3	2.0
224.82	3.0
225.34	4.0
225.85	1.0
226.36	2.0
226.88	3.0
227.39	4.0
227.91	1.0
228.42	2.0
228.94	3.0
229.46	4.0
229.97	1.0
230.48	2.0
230.99	3.0
231.51	4.0
232.02	1.0
232.53	2.0
233.06	3.0
233.56	4.0
234.06	1.0
234.58	2.0
235.09	3.0
235.6	4.0
236.11	1.0
236.62	2.0
237.13	3.0
237.63	4.0
238.14	1.0
238.65	2.0
239.15	3.0
239.66	4.0
240.17	1.0
240.67	2.0
241.18	3.0
241.68	4.0
242.18	1.0
242.69	2.0
243.2	3.0
243.7	4.0
244.2	1.0
244.69	2.0
245.18	3.0
245.67	4.0
246.18	1.0
246.71	2.0
247.21	3.0
247.71	4.0
248.22	1.0
248.75	2.0
249.25	3.0
249.75	4.0
250.25	1.0
250.77	2.0
251.26	3.0
251.76	4.0
252.25	1.0
252.78	2.0
253.27	3.0
253.77	4.0
254.28	1.0
254.8	2.0
255.3	3.0
255.8	4.0
256.3	1.0
256.84	2.0
257.33	3.0
257.83	4.0
258.33	1.0
258.86	2.0
259.36	3.0
259.86	4.0
260.36	1.0
260.88	2.0
261.37	3.0
261.86	4.0
262.37	1.0
262.88	2.0
263.38	3.0
263.87	4.0
264.36	1.0
264.88	2.0
265.36	3.0
265.86	4.0
266.36	1.0
266.89	2.0
267.38	3.0
267.87	4.0
268.38	1.0
268.89	2.0
269.38	3.0
269.88	4.0
270.38	1.0
270.9	2.0
271.4	3.0
271.91	4.0
272.42	1.0
272.95	2.0
273.46	3.0
273.98	4.0
274.49	1.0
275.01	2.0
275.52	3.0
276.02	4.0
276.54	1.0
277.05	2.0
277.56	3.0
278.07	4.0
278.57	1.0
279.1	2.0
279.6	3.0
280.11	4.0
280.62	1.0
281.13	2.0
281.64	3.0
282.15	4.0
282.64	1.0
283.16	2.0
283.67	3.0
284.17	4.0
284.67	1.0
285.19	2.0
285.68	3.0
286.19	4.0
286.72	1.0
287.25	2.0
287.77	3.0
288.28	4.0
288.71	1.0
289.18	2.0
289.63	3.0
290.06	4.0
290.52	1.0
290.96	2.0
