0.2	1.0
0.86	2.0
1.56	3.0
2.29	4.0
2.96	1.0
3.66	2.0
4.4	3.0
5.07	4.0
5.8	1.0
6.47	2.0
7.18	3.0
7.89	4.0
8.56	1.0
9.27	2.0
9.95	3.0
10.64	4.0
11.34	1.0
12.03	2.0
12.73	3.0
13.42	4.0
14.11	1.0
14.81	2.0
15.51	3.0
16.2	4.0
16.9	1.0
17.59	2.0
18.29	3.0
18.98	4.0
19.68	1.0
20.37	2.0
21.07	3.0
21.77	4.0
22.46	1.0
23.16	2.0
23.86	3.0
24.55	4.0
25.24	1.0
25.94	2.0
26.64	3.0
27.33	4.0
28.02	1.0
28.72	2.0
29.42	3.0
30.11	4.0
30.8	1.0
31.5	2.0
32.2	3.0
32.89	4.0
33.59	1.0
34.28	2.0
34.98	3.0
35.67	4.0
36.37	1.0
37.06	2.0
37.77	3.0
38.45	4.0
39.15	1.0
39.84	2.0
40.55	3.0
41.24	4.0
41.93	1.0
42.63	2.0
43.32	3.0
44.02	4.0
44.71	1.0
45.41	2.0
46.11	3.0
46.8	4.0
47.49	1.0
48.19	2.0
48.89	3.0
49.58	4.0
50.28	1.0
50.97	2.0
51.67	3.0
52.36	4.0
53.06	1.0
53.75	2.0
54.45	3.0
55.15	4.0
55.84	1.0
56.54	2.0
57.24	3.0
57.93	4.0
58.62	1.0
59.32	2.0
60.02	3.0
60.71	4.0
61.4	1.0
62.1	2.0
62.8	3.0
63.49	4.0
64.18	1.0
64.88	2.0
65.58	3.0
66.27	4.0
66.97	1.0
67.66	2.0
68.37	3.0
69.05	4.0
69.74	1.0
70.44	2.0
71.15	3.0
71.84	4.0
72.53	1.0
73.22	2.0
73.93	3.0
74.62	4.0
75.31	1.0
76.01	2.0
76.7	3.0
77.4	4.0
78.1	1.0
78.79	2.0
79.48	3.0
80.18	4.0
80.87	1.0
81.58	2.0
82.26	3.0
82.96	4.0
83.66	1.0
84.35	2.0
85.04	3.0
85.74	4.0
86.44	1.0
87.13	2.0
87.83	3.0
88.52	4.0
89.22	1.0
89.91	2.0
90.61	3.0
91.31	4.0
92.0	1.0
92.7	2.0
93.4	3.0
94.09	4.0
94.78	1.0
95.48	2.0
96.18	3.0
96.87	4.0
97.56	1.0
98.26	2.0
98.96	3.0
99.65	4.0
100.34	1.0
101.04	2.0
101.74	3.0
102.43	4.0
103.13	1.0
103.82	2.0
104.53	3.0
105.22	4.0
105.91	1.0
106.61	2.0
107.31	3.0
108.0	4.0
108.69	1.0
109.38	2.0
110.09	3.0
110.78	4.0
111.47	1.0
112.17	2.0
112.87	3.0
113.56	4.0
114.26	1.0
114.95	2.0
115.65	3.0
116.34	4.0
117.03	1.0
117.73	2.0
118.44	3.0
119.12	4.0
119.82	1.0
120.52	2.0
121.21	3.0
121.9	4.0
122.6	1.0
123.3	2.0
123.99	3.0
124.69	4.0
125.38	1.0
126.08	2.0
126.78	3.0
127.47	4.0
128.16	1.0
128.86	2.0
129.56	3.0
130.25	4.0
130.95	1.0
131.64	2.0
132.34	3.0
133.03	4.0
133.73	1.0
134.42	2.0
135.12	3.0
135.81	4.0
136.51	1.0
137.21	2.0
137.91	3.0
138.6	4.0
139.29	1.0
139.98	2.0
140.69	3.0
141.38	4.0
142.07	1.0
142.77	2.0
143.46	3.0
144.16	4.0
144.85	1.0
145.55	2.0
146.25	3.0
146.94	4.0
147.64	1.0
148.33	2.0
149.03	3.0
149.72	4.0
150.42	1.0
151.11	2.0
151.82	3.0
152.51	4.0
153.23	1.0
153.9	2.0
154.6	3.0
155.3	4.0
156.0	1.0
156.68	2.0
157.37	3.0
158.07	4.0
158.76	1.0
159.46	2.0
160.15	3.0
160.85	4.0
161.54	1.0
162.24	2.0
162.93	3.0
163.63	4.0
164.32	1.0
165.02	2.0
165.72	3.0
166.41	4.0
167.11	1.0
167.8	2.0
168.5	3.0
169.19	4.0
169.89	1.0
170.59	2.0
171.29	3.0
171.98	4.0
172.67	1.0
173.37	2.0
174.07	3.0
174.76	4.0
175.45	1.0
176.15	2.0
176.85	3.0
177.54	4.0
178.23	1.0
178.93	2.0
179.63	3.0
180.32	4.0
181.02	1.0
181.71	2.0
182.41	3.0
183.1	4.0
183.8	1.0
184.49	2.0
185.19	3.0
185.88	4.0
186.57	1.0
187.27	2.0
187.98	3.0
188.67	4.0
189.36	1.0
190.06	2.0
190.75	3.0
191.45	4.0
192.14	1.0
192.84	2.0
193.53	3.0
194.23	4.0
194.93	1.0
195.64	2.0
196.33	3.0
197.03	4.0
197.71	1.0
