0.23	4.0
0.59	1.0
0.95	2.0
1.3	3.0
1.64	4.0
1.98	1.0
2.31	2.0
2.65	3.0
2.98	4.0
3.33	1.0
3.67	2.0
4.01	3.0
4.35	4.0
4.69	1.0
5.03	2.0
5.36	3.0
5.71	4.0
6.08	1.0
6.43	2.0
6.78	3.0
7.11	4.0
7.46	1.0
7.81	2.0
8.15	3.0
8.48	4.0
8.84	1.0
9.19	2.0
9.53	3.0
9.87	4.0
10.2	1.0
10.55	2.0
10.89	3.0
11.24	4.0
11.6	1.0
11.95	2.0
12.3	3.0
12.63	4.0
12.97	1.0
13.31	2.0
13.66	3.0
14.0	4.0
14.34	1.0
14.69	2.0
15.02	3.0
15.37	4.0
15.71	1.0
16.05	2.0
16.4	3.0
16.74	4.0
17.11	1.0
17.46	2.0
17.81	3.0
18.14	4.0
18.48	1.0
18.83	2.0
19.18	3.0
19.52	4.0
19.85	1.0
20.21	2.0
20.55	3.0
20.89	4.0
21.23	1.0
21.56	2.0
21.91	3.0
22.26	4.0
22.62	1.0
22.97	2.0
23.31	3.0
23.65	4.0
24.0	1.0
24.34	2.0
24.67	3.0
25.01	4.0
25.37	1.0
25.72	2.0
26.06	3.0
26.41	4.0
26.74	1.0
27.08	2.0
27.43	3.0
27.77	4.0
28.11	1.0
28.47	2.0
28.83	3.0
29.16	4.0
29.52	1.0
29.86	2.0
30.21	3.0
30.53	4.0
30.88	1.0
31.22	2.0
31.58	3.0
31.92	4.0
32.28	1.0
32.6	2.0
32.95	3.0
33.28	4.0
33.63	1.0
34.0	2.0
34.34	3.0
34.68	4.0
35.03	1.0
35.37	2.0
35.72	3.0
36.07	4.0
36.39	1.0
36.75	2.0
37.09	3.0
37.43	4.0
37.77	1.0
38.09	2.0
38.44	3.0
38.79	4.0
39.16	1.0
39.51	2.0
39.85	3.0
40.19	4.0
40.53	1.0
40.87	2.0
41.21	3.0
41.54	4.0
41.89	1.0
42.24	2.0
42.59	3.0
42.93	4.0
43.28	1.0
43.61	2.0
43.96	3.0
44.31	4.0
44.64	1.0
45.0	2.0
45.35	3.0
45.7	4.0
46.03	1.0
46.39	2.0
46.73	3.0
47.08	4.0
47.43	1.0
47.78	2.0
48.13	3.0
48.46	4.0
48.81	1.0
49.16	2.0
49.49	3.0
49.83	4.0
50.16	1.0
50.53	2.0
50.87	3.0
51.22	4.0
51.57	1.0
51.91	2.0
52.25	3.0
52.59	4.0
52.93	1.0
53.28	2.0
53.6	3.0
53.96	4.0
54.31	1.0
54.66	2.0
55.0	3.0
55.33	4.0
55.68	1.0
56.04	2.0
56.39	3.0
56.74	4.0
57.09	1.0
57.44	2.0
57.78	3.0
58.13	4.0
58.47	1.0
58.82	2.0
59.17	3.0
59.51	4.0
59.86	1.0
60.19	2.0
60.53	3.0
60.86	4.0
61.2	1.0
61.56	2.0
61.91	3.0
62.25	4.0
62.6	1.0
62.94	2.0
63.28	3.0
63.62	4.0
63.96	1.0
64.31	2.0
64.65	3.0
65.0	4.0
65.34	1.0
65.68	2.0
66.0	3.0
66.35	4.0
66.69	1.0
67.05	2.0
67.39	3.0
67.75	4.0
68.1	1.0
68.45	2.0
68.78	3.0
69.12	4.0
69.46	1.0
69.82	2.0
70.16	3.0
70.49	4.0
70.82	1.0
71.18	2.0
71.51	3.0
71.87	4.0
72.2	1.0
72.57	2.0
72.9	3.0
73.27	4.0
73.62	1.0
73.97	2.0
74.31	3.0
74.65	4.0
75.0	1.0
75.35	2.0
75.69	3.0
76.03	4.0
76.37	1.0
76.72	2.0
77.06	3.0
77.39	4.0
77.74	1.0
78.09	2.0
78.45	3.0
78.79	4.0
79.14	1.0
79.48	2.0
79.81	3.0
80.15	4.0
80.5	1.0
80.86	2.0
81.2	3.0
81.56	4.0
81.9	1.0
82.25	2.0
82.62	3.0
82.96	4.0
83.32	1.0
83.67	2.0
84.0	3.0
84.34	4.0
84.68	1.0
85.02	2.0
85.36	3.0
85.7	4.0
86.04	1.0
86.38	2.0
86.7	3.0
87.04	4.0
87.38	1.0
87.73	2.0
88.05	3.0
88.43	4.0
88.79	1.0
89.15	2.0
89.49	3.0
89.83	4.0
90.2	1.0
90.55	2.0
90.89	3.0
91.23	4.0
91.56	1.0
91.91	2.0
92.25	3.0
92.59	4.0
92.93	1.0
93.28	2.0
93.6	3.0
93.96	4.0
94.3	1.0
94.64	2.0
94.98	3.0
95.33	4.0
95.67	1.0
96.03	2.0
96.37	3.0
96.71	4.0
97.04	1.0
97.4	2.0
97.74	3.0
98.08	4.0
98.43	1.0
98.78	2.0
99.11	3.0
99.46	4.0
99.82	1.0
100.17	2.0
100.53	3.0
100.87	4.0
101.21	1.0
101.56	2.0
101.9	3.0
102.24	4.0
102.57	1.0
102.93	2.0
103.26	3.0
103.6	4.0
103.93	1.0
104.29	2.0
104.62	3.0
104.97	4.0
105.33	1.0
105.69	2.0
106.03	3.0
106.37	4.0
106.73	1.0
107.08	2.0
107.41	3.0
107.75	4.0
108.09	1.0
108.45	2.0
108.8	3.0
109.13	4.0
109.49	1.0
109.84	2.0
110.2	3.0
110.53	4.0
110.89	1.0
111.25	2.0
111.58	3.0
111.92	4.0
112.26	1.0
112.62	2.0
112.94	3.0
113.3	4.0
113.63	1.0
113.97	2.0
114.32	3.0
114.67	4.0
115.02	1.0
115.35	2.0
115.7	3.0
116.04	4.0
116.37	1.0
116.72	2.0
117.07	3.0
117.42	4.0
117.76	1.0
118.12	2.0
118.46	3.0
118.8	4.0
119.15	1.0
119.5	2.0
119.84	3.0
120.18	4.0
120.51	1.0
120.88	2.0
121.23	3.0
121.56	4.0
121.92	1.0
122.26	2.0
122.59	3.0
122.94	4.0
123.28	1.0
123.63	2.0
123.97	3.0
124.32	4.0
124.66	1.0
125.01	2.0
125.34	3.0
125.67	4.0
126.01	1.0
126.38	2.0
126.72	3.0
127.07	4.0
127.42	1.0
127.78	2.0
128.12	3.0
128.46	4.0
128.8	1.0
129.15	2.0
129.5	3.0
129.84	4.0
130.18	1.0
130.53	2.0
130.87	3.0
131.21	4.0
131.57	1.0
131.93	2.0
132.27	3.0
132.61	4.0
132.95	1.0
133.29	2.0
133.63	3.0
133.97	4.0
134.31	1.0
134.66	2.0
134.99	3.0
135.34	4.0
135.68	1.0
136.03	2.0
136.37	3.0
136.72	4.0
137.06	1.0
137.42	2.0
137.76	3.0
138.11	4.0
138.47	1.0
138.82	2.0
139.16	3.0
139.49	4.0
139.83	1.0
140.18	2.0
140.52	3.0
140.85	4.0
141.2	1.0
141.55	2.0
141.87	3.0
142.22	4.0
142.56	1.0
142.92	2.0
143.26	3.0
143.62	4.0
143.96	1.0
144.31	2.0
144.66	3.0
145.0	4.0
145.35	1.0
145.7	2.0
146.04	3.0
146.38	4.0
146.72	1.0
147.07	2.0
147.4	3.0
147.73	4.0
148.07	1.0
148.44	2.0
148.79	3.0
149.13	4.0
149.47	1.0
149.82	2.0
150.15	3.0
150.49	4.0
150.85	1.0
151.2	2.0
151.55	3.0
151.89	4.0
152.24	1.0
152.61	2.0
152.96	3.0
153.31	4.0
153.66	1.0
154.01	2.0
154.34	3.0
154.69	4.0
155.03	1.0
155.37	2.0
155.72	3.0
156.06	4.0
156.4	1.0
156.75	2.0
157.08	3.0
157.42	4.0
157.76	1.0
158.11	2.0
158.44	3.0
158.78	4.0
159.12	1.0
159.48	2.0
159.83	3.0
160.17	4.0
160.53	1.0
160.87	2.0
161.22	3.0
161.55	4.0
161.89	1.0
162.24	2.0
162.58	3.0
162.92	4.0
163.26	1.0
163.61	2.0
163.94	3.0
164.28	4.0
164.63	1.0
164.99	2.0
165.34	3.0
165.68	4.0
166.05	1.0
166.4	2.0
166.75	3.0
167.08	4.0
167.43	1.0
167.77	2.0
168.11	3.0
168.45	4.0
168.81	1.0
169.15	2.0
169.49	3.0
169.84	4.0
170.19	1.0
170.53	2.0
170.88	3.0
171.22	4.0
171.56	1.0
171.9	2.0
172.24	3.0
172.56	4.0
172.91	1.0
173.25	2.0
173.59	3.0
173.93	4.0
174.28	1.0
174.62	2.0
174.97	3.0
175.31	4.0
175.66	1.0
176.02	2.0
176.37	3.0
176.7	4.0
177.06	1.0
177.41	2.0
177.75	3.0
178.08	4.0
178.43	1.0
178.78	2.0
179.12	3.0
179.47	4.0
179.82	1.0
180.16	2.0
180.49	3.0
180.83	4.0
181.17	1.0
181.53	2.0
181.89	3.0
182.23	4.0
182.57	1.0
182.92	2.0
183.26	3.0
183.59	4.0
183.94	1.0
184.29	2.0
184.63	3.0
184.98	4.0
185.33	1.0
185.67	2.0
186.01	3.0
186.35	4.0
186.7	1.0
187.05	2.0
187.4	3.0
187.75	4.0
188.1	1.0
188.45	2.0
188.8	3.0
189.13	4.0
189.48	1.0
189.82	2.0
190.15	3.0
190.49	4.0
190.84	1.0
191.19	2.0
191.52	3.0
191.88	4.0
192.22	1.0
192.58	2.0
192.93	3.0
193.26	4.0
193.62	1.0
193.95	2.0
194.3	3.0
194.62	4.0
194.96	1.0
195.32	2.0
195.64	3.0
196.01	4.0
196.34	1.0
196.71	2.0
197.05	3.0
197.4	4.0
197.75	1.0
198.11	2.0
198.46	3.0
198.8	4.0
199.15	1.0
199.5	2.0
199.83	3.0
200.17	4.0
200.51	1.0
200.86	2.0
201.19	3.0
201.53	4.0
201.87	1.0
202.21	2.0
202.54	3.0
202.88	4.0
203.22	1.0
203.58	2.0
203.93	3.0
204.27	4.0
204.62	1.0
204.98	2.0
205.32	3.0
205.66	4.0
206.0	1.0
206.34	2.0
206.7	3.0
207.03	4.0
207.37	1.0
207.72	2.0
208.05	3.0
208.4	4.0
208.75	1.0
209.11	2.0
209.45	3.0
209.79	4.0
210.15	1.0
210.51	2.0
210.84	3.0
211.18	4.0
211.53	1.0
211.88	2.0
212.21	3.0
212.56	4.0
212.89	1.0
213.24	2.0
213.58	3.0
213.93	4.0
214.27	1.0
214.63	2.0
214.97	3.0
215.31	4.0
215.67	1.0
216.02	2.0
216.36	3.0
216.7	4.0
217.04	1.0
217.39	2.0
217.72	3.0
218.07	4.0
218.41	1.0
218.75	2.0
219.09	3.0
219.43	4.0
219.78	1.0
220.14	2.0
220.48	3.0
220.83	4.0
221.18	1.0
221.52	2.0
221.86	3.0
222.21	4.0
222.55	1.0
222.9	2.0
223.24	3.0
223.59	4.0
223.94	1.0
224.29	2.0
224.62	3.0
224.97	4.0
225.3	1.0
225.66	2.0
226.01	3.0
226.35	4.0
226.7	1.0
227.05	2.0
227.41	3.0
227.74	4.0
228.09	1.0
228.45	2.0
228.8	3.0
229.14	4.0
229.49	1.0
229.83	2.0
230.18	3.0
230.52	4.0
230.86	1.0
231.21	2.0
231.56	3.0
231.91	4.0
232.25	1.0
232.59	2.0
232.93	3.0
233.28	4.0
233.62	1.0
233.96	2.0
234.31	3.0
234.64	4.0
234.99	1.0
235.33	2.0
235.67	3.0
236.0	4.0
236.34	1.0
236.69	2.0
237.03	3.0
237.38	4.0
237.73	1.0
238.09	2.0
238.43	3.0
238.76	4.0
239.1	1.0
239.45	2.0
239.8	3.0
240.13	4.0
240.48	1.0
240.83	2.0
241.16	3.0
241.51	4.0
241.84	1.0
242.19	2.0
242.54	3.0
242.88	4.0
243.23	1.0
243.58	2.0
243.92	3.0
244.26	4.0
244.58	1.0
244.93	2.0
245.26	3.0
245.6	4.0
245.94	1.0
246.28	2.0
246.64	3.0
246.96	4.0
247.32	1.0
247.64	2.0
247.95	3.0
248.27	4.0
248.6	1.0
248.91	2.0
249.23	3.0
249.55	4.0
249.88	1.0
250.2	2.0
250.51	3.0
250.84	4.0
251.15	1.0
251.47	2.0
251.8	3.0
252.11	4.0
252.43	1.0
252.76	2.0
253.08	3.0
253.4	4.0
253.72	1.0
254.04	2.0
254.35	3.0
254.67	4.0
255.0	1.0
255.32	2.0
255.63	3.0
255.95	4.0
256.28	1.0
256.6	2.0
256.92	3.0
257.23	4.0
