0.17	4.0
0.79	1.0
1.4	2.0
1.99	3.0
2.6	4.0
3.21	1.0
3.81	2.0
4.41	3.0
5.0	4.0
5.6	1.0
6.19	2.0
6.79	3.0
7.38	4.0
7.98	1.0
8.58	2.0
9.18	3.0
9.77	4.0
10.37	1.0
10.96	2.0
11.56	3.0
12.16	4.0
12.75	1.0
13.35	2.0
13.95	3.0
14.55	4.0
15.14	1.0
15.74	2.0
16.34	3.0
16.93	4.0
17.53	1.0
18.14	2.0
18.74	3.0
19.31	4.0
19.91	1.0
20.5	2.0
21.11	3.0
21.7	4.0
22.3	1.0
22.9	2.0
23.5	3.0
24.09	4.0
24.68	1.0
25.27	2.0
25.87	3.0
26.46	4.0
27.07	1.0
27.67	2.0
28.28	3.0
28.86	4.0
29.46	1.0
30.05	2.0
30.65	3.0
31.25	4.0
31.85	1.0
32.45	2.0
33.06	3.0
33.63	4.0
34.23	1.0
34.83	2.0
35.43	3.0
36.03	4.0
36.63	1.0
37.23	2.0
37.83	3.0
38.43	4.0
39.03	1.0
39.63	2.0
40.23	3.0
40.82	4.0
41.42	1.0
42.02	2.0
42.63	3.0
43.21	4.0
43.81	1.0
44.4	2.0
45.0	3.0
45.6	4.0
46.2	1.0
46.79	2.0
47.39	3.0
47.97	4.0
48.57	1.0
49.17	2.0
49.76	3.0
50.35	4.0
50.95	1.0
51.55	2.0
52.14	3.0
52.72	4.0
53.31	1.0
53.91	2.0
54.5	3.0
55.09	4.0
55.68	1.0
56.28	2.0
56.87	3.0
57.46	4.0
58.06	1.0
58.66	2.0
59.27	3.0
59.84	4.0
60.44	1.0
61.04	2.0
61.65	3.0
62.23	4.0
62.82	1.0
63.41	2.0
64.01	3.0
64.61	4.0
65.21	1.0
65.81	2.0
66.41	3.0
67.0	4.0
67.59	1.0
68.2	2.0
68.79	3.0
69.38	4.0
69.99	1.0
70.58	2.0
71.18	3.0
71.76	4.0
72.35	1.0
72.94	2.0
73.55	3.0
74.13	4.0
74.73	1.0
75.34	2.0
75.92	3.0
76.51	4.0
77.12	1.0
77.71	2.0
78.31	3.0
78.89	4.0
79.49	1.0
80.09	2.0
80.7	3.0
81.27	4.0
81.87	1.0
82.47	2.0
83.07	3.0
83.67	4.0
84.27	1.0
84.86	2.0
85.45	3.0
86.05	4.0
86.65	1.0
87.25	2.0
87.85	3.0
88.45	4.0
89.05	1.0
89.65	2.0
90.24	3.0
90.83	4.0
91.42	1.0
92.02	2.0
92.62	3.0
93.21	4.0
93.81	1.0
94.42	2.0
95.01	3.0
95.6	4.0
96.19	1.0
96.78	2.0
97.39	3.0
97.99	4.0
98.59	1.0
99.19	2.0
99.79	3.0
100.39	4.0
100.98	1.0
101.58	2.0
102.18	3.0
102.78	4.0
103.39	1.0
103.99	2.0
104.58	3.0
105.17	4.0
105.77	1.0
106.37	2.0
106.98	3.0
107.57	4.0
108.15	1.0
108.75	2.0
109.33	3.0
109.92	4.0
110.52	1.0
111.11	2.0
111.71	3.0
112.31	4.0
112.91	1.0
113.5	2.0
114.1	3.0
114.68	4.0
115.27	1.0
115.86	2.0
116.46	3.0
117.05	4.0
117.65	1.0
118.24	2.0
118.85	3.0
119.43	4.0
120.04	1.0
120.64	2.0
121.24	3.0
121.83	4.0
122.43	1.0
123.02	2.0
123.62	3.0
124.19	4.0
124.78	1.0
125.37	2.0
125.97	3.0
126.56	4.0
127.16	1.0
127.75	2.0
128.35	3.0
128.93	4.0
129.52	1.0
130.11	2.0
130.71	3.0
131.3	4.0
131.9	1.0
132.49	2.0
133.09	3.0
133.67	4.0
134.25	1.0
134.85	2.0
135.45	3.0
136.05	4.0
136.65	1.0
137.24	2.0
137.84	3.0
138.44	4.0
139.03	1.0
139.63	2.0
140.22	3.0
140.83	4.0
141.42	1.0
142.02	2.0
142.62	3.0
143.21	4.0
143.81	1.0
144.4	2.0
145.0	3.0
145.59	4.0
146.19	1.0
146.8	2.0
147.4	3.0
147.97	4.0
148.58	1.0
149.17	2.0
149.78	3.0
150.36	4.0
150.96	1.0
151.56	2.0
152.17	3.0
152.75	4.0
153.34	1.0
153.94	2.0
154.54	3.0
155.13	4.0
155.73	1.0
156.33	2.0
156.92	3.0
157.52	4.0
158.11	1.0
158.71	2.0
159.31	3.0
159.89	4.0
160.48	1.0
161.09	2.0
161.69	3.0
162.29	4.0
162.88	1.0
163.48	2.0
164.07	3.0
164.66	4.0
165.25	1.0
165.85	2.0
166.44	3.0
167.02	4.0
167.6	1.0
168.2	2.0
168.8	3.0
169.39	4.0
169.99	1.0
170.59	2.0
171.19	3.0
171.78	4.0
172.37	1.0
172.97	2.0
173.57	3.0
174.15	4.0
174.76	1.0
175.36	2.0
175.95	3.0
176.53	4.0
177.12	1.0
177.71	2.0
178.31	3.0
178.9	4.0
179.49	1.0
180.08	2.0
180.68	3.0
181.26	4.0
181.86	1.0
182.44	2.0
183.05	3.0
183.64	4.0
184.24	1.0
184.84	2.0
185.44	3.0
186.02	4.0
186.61	1.0
187.21	2.0
187.81	3.0
188.4	4.0
188.99	1.0
189.59	2.0
190.19	3.0
190.76	4.0
191.38	1.0
191.98	2.0
192.59	3.0
193.17	4.0
193.77	1.0
194.36	2.0
194.95	3.0
195.54	4.0
196.13	1.0
196.74	2.0
197.34	3.0
197.92	4.0
198.53	1.0
199.12	2.0
199.73	3.0
200.3	4.0
200.9	1.0
201.49	2.0
202.09	3.0
202.68	4.0
203.28	1.0
203.87	2.0
204.47	3.0
205.04	4.0
205.63	1.0
206.23	2.0
206.83	3.0
207.41	4.0
208.01	1.0
208.61	2.0
209.19	3.0
209.78	4.0
210.36	1.0
210.96	2.0
211.56	3.0
212.14	4.0
212.74	1.0
213.33	2.0
213.93	3.0
214.5	4.0
215.09	1.0
215.68	2.0
216.28	3.0
216.88	4.0
217.47	1.0
218.06	2.0
218.67	3.0
219.24	4.0
219.83	1.0
220.43	2.0
221.03	3.0
221.62	4.0
222.22	1.0
222.81	2.0
223.41	3.0
223.99	4.0
224.59	1.0
225.18	2.0
225.78	3.0
226.36	4.0
226.96	1.0
227.55	2.0
228.15	3.0
228.72	4.0
229.33	1.0
