0.11	3.0
0.82	4.0
1.55	1.0
2.28	2.0
3.01	3.0
3.75	4.0
4.49	1.0
5.16	2.0
5.9	3.0
6.61	4.0
7.34	1.0
8.08	2.0
8.8	3.0
9.52	4.0
10.23	1.0
10.96	2.0
11.71	3.0
12.42	4.0
13.13	1.0
13.83	2.0
14.59	3.0
15.29	4.0
16.03	1.0
16.74	2.0
17.5	3.0
18.23	4.0
18.92	1.0
19.64	2.0
20.38	3.0
21.08	4.0
21.83	1.0
22.54	2.0
23.28	3.0
24.0	4.0
24.72	1.0
25.44	2.0
26.18	3.0
26.89	4.0
27.63	1.0
28.36	2.0
29.08	3.0
29.77	4.0
30.5	1.0
31.22	2.0
31.95	3.0
32.67	4.0
33.4	1.0
34.12	2.0
34.85	3.0
35.58	4.0
36.29	1.0
37.01	2.0
37.75	3.0
38.47	4.0
39.2	1.0
39.91	2.0
40.65	3.0
41.36	4.0
42.09	1.0
42.81	2.0
43.54	3.0
44.26	4.0
44.99	1.0
45.7	2.0
46.43	3.0
47.15	4.0
47.88	1.0
48.6	2.0
49.33	3.0
50.05	4.0
50.78	1.0
51.5	2.0
52.22	3.0
52.95	4.0
53.68	1.0
54.4	2.0
55.12	3.0
55.84	4.0
56.57	1.0
57.29	2.0
58.02	3.0
58.74	4.0
59.47	1.0
60.18	2.0
60.91	3.0
61.63	4.0
62.36	1.0
63.08	2.0
63.82	3.0
64.52	4.0
65.25	1.0
65.97	2.0
66.7	3.0
67.42	4.0
68.15	1.0
68.87	2.0
69.6	3.0
70.32	4.0
71.05	1.0
71.76	2.0
72.49	3.0
73.21	4.0
73.94	1.0
74.66	2.0
75.39	3.0
76.11	4.0
76.84	1.0
77.56	2.0
78.29	3.0
79.0	4.0
79.73	1.0
80.45	2.0
81.18	3.0
81.9	4.0
82.63	1.0
83.35	2.0
84.08	3.0
84.79	4.0
85.52	1.0
86.24	2.0
86.97	3.0
87.69	4.0
88.42	1.0
89.14	2.0
89.87	3.0
90.59	4.0
91.32	1.0
92.03	2.0
92.77	3.0
93.48	4.0
94.21	1.0
94.93	2.0
95.66	3.0
96.38	4.0
97.11	1.0
97.83	2.0
98.55	3.0
99.27	4.0
100.01	1.0
100.72	2.0
101.45	3.0
102.17	4.0
102.9	1.0
103.62	2.0
104.35	3.0
105.07	4.0
105.8	1.0
106.51	2.0
107.24	3.0
107.96	4.0
108.68	1.0
109.41	2.0
110.14	3.0
110.86	4.0
111.58	1.0
112.3	2.0
113.03	3.0
113.75	4.0
114.47	1.0
115.2	2.0
115.93	3.0
116.65	4.0
117.38	1.0
118.09	2.0
118.83	3.0
119.54	4.0
120.27	1.0
120.99	2.0
121.72	3.0
122.43	4.0
123.17	1.0
124.24	2.0
125.34	3.0
126.43	4.0
127.51	1.0
128.23	2.0
128.96	3.0
129.68	4.0
130.41	1.0
131.13	2.0
131.86	3.0
132.58	4.0
133.31	1.0
134.02	2.0
134.75	3.0
135.47	4.0
136.2	1.0
136.92	2.0
137.65	3.0
138.37	4.0
139.09	1.0
139.81	2.0
140.54	3.0
141.26	4.0
141.97	1.0
142.71	2.0
143.44	3.0
144.16	4.0
144.89	1.0
145.61	2.0
146.34	3.0
147.05	4.0
147.77	1.0
148.5	2.0
149.23	3.0
149.95	4.0
150.68	1.0
151.4	2.0
152.13	3.0
152.85	4.0
153.58	1.0
154.29	2.0
155.02	3.0
155.74	4.0
156.47	1.0
157.19	2.0
157.92	3.0
158.64	4.0
159.36	1.0
160.08	2.0
160.81	3.0
161.53	4.0
162.26	1.0
162.98	2.0
163.71	3.0
164.43	4.0
165.16	1.0
165.88	2.0
166.62	3.0
167.32	4.0
168.05	1.0
168.75	2.0
169.5	3.0
170.2	4.0
170.98	1.0
171.71	2.0
172.77	3.0
173.84	4.0
174.92	1.0
175.96	2.0
176.74	3.0
177.43	4.0
178.16	1.0
178.9	2.0
179.66	3.0
180.39	4.0
181.1	1.0
181.82	2.0
182.55	3.0
183.27	4.0
183.99	1.0
184.72	2.0
185.42	3.0
186.15	4.0
186.88	1.0
187.59	2.0
188.32	3.0
189.04	4.0
189.77	1.0
190.49	2.0
191.22	3.0
191.94	4.0
192.67	1.0
193.38	2.0
194.12	3.0
194.83	4.0
195.56	1.0
196.28	2.0
197.01	3.0
197.73	4.0
198.46	1.0
199.18	2.0
199.91	3.0
200.63	4.0
201.36	1.0
202.07	2.0
202.81	3.0
203.52	4.0
204.25	1.0
204.97	2.0
205.7	3.0
206.42	4.0
207.14	1.0
207.86	2.0
208.59	3.0
209.31	4.0
210.05	1.0
210.76	2.0
211.49	3.0
212.21	4.0
212.94	1.0
213.66	2.0
214.38	3.0
215.11	4.0
215.83	1.0
216.55	2.0
217.28	3.0
218.0	4.0
218.73	1.0
219.45	2.0
220.18	3.0
220.89	4.0
221.63	1.0
222.35	2.0
223.07	3.0
223.79	4.0
224.52	1.0
225.24	2.0
225.96	3.0
226.69	4.0
227.42	1.0
228.14	2.0
228.86	3.0
229.58	4.0
230.31	1.0
231.03	2.0
231.76	3.0
232.48	4.0
233.21	1.0
233.92	2.0
234.66	3.0
235.37	4.0
236.11	1.0
236.82	2.0
237.55	3.0
238.27	4.0
238.99	1.0
239.72	2.0
240.45	3.0
241.17	4.0
241.9	1.0
242.61	2.0
243.34	3.0
244.06	4.0
244.79	1.0
245.51	2.0
246.24	3.0
246.96	4.0
247.68	1.0
248.4	2.0
249.14	3.0
249.85	4.0
250.59	1.0
251.3	2.0
252.03	3.0
252.75	4.0
253.48	1.0
254.2	2.0
254.93	3.0
255.64	4.0
256.37	1.0
257.09	2.0
257.82	3.0
258.54	4.0
259.27	1.0
259.99	2.0
260.72	3.0
261.44	4.0
262.17	1.0
262.89	2.0
263.61	3.0
264.33	4.0
265.06	1.0
265.78	2.0
266.51	3.0
267.23	4.0
267.95	1.0
268.67	2.0
269.4	3.0
270.12	4.0
270.85	1.0
271.57	2.0
272.3	3.0
273.02	4.0
273.75	1.0
274.47	2.0
275.2	3.0
275.91	4.0
276.65	1.0
277.36	2.0
278.09	3.0
278.81	4.0
279.54	1.0
280.26	2.0
280.99	3.0
281.71	4.0
282.44	1.0
283.16	2.0
283.88	3.0
284.6	4.0
285.33	1.0
286.05	2.0
286.78	3.0
287.5	4.0
288.23	1.0
288.95	2.0
289.67	3.0
290.39	4.0
291.12	1.0
291.84	2.0
292.57	3.0
293.29	4.0
294.02	1.0
294.74	2.0
295.47	3.0
296.18	4.0
296.91	1.0
297.63	2.0
298.36	3.0
299.08	4.0
299.81	1.0
300.53	2.0
301.26	3.0
301.98	4.0
302.71	1.0
303.42	2.0
304.15	3.0
304.87	4.0
305.6	1.0
306.32	2.0
307.05	3.0
307.76	4.0
308.49	1.0
309.21	2.0
309.94	3.0
310.66	4.0
311.39	1.0
