2.0	1.0
2.55	2.0
3.04	3.0
3.59	4.0
4.11	1.0
4.6	2.0
5.1	3.0
5.58	4.0
6.07	1.0
6.56	2.0
7.06	3.0
7.58	4.0
8.07	1.0
8.57	2.0
9.06	3.0
9.55	4.0
10.03	1.0
10.52	2.0
11.04	3.0
11.53	4.0
12.04	1.0
12.51	2.0
13.01	3.0
13.48	4.0
13.96	1.0
14.44	2.0
14.92	3.0
15.4	4.0
15.88	1.0
16.36	2.0
16.84	3.0
17.32	4.0
17.8	1.0
18.27	2.0
18.75	3.0
19.23	4.0
19.7	1.0
20.17	2.0
20.65	3.0
21.13	4.0
21.62	1.0
22.08	2.0
22.55	3.0
23.02	4.0
23.49	1.0
23.97	2.0
24.44	3.0
24.91	4.0
25.4	1.0
25.88	2.0
26.34	3.0
26.81	4.0
27.29	1.0
27.76	2.0
28.23	3.0
28.7	4.0
29.17	1.0
29.65	2.0
30.12	3.0
30.59	4.0
31.05	1.0
31.54	2.0
32.01	3.0
32.48	4.0
32.96	1.0
33.44	2.0
33.9	3.0
34.38	4.0
34.85	1.0
35.33	2.0
35.81	3.0
36.27	4.0
36.74	1.0
37.22	2.0
37.68	3.0
38.17	4.0
38.64	1.0
39.12	2.0
39.6	3.0
40.08	4.0
40.56	1.0
41.04	2.0
41.51	3.0
41.99	4.0
42.47	1.0
42.94	2.0
43.42	3.0
43.89	4.0
44.37	1.0
44.84	2.0
45.32	3.0
45.81	4.0
46.29	1.0
46.8	2.0
47.26	3.0
47.8	4.0
48.29	1.0
48.78	2.0
49.26	3.0
49.75	4.0
50.22	1.0
50.72	2.0
51.2	3.0
51.69	4.0
52.18	1.0
52.66	2.0
53.13	3.0
53.61	4.0
54.09	1.0
54.58	2.0
55.06	3.0
55.54	4.0
56.02	1.0
56.49	2.0
56.97	3.0
57.44	4.0
57.92	1.0
58.4	2.0
58.89	3.0
59.37	4.0
59.84	1.0
60.32	2.0
60.79	3.0
61.27	4.0
61.75	1.0
62.22	2.0
62.72	3.0
63.2	4.0
63.67	1.0
64.13	2.0
64.6	3.0
65.08	4.0
65.56	1.0
66.03	2.0
66.5	3.0
66.97	4.0
67.45	1.0
67.92	2.0
68.4	3.0
68.87	4.0
69.36	1.0
69.83	2.0
70.3	3.0
70.78	4.0
71.27	1.0
71.74	2.0
72.23	3.0
72.7	4.0
73.18	1.0
73.66	2.0
74.13	3.0
74.62	4.0
75.1	1.0
75.59	2.0
76.07	3.0
76.58	4.0
77.05	1.0
77.58	2.0
78.07	3.0
78.57	4.0
79.05	1.0
79.54	2.0
80.04	3.0
80.51	4.0
81.0	1.0
81.48	2.0
81.96	3.0
82.44	4.0
82.92	1.0
83.39	2.0
83.86	3.0
84.35	4.0
84.83	1.0
85.3	2.0
85.78	3.0
86.26	4.0
86.74	1.0
87.22	2.0
87.69	3.0
88.18	4.0
88.67	1.0
89.15	2.0
89.63	3.0
90.1	4.0
90.58	1.0
91.05	2.0
91.53	3.0
92.0	4.0
92.48	1.0
92.97	2.0
93.43	3.0
93.89	4.0
94.37	1.0
94.82	2.0
95.31	3.0
95.76	4.0
96.25	1.0
96.71	2.0
97.18	3.0
97.66	4.0
98.14	1.0
98.62	2.0
99.1	3.0
99.59	4.0
100.07	1.0
100.54	2.0
101.02	3.0
101.5	4.0
101.98	1.0
102.45	2.0
102.94	3.0
103.42	4.0
103.9	1.0
104.38	2.0
104.87	3.0
105.35	4.0
105.82	1.0
106.33	2.0
106.81	3.0
107.34	4.0
107.83	1.0
108.32	2.0
108.82	3.0
109.29	4.0
109.78	1.0
110.27	2.0
110.76	3.0
111.24	4.0
111.72	1.0
112.2	2.0
112.68	3.0
113.16	4.0
113.64	1.0
114.12	2.0
114.61	3.0
115.08	4.0
115.56	1.0
116.03	2.0
116.52	3.0
116.99	4.0
117.46	1.0
117.95	2.0
118.45	3.0
118.92	4.0
119.4	1.0
119.88	2.0
120.36	3.0
120.83	4.0
121.3	1.0
121.78	2.0
122.26	3.0
122.74	4.0
123.23	1.0
123.71	2.0
124.19	3.0
124.67	4.0
125.15	1.0
125.63	2.0
126.11	3.0
126.57	4.0
127.06	1.0
127.53	2.0
128.01	3.0
128.48	4.0
128.95	1.0
129.42	2.0
129.9	3.0
130.36	4.0
130.82	1.0
131.3	2.0
131.78	3.0
132.25	4.0
132.72	1.0
133.2	2.0
133.69	3.0
134.16	4.0
134.63	1.0
135.1	2.0
135.57	3.0
136.03	4.0
136.5	1.0
136.97	2.0
137.43	3.0
137.89	4.0
138.36	1.0
138.83	2.0
139.3	3.0
139.77	4.0
140.24	1.0
140.71	2.0
141.19	3.0
141.66	4.0
142.12	1.0
142.59	2.0
143.05	3.0
143.51	4.0
143.98	1.0
144.44	2.0
144.92	3.0
145.38	4.0
145.86	1.0
146.32	2.0
146.79	3.0
147.25	4.0
147.72	1.0
148.2	2.0
148.67	3.0
149.14	4.0
149.61	1.0
150.07	2.0
150.54	3.0
151.01	4.0
151.48	1.0
151.94	2.0
152.41	3.0
152.87	4.0
153.33	1.0
153.79	2.0
154.27	3.0
154.73	4.0
155.2	1.0
155.67	2.0
156.15	3.0
156.6	4.0
157.07	1.0
157.53	2.0
158.01	3.0
158.47	4.0
158.93	1.0
159.4	2.0
159.87	3.0
160.32	4.0
160.78	1.0
161.25	2.0
161.72	3.0
162.18	4.0
162.65	1.0
163.11	2.0
163.57	3.0
164.04	4.0
164.51	1.0
164.98	2.0
165.45	3.0
165.91	4.0
166.37	1.0
166.84	2.0
167.31	3.0
167.77	4.0
168.24	1.0
168.68	2.0
169.16	3.0
169.62	4.0
170.09	1.0
170.55	2.0
171.02	3.0
171.48	4.0
171.94	1.0
172.39	2.0
172.85	3.0
173.31	4.0
173.76	1.0
174.22	2.0
174.69	3.0
175.13	4.0
175.6	1.0
176.07	2.0
176.52	3.0
176.99	4.0
177.46	1.0
177.92	2.0
178.38	3.0
178.84	4.0
179.3	1.0
179.75	2.0
180.23	3.0
180.69	4.0
181.15	1.0
181.62	2.0
182.09	3.0
182.56	4.0
183.03	1.0
183.5	2.0
183.96	3.0
184.42	4.0
184.88	1.0
185.34	2.0
185.82	3.0
186.28	4.0
186.74	1.0
187.21	2.0
187.69	3.0
188.14	4.0
188.61	1.0
189.08	2.0
189.54	3.0
190.0	4.0
190.47	1.0
190.93	2.0
191.39	3.0
191.86	4.0
192.33	1.0
192.8	2.0
193.27	3.0
193.73	4.0
194.19	1.0
194.66	2.0
195.14	3.0
195.59	4.0
196.06	1.0
196.52	2.0
196.98	3.0
197.44	4.0
197.9	1.0
198.36	2.0
198.81	3.0
199.27	4.0
199.73	1.0
200.19	2.0
200.66	3.0
201.13	4.0
201.59	1.0
202.05	2.0
202.51	3.0
202.96	4.0
203.42	1.0
203.88	2.0
204.34	3.0
204.8	4.0
205.25	1.0
205.71	2.0
206.18	3.0
206.63	4.0
207.09	1.0
207.55	2.0
208.01	3.0
208.47	4.0
208.92	1.0
209.39	2.0
209.85	3.0
210.3	4.0
210.77	1.0
211.23	2.0
211.69	3.0
212.16	4.0
212.61	1.0
213.06	2.0
213.53	3.0
213.99	4.0
214.44	1.0
214.9	2.0
215.37	3.0
215.83	4.0
216.29	1.0
216.75	2.0
217.21	3.0
217.67	4.0
218.12	1.0
218.59	2.0
219.06	3.0
219.51	4.0
219.97	1.0
220.43	2.0
220.89	3.0
221.35	4.0
221.82	1.0
222.28	2.0
222.76	3.0
223.22	4.0
223.67	1.0
224.13	2.0
224.6	3.0
225.05	4.0
225.52	1.0
225.97	2.0
226.43	3.0
226.89	4.0
227.35	1.0
227.8	2.0
228.28	3.0
228.73	4.0
229.19	1.0
229.64	2.0
230.11	3.0
230.56	4.0
231.02	1.0
231.47	2.0
231.93	3.0
232.39	4.0
232.85	1.0
233.32	2.0
233.78	3.0
234.23	4.0
234.7	1.0
235.14	2.0
235.61	3.0
236.06	4.0
236.53	1.0
236.98	2.0
237.44	3.0
237.9	4.0
238.37	1.0
238.81	2.0
239.27	3.0
239.71	4.0
240.18	1.0
240.63	2.0
241.09	3.0
241.54	4.0
242.0	1.0
242.44	2.0
242.92	3.0
243.37	4.0
243.83	1.0
244.28	2.0
244.75	3.0
245.19	4.0
245.65	1.0
246.09	2.0
246.55	3.0
247.0	4.0
247.46	1.0
247.91	2.0
248.37	3.0
248.81	4.0
249.26	1.0
249.71	2.0
250.18	3.0
250.63	4.0
251.1	1.0
251.55	2.0
252.02	3.0
252.47	4.0
252.93	1.0
253.38	2.0
253.86	3.0
254.31	4.0
254.77	1.0
255.23	2.0
255.68	3.0
256.13	4.0
256.6	1.0
257.06	2.0
257.51	3.0
257.96	4.0
258.42	1.0
258.87	2.0
259.33	3.0
259.79	4.0
260.25	1.0
260.71	2.0
261.17	3.0
261.63	4.0
262.08	1.0
262.54	2.0
263.0	3.0
263.46	4.0
263.91	1.0
264.36	2.0
264.83	3.0
265.28	4.0
265.74	1.0
266.19	2.0
266.66	3.0
267.11	4.0
267.57	1.0
268.03	2.0
268.49	3.0
268.94	4.0
269.4	1.0
269.85	2.0
270.32	3.0
270.77	4.0
271.23	1.0
271.69	2.0
272.15	3.0
272.61	4.0
273.07	1.0
273.53	2.0
273.99	3.0
274.44	4.0
274.88	1.0
275.34	2.0
275.81	3.0
276.26	4.0
276.72	1.0
277.18	2.0
277.63	3.0
278.09	4.0
278.53	1.0
278.99	2.0
279.33	3.0
279.69	4.0
280.14	1.0
280.62	2.0
281.07	3.0
281.53	4.0
281.98	1.0
282.46	2.0
282.91	3.0
283.37	4.0
283.83	1.0
284.29	2.0
284.75	3.0
285.2	4.0
285.66	1.0
286.11	2.0
286.56	3.0
287.03	4.0
287.49	1.0
287.95	2.0
288.4	3.0
288.86	4.0
289.32	1.0
289.78	2.0
290.23	3.0
290.68	4.0
291.13	1.0
291.59	2.0
292.04	3.0
292.48	4.0
292.94	1.0
293.41	2.0
293.87	3.0
294.33	4.0
294.78	1.0
295.24	2.0
295.69	3.0
296.14	4.0
296.58	1.0
297.03	2.0
297.48	3.0
297.93	4.0
298.38	1.0
298.84	2.0
299.29	3.0
299.73	4.0
300.17	1.0
300.64	2.0
301.11	3.0
301.57	4.0
302.0	1.0
302.46	2.0
302.9	3.0
303.35	4.0
303.77	1.0
304.23	2.0
304.67	3.0
305.09	4.0
305.53	1.0
305.99	2.0
306.42	3.0
306.85	4.0
307.31	1.0
307.74	2.0
308.17	3.0
308.6	4.0
309.0	1.0
309.43	2.0
309.86	3.0
310.31	4.0
310.73	1.0
311.18	2.0
311.62	3.0
312.09	4.0
312.53	1.0
312.97	2.0
313.39	3.0
313.81	4.0
314.22	1.0
314.63	2.0
315.07	3.0
315.48	4.0
315.91	1.0
316.31	2.0
316.76	3.0
317.22	4.0
317.68	1.0
318.13	2.0
318.57	3.0
319.0	4.0
319.43	1.0
319.89	2.0
320.32	3.0
320.78	4.0
321.24	1.0
321.68	2.0
322.12	3.0
322.59	4.0
323.03	1.0
323.44	2.0
323.89	3.0
324.3	4.0
324.73	1.0
325.2	2.0
325.66	3.0
326.13	4.0
326.59	1.0
327.05	2.0
327.51	3.0
327.96	4.0
328.39	1.0
328.84	2.0
329.3	3.0
329.75	4.0
330.19	1.0
330.66	2.0
331.11	3.0
331.55	4.0
331.99	1.0
332.46	2.0
332.89	3.0
333.41	4.0
333.94	1.0
334.44	2.0
334.95	3.0
335.44	4.0
335.95	1.0
336.49	2.0
336.99	3.0
337.51	4.0
