0.81	4.0
1.72	1.0
2.6	2.0
3.48	3.0
4.32	4.0
5.21	1.0
6.08	2.0
6.94	3.0
7.8	4.0
8.68	1.0
9.56	2.0
10.42	3.0
11.29	4.0
12.19	1.0
13.08	2.0
13.98	3.0
14.86	4.0
15.79	1.0
16.69	2.0
17.55	3.0
18.43	4.0
19.31	1.0
20.2	2.0
21.04	3.0
21.91	4.0
22.8	1.0
23.7	2.0
24.55	3.0
25.43	4.0
26.31	1.0
27.2	2.0
28.06	3.0
28.95	4.0
29.88	1.0
30.77	2.0
31.66	3.0
32.55	4.0
33.45	1.0
34.35	2.0
35.21	3.0
36.1	4.0
37.0	1.0
37.92	2.0
38.79	3.0
39.69	4.0
40.61	1.0
41.52	2.0
42.4	3.0
43.31	4.0
44.22	1.0
45.09	2.0
45.99	3.0
46.89	4.0
47.78	1.0
48.67	2.0
49.55	3.0
50.47	4.0
51.39	1.0
52.3	2.0
53.17	3.0
54.07	4.0
54.99	1.0
55.9	2.0
56.81	3.0
57.73	4.0
58.67	1.0
59.59	2.0
60.48	3.0
61.37	4.0
62.3	1.0
63.19	2.0
64.07	3.0
64.96	4.0
65.88	1.0
66.78	2.0
67.63	3.0
68.5	4.0
69.41	1.0
70.29	2.0
71.17	3.0
72.02	4.0
72.94	1.0
73.82	2.0
74.72	3.0
75.6	4.0
76.47	1.0
77.36	2.0
78.23	3.0
79.13	4.0
80.02	1.0
80.9	2.0
81.79	3.0
82.66	4.0
83.56	1.0
84.42	2.0
85.32	3.0
86.23	4.0
87.11	1.0
88.01	2.0
88.92	3.0
89.78	4.0
90.65	1.0
91.55	2.0
92.42	3.0
93.3	4.0
94.22	1.0
95.09	2.0
95.95	3.0
96.83	4.0
97.72	1.0
98.59	2.0
99.44	3.0
100.32	4.0
101.2	1.0
102.09	2.0
102.94	3.0
103.84	4.0
104.73	1.0
105.6	2.0
106.48	3.0
107.35	4.0
108.24	1.0
109.12	2.0
109.98	3.0
110.85	4.0
111.73	1.0
112.63	2.0
113.52	3.0
114.39	4.0
115.29	1.0
116.18	2.0
117.05	3.0
117.95	4.0
118.82	1.0
119.71	2.0
120.57	3.0
121.46	4.0
122.36	1.0
123.25	2.0
124.13	3.0
124.99	4.0
125.88	1.0
126.76	2.0
127.64	3.0
128.51	4.0
129.42	1.0
130.32	2.0
131.19	3.0
132.07	4.0
132.94	1.0
133.85	2.0
134.72	3.0
135.59	4.0
136.5	1.0
137.38	2.0
138.27	3.0
139.15	4.0
140.03	1.0
140.91	2.0
141.79	3.0
142.69	4.0
143.58	1.0
144.45	2.0
145.32	3.0
146.21	4.0
147.09	1.0
147.96	2.0
148.83	3.0
149.73	4.0
150.64	1.0
151.52	2.0
152.39	3.0
153.29	4.0
154.17	1.0
155.05	2.0
155.91	3.0
156.79	4.0
157.7	1.0
158.58	2.0
159.45	3.0
160.32	4.0
161.21	1.0
162.09	2.0
162.94	3.0
163.81	4.0
164.73	1.0
165.63	2.0
166.5	3.0
167.39	4.0
168.3	1.0
169.17	2.0
170.04	3.0
170.92	4.0
171.81	1.0
172.67	2.0
173.55	3.0
174.41	4.0
175.3	1.0
176.18	2.0
177.04	3.0
177.92	4.0
178.8	1.0
179.7	2.0
180.57	3.0
181.46	4.0
182.33	1.0
183.19	2.0
184.06	3.0
184.92	4.0
185.79	1.0
186.69	2.0
187.56	3.0
188.44	4.0
189.33	1.0
190.16	2.0
191.03	3.0
191.89	4.0
192.8	1.0
193.69	2.0
194.56	3.0
195.43	4.0
196.3	1.0
197.19	2.0
198.04	3.0
198.93	4.0
199.84	1.0
200.73	2.0
201.61	3.0
202.48	4.0
203.36	1.0
204.26	2.0
205.15	3.0
206.0	4.0
206.88	1.0
207.77	2.0
208.67	3.0
209.52	4.0
210.4	1.0
211.3	2.0
212.17	3.0
213.05	4.0
213.93	1.0
214.79	2.0
215.66	3.0
216.54	4.0
217.43	1.0
218.31	2.0
219.19	3.0
220.04	4.0
220.94	1.0
221.86	2.0
222.71	3.0
223.59	4.0
224.49	1.0
225.36	2.0
226.23	3.0
227.14	4.0
228.0	1.0
228.89	2.0
229.82	3.0
230.71	4.0
231.65	1.0
232.6	2.0
233.56	3.0
234.49	4.0
235.47	1.0
236.38	2.0
237.25	3.0
238.08	4.0
238.98	1.0
239.85	2.0
240.73	3.0
241.58	4.0
242.47	1.0
243.33	2.0
244.19	3.0
245.07	4.0
245.91	1.0
246.78	2.0
247.64	3.0
248.49	4.0
249.38	1.0
250.23	2.0
251.11	3.0
251.97	4.0
252.85	1.0
253.7	2.0
254.56	3.0
255.44	4.0
256.31	1.0
257.19	2.0
258.04	3.0
258.91	4.0
259.78	1.0
260.67	2.0
261.53	3.0
262.4	4.0
263.29	1.0
264.18	2.0
265.03	3.0
265.9	4.0
266.79	1.0
267.66	2.0
268.51	3.0
269.39	4.0
270.27	1.0
271.14	2.0
272.0	3.0
272.84	4.0
273.7	1.0
274.54	2.0
275.39	3.0
276.27	4.0
277.15	1.0
278.03	2.0
278.9	3.0
279.76	4.0
280.64	1.0
281.48	2.0
282.34	3.0
283.22	4.0
284.1	1.0
284.97	2.0
285.83	3.0
286.66	4.0
287.54	1.0
288.4	2.0
289.25	3.0
290.09	4.0
290.93	1.0
291.85	2.0
292.69	3.0
293.56	4.0
294.39	1.0
295.29	2.0
296.11	3.0
296.97	4.0
297.82	1.0
298.67	2.0
299.54	3.0
300.39	4.0
301.26	1.0
302.12	2.0
302.98	3.0
303.84	4.0
304.7	1.0
305.57	2.0
306.44	3.0
307.28	4.0
308.13	1.0
309.0	2.0
309.85	3.0
310.7	4.0
311.57	1.0
312.43	2.0
313.29	3.0
314.14	4.0
315.01	1.0
315.86	2.0
316.71	3.0
317.55	4.0
318.43	1.0
319.33	2.0
320.17	3.0
321.02	4.0
321.88	1.0
322.76	2.0
323.6	3.0
324.46	4.0
325.34	1.0
326.2	2.0
327.07	3.0
327.9	4.0
328.76	1.0
329.62	2.0
330.46	3.0
331.31	4.0
332.17	1.0
333.03	2.0
333.89	3.0
334.72	4.0
335.58	1.0
336.41	2.0
337.24	3.0
338.06	4.0
338.92	1.0
339.78	2.0
340.61	3.0
341.45	4.0
342.3	1.0
343.15	2.0
343.98	3.0
344.81	4.0
345.66	1.0
346.51	2.0
347.34	3.0
348.19	4.0
349.09	1.0
349.98	2.0
350.92	3.0
351.97	4.0
352.96	1.0
353.9	2.0
354.87	3.0
355.85	4.0
356.83	1.0
357.74	2.0
358.75	3.0
359.71	4.0
360.65	1.0
361.63	2.0
362.56	3.0
363.5	4.0
364.49	1.0
365.47	2.0
366.42	3.0
367.36	4.0
368.27	1.0
369.23	2.0
370.14	3.0
371.08	4.0
372.07	1.0
372.94	2.0
373.87	3.0
374.8	4.0
375.72	1.0
376.66	2.0
377.63	3.0
378.59	4.0
379.51	1.0
380.48	2.0
381.47	3.0
