0.55	1.0
1.24	2.0
1.85	3.0
2.5	4.0
3.18	1.0
3.81	2.0
4.42	3.0
5.05	4.0
5.69	1.0
6.35	2.0
6.97	3.0
7.6	4.0
8.24	1.0
8.85	2.0
9.46	3.0
10.06	4.0
10.67	1.0
11.27	2.0
11.87	3.0
12.46	4.0
13.05	1.0
13.68	2.0
14.26	3.0
14.85	4.0
15.48	1.0
16.08	2.0
16.68	3.0
17.26	4.0
17.88	1.0
18.49	2.0
19.08	3.0
19.68	4.0
20.3	1.0
20.93	2.0
21.54	3.0
22.12	4.0
22.75	1.0
23.35	2.0
23.96	3.0
24.54	4.0
25.13	1.0
25.73	2.0
26.29	3.0
26.86	4.0
27.46	1.0
28.06	2.0
28.65	3.0
29.24	4.0
29.8	1.0
30.37	2.0
30.96	3.0
31.5	4.0
32.06	1.0
32.46	2.0
32.85	3.0
33.26	4.0
33.64	1.0
34.05	2.0
34.43	3.0
34.83	4.0
35.19	1.0
35.57	2.0
35.98	3.0
36.35	4.0
36.75	1.0
37.13	2.0
37.54	3.0
37.92	4.0
38.31	1.0
38.7	2.0
39.09	3.0
39.47	4.0
39.87	1.0
40.24	2.0
40.64	3.0
41.01	4.0
41.41	1.0
41.8	2.0
42.19	3.0
42.57	4.0
42.95	1.0
43.34	2.0
43.74	3.0
44.12	4.0
44.5	1.0
44.88	2.0
45.27	3.0
45.65	4.0
46.04	1.0
46.42	2.0
46.81	3.0
47.2	4.0
47.57	1.0
47.96	2.0
48.35	3.0
48.73	4.0
49.12	1.0
49.5	2.0
49.89	3.0
50.28	4.0
50.67	1.0
51.06	2.0
51.45	3.0
51.83	4.0
52.22	1.0
52.61	2.0
52.99	3.0
53.39	4.0
53.77	1.0
54.15	2.0
54.53	3.0
54.91	4.0
55.3	1.0
55.68	2.0
56.07	3.0
56.46	4.0
56.84	1.0
57.22	2.0
57.61	3.0
58.0	4.0
58.39	1.0
58.78	2.0
59.17	3.0
59.54	4.0
59.92	1.0
60.31	2.0
60.7	3.0
61.09	4.0
61.47	1.0
61.85	2.0
62.23	3.0
62.61	4.0
62.99	1.0
63.37	2.0
63.75	3.0
64.14	4.0
64.53	1.0
64.91	2.0
65.29	3.0
65.68	4.0
66.06	1.0
66.44	2.0
66.83	3.0
67.21	4.0
67.58	1.0
67.97	2.0
68.36	3.0
68.73	4.0
69.13	1.0
69.51	2.0
69.9	3.0
70.27	4.0
70.66	1.0
71.03	2.0
71.41	3.0
71.8	4.0
72.19	1.0
72.57	2.0
72.95	3.0
73.33	4.0
73.71	1.0
74.11	2.0
74.5	3.0
74.87	4.0
75.26	1.0
75.64	2.0
76.02	3.0
76.4	4.0
76.78	1.0
77.16	2.0
77.55	3.0
77.93	4.0
78.31	1.0
78.68	2.0
79.07	3.0
79.45	4.0
79.84	1.0
80.22	2.0
80.6	3.0
80.98	4.0
81.36	1.0
81.74	2.0
82.13	3.0
82.51	4.0
82.88	1.0
83.27	2.0
83.66	3.0
84.04	4.0
84.41	1.0
84.8	2.0
85.19	3.0
85.57	4.0
85.96	1.0
86.35	2.0
86.73	3.0
87.12	4.0
87.49	1.0
87.88	2.0
88.28	3.0
88.65	4.0
89.03	1.0
89.4	2.0
89.81	3.0
90.19	4.0
90.58	1.0
90.96	2.0
91.35	3.0
91.73	4.0
92.12	1.0
92.5	2.0
92.9	3.0
93.28	4.0
93.66	1.0
94.05	2.0
94.44	3.0
94.82	4.0
95.2	1.0
95.59	2.0
95.97	3.0
96.35	4.0
96.73	1.0
97.12	2.0
97.51	3.0
97.89	4.0
98.28	1.0
98.66	2.0
99.05	3.0
99.43	4.0
99.82	1.0
100.21	2.0
100.6	3.0
100.98	4.0
101.36	1.0
101.75	2.0
102.13	3.0
102.51	4.0
102.89	1.0
103.28	2.0
103.66	3.0
104.05	4.0
104.43	1.0
104.81	2.0
105.19	3.0
105.57	4.0
105.95	1.0
106.33	2.0
106.72	3.0
107.1	4.0
107.48	1.0
107.87	2.0
108.25	3.0
108.63	4.0
109.02	1.0
109.4	2.0
109.79	3.0
110.18	4.0
110.55	1.0
110.94	2.0
111.33	3.0
111.71	4.0
112.11	1.0
112.49	2.0
112.87	3.0
113.25	4.0
113.63	1.0
114.02	2.0
114.4	3.0
114.78	4.0
115.18	1.0
115.57	2.0
115.93	3.0
116.33	4.0
116.71	1.0
117.09	2.0
117.47	3.0
117.86	4.0
118.24	1.0
118.64	2.0
119.03	3.0
119.4	4.0
119.78	1.0
120.16	2.0
120.54	3.0
120.92	4.0
121.31	1.0
121.69	2.0
122.08	3.0
122.46	4.0
122.84	1.0
123.22	2.0
123.61	3.0
123.97	4.0
124.36	1.0
124.74	2.0
125.11	3.0
125.49	4.0
125.88	1.0
126.25	2.0
126.64	3.0
127.02	4.0
127.41	1.0
127.79	2.0
128.17	3.0
128.55	4.0
128.94	1.0
129.32	2.0
129.7	3.0
130.08	4.0
130.46	1.0
130.84	2.0
131.23	3.0
131.6	4.0
131.97	1.0
132.35	2.0
132.71	3.0
133.08	4.0
133.45	1.0
133.83	2.0
134.21	3.0
134.59	4.0
134.98	1.0
135.37	2.0
135.75	3.0
136.14	4.0
136.53	1.0
136.92	2.0
137.3	3.0
137.68	4.0
138.08	1.0
138.46	2.0
138.85	3.0
139.23	4.0
139.61	1.0
139.99	2.0
140.39	3.0
140.76	4.0
141.16	1.0
141.53	2.0
141.93	3.0
142.31	4.0
142.69	1.0
143.07	2.0
143.46	3.0
143.85	4.0
144.23	1.0
144.61	2.0
145.01	3.0
145.38	4.0
145.77	1.0
146.15	2.0
146.54	3.0
146.92	4.0
147.32	1.0
147.69	2.0
148.08	3.0
148.44	4.0
148.83	1.0
149.21	2.0
149.59	3.0
149.98	4.0
150.37	1.0
150.76	2.0
151.15	3.0
151.53	4.0
151.91	1.0
152.3	2.0
152.69	3.0
153.06	4.0
153.45	1.0
153.84	2.0
154.22	3.0
154.61	4.0
154.98	1.0
155.37	2.0
155.74	3.0
156.15	4.0
156.53	1.0
156.91	2.0
157.29	3.0
157.67	4.0
158.05	1.0
158.44	2.0
158.81	3.0
159.21	4.0
159.6	1.0
159.98	2.0
160.36	3.0
160.74	4.0
161.12	1.0
161.49	2.0
161.88	3.0
162.25	4.0
162.65	1.0
163.03	2.0
163.41	3.0
163.81	4.0
164.18	1.0
164.56	2.0
164.95	3.0
165.32	4.0
165.7	1.0
166.1	2.0
166.48	3.0
166.86	4.0
167.24	1.0
167.64	2.0
168.02	3.0
168.4	4.0
168.79	1.0
169.17	2.0
169.56	3.0
169.94	4.0
170.32	1.0
170.7	2.0
171.09	3.0
171.48	4.0
171.86	1.0
172.25	2.0
172.63	3.0
173.0	4.0
173.39	1.0
173.78	2.0
174.16	3.0
174.53	4.0
174.92	1.0
175.3	2.0
175.69	3.0
176.07	4.0
176.44	1.0
176.82	2.0
177.21	3.0
177.59	4.0
177.97	1.0
178.36	2.0
178.75	3.0
179.13	4.0
179.51	1.0
179.88	2.0
180.26	3.0
180.64	4.0
181.01	1.0
181.4	2.0
181.79	3.0
182.17	4.0
182.56	1.0
182.94	2.0
183.33	3.0
183.71	4.0
184.1	1.0
184.5	2.0
184.9	3.0
185.29	4.0
185.66	1.0
186.07	2.0
186.44	3.0
186.83	4.0
187.25	1.0
187.83	2.0
188.48	3.0
189.11	4.0
189.76	1.0
190.38	2.0
191.03	3.0
191.67	4.0
192.31	1.0
192.94	2.0
193.55	3.0
194.17	4.0
194.81	1.0
195.42	2.0
196.04	3.0
196.64	4.0
197.27	1.0
197.86	2.0
198.45	3.0
199.05	4.0
199.67	1.0
200.27	2.0
200.86	3.0
201.43	4.0
202.04	1.0
202.62	2.0
203.2	3.0
203.78	4.0
204.35	1.0
204.96	2.0
205.53	3.0
206.1	4.0
206.69	1.0
207.26	2.0
207.83	3.0
208.42	4.0
