0.22	1.0
0.61	2.0
0.99	3.0
1.38	4.0
1.78	1.0
2.17	2.0
2.54	3.0
2.94	4.0
3.33	1.0
3.72	2.0
4.09	3.0
4.49	4.0
4.86	1.0
5.24	2.0
5.6	3.0
5.97	4.0
6.34	1.0
6.73	2.0
7.13	3.0
7.51	4.0
7.89	1.0
8.28	2.0
8.69	3.0
9.07	4.0
9.46	1.0
9.84	2.0
10.24	3.0
10.61	4.0
10.99	1.0
11.38	2.0
11.78	3.0
12.16	4.0
12.56	1.0
12.94	2.0
13.35	3.0
13.73	4.0
14.13	1.0
14.51	2.0
14.91	3.0
15.29	4.0
15.69	1.0
16.07	2.0
16.46	3.0
16.84	4.0
17.23	1.0
17.61	2.0
18.01	3.0
18.39	4.0
18.79	1.0
19.17	2.0
19.56	3.0
19.95	4.0
20.34	1.0
20.72	2.0
21.12	3.0
21.49	4.0
21.89	1.0
22.26	2.0
22.65	3.0
23.01	4.0
23.38	1.0
23.78	2.0
24.17	3.0
24.56	4.0
24.94	1.0
25.33	2.0
25.72	3.0
26.1	4.0
26.5	1.0
26.89	2.0
27.29	3.0
27.67	4.0
28.07	1.0
28.44	2.0
28.85	3.0
29.24	4.0
29.61	1.0
30.0	2.0
30.4	3.0
30.79	4.0
31.2	1.0
31.58	2.0
31.99	3.0
32.37	4.0
32.77	1.0
33.15	2.0
33.56	3.0
33.93	4.0
34.35	1.0
34.73	2.0
35.14	3.0
35.52	4.0
35.91	1.0
36.29	2.0
36.7	3.0
37.08	4.0
37.47	1.0
37.85	2.0
38.25	3.0
38.63	4.0
39.02	1.0
39.41	2.0
39.83	3.0
40.2	4.0
40.61	1.0
40.98	2.0
41.39	3.0
41.76	4.0
42.15	1.0
42.56	2.0
42.95	3.0
43.34	4.0
43.72	1.0
44.11	2.0
44.52	3.0
44.9	4.0
45.3	1.0
45.68	2.0
46.09	3.0
46.47	4.0
46.86	1.0
47.25	2.0
47.64	3.0
48.03	4.0
48.43	1.0
48.8	2.0
49.21	3.0
49.59	4.0
50.0	1.0
50.38	2.0
50.8	3.0
51.18	4.0
51.57	1.0
51.96	2.0
52.36	3.0
52.75	4.0
53.14	1.0
53.52	2.0
53.92	3.0
54.31	4.0
54.69	1.0
55.08	2.0
55.45	3.0
55.84	4.0
56.21	1.0
56.58	2.0
56.93	3.0
57.31	4.0
57.7	1.0
58.09	2.0
58.46	3.0
58.82	4.0
59.18	1.0
59.56	2.0
59.95	3.0
60.32	4.0
60.7	1.0
61.1	2.0
61.47	3.0
61.87	4.0
62.24	1.0
62.63	2.0
63.03	3.0
63.41	4.0
63.82	1.0
64.2	2.0
64.59	3.0
64.97	4.0
65.37	1.0
65.74	2.0
66.15	3.0
66.53	4.0
66.92	1.0
67.31	2.0
67.71	3.0
68.09	4.0
68.48	1.0
68.86	2.0
69.27	3.0
69.64	4.0
70.05	1.0
70.44	2.0
70.84	3.0
71.23	4.0
71.61	1.0
72.0	2.0
72.4	3.0
72.78	4.0
73.17	1.0
73.56	2.0
73.96	3.0
74.34	4.0
74.73	1.0
75.11	2.0
75.51	3.0
75.9	4.0
76.28	1.0
76.67	2.0
77.06	3.0
77.44	4.0
77.84	1.0
78.22	2.0
78.62	3.0
79.01	4.0
79.39	1.0
79.78	2.0
80.16	3.0
80.56	4.0
80.94	1.0
81.34	2.0
81.73	3.0
82.12	4.0
82.52	1.0
82.9	2.0
83.3	3.0
83.69	4.0
84.08	1.0
84.47	2.0
84.85	3.0
85.25	4.0
85.65	1.0
86.03	2.0
86.42	3.0
86.81	4.0
87.2	1.0
87.59	2.0
87.99	3.0
88.37	4.0
88.77	1.0
89.15	2.0
89.54	3.0
89.93	4.0
90.32	1.0
90.71	2.0
91.1	3.0
91.49	4.0
91.88	1.0
92.28	2.0
92.68	3.0
93.08	4.0
93.45	1.0
93.83	2.0
94.22	3.0
94.57	4.0
94.94	1.0
95.33	2.0
95.7	3.0
96.06	4.0
96.42	1.0
96.79	2.0
97.2	3.0
97.57	4.0
97.96	1.0
98.37	2.0
98.76	3.0
99.12	4.0
99.5	1.0
99.89	2.0
100.28	3.0
100.67	4.0
101.06	1.0
101.45	2.0
101.85	3.0
102.24	4.0
102.62	1.0
103.01	2.0
103.42	3.0
103.8	4.0
104.2	1.0
104.59	2.0
104.96	3.0
105.35	4.0
105.75	1.0
106.15	2.0
106.54	3.0
106.94	4.0
107.35	1.0
107.74	2.0
108.14	3.0
108.52	4.0
108.93	1.0
109.31	2.0
109.71	3.0
110.08	4.0
110.49	1.0
110.86	2.0
111.25	3.0
111.65	4.0
112.05	1.0
112.43	2.0
112.83	3.0
113.21	4.0
113.61	1.0
113.98	2.0
114.37	3.0
114.74	4.0
115.13	1.0
115.51	2.0
115.89	3.0
116.26	4.0
116.63	1.0
117.02	2.0
117.42	3.0
117.8	4.0
118.18	1.0
118.58	2.0
118.99	3.0
119.36	4.0
119.76	1.0
120.15	2.0
120.55	3.0
120.93	4.0
121.32	1.0
121.71	2.0
122.11	3.0
122.49	4.0
122.88	1.0
123.26	2.0
123.66	3.0
124.06	4.0
124.46	1.0
124.85	2.0
125.26	3.0
125.64	4.0
126.03	1.0
126.43	2.0
126.81	3.0
127.21	4.0
127.6	1.0
127.98	2.0
128.39	3.0
128.77	4.0
129.16	1.0
129.55	2.0
129.95	3.0
130.34	4.0
130.73	1.0
131.12	2.0
131.53	3.0
131.91	4.0
132.29	1.0
132.68	2.0
133.09	3.0
133.47	4.0
133.87	1.0
134.25	2.0
134.65	3.0
135.04	4.0
135.43	1.0
135.82	2.0
136.22	3.0
136.6	4.0
137.0	1.0
137.39	2.0
137.79	3.0
138.17	4.0
138.57	1.0
138.96	2.0
139.36	3.0
139.73	4.0
140.13	1.0
140.52	2.0
140.93	3.0
141.31	4.0
141.72	1.0
142.09	2.0
142.51	3.0
142.89	4.0
143.3	1.0
143.68	2.0
144.08	3.0
144.47	4.0
144.87	1.0
145.25	2.0
145.65	3.0
146.04	4.0
146.44	1.0
146.82	2.0
147.24	3.0
147.61	4.0
148.01	1.0
148.39	2.0
148.8	3.0
149.17	4.0
149.57	1.0
149.95	2.0
150.36	3.0
150.74	4.0
151.13	1.0
151.52	2.0
151.93	3.0
152.31	4.0
152.72	1.0
153.1	2.0
153.49	3.0
153.87	4.0
154.28	1.0
154.65	2.0
155.05	3.0
155.43	4.0
155.83	1.0
156.22	2.0
156.63	3.0
157.01	4.0
157.41	1.0
157.78	2.0
158.19	3.0
158.56	4.0
158.96	1.0
159.34	2.0
159.75	3.0
160.12	4.0
160.53	1.0
160.9	2.0
161.31	3.0
161.7	4.0
