0.26	3.0
1.07	1.0
1.88	2.0
2.71	3.0
3.52	1.0
4.42	2.0
5.4	3.0
6.33	1.0
7.22	2.0
8.16	3.0
9.04	1.0
9.95	2.0
10.83	3.0
11.73	1.0
12.52	2.0
13.29	3.0
14.02	1.0
14.74	2.0
15.49	3.0
16.25	1.0
16.96	2.0
17.7	3.0
18.47	1.0
19.05	2.0
19.67	3.0
20.23	1.0
20.79	2.0
21.34	3.0
21.89	1.0
22.46	2.0
23.01	3.0
23.59	1.0
24.14	2.0
24.7	3.0
25.27	1.0
25.82	2.0
26.36	3.0
26.91	1.0
27.46	2.0
28.04	3.0
28.58	1.0
29.14	2.0
29.69	3.0
30.23	1.0
30.78	2.0
31.32	3.0
31.86	1.0
32.4	2.0
32.95	3.0
33.5	1.0
34.06	2.0
34.61	3.0
35.15	1.0
35.69	2.0
36.26	3.0
36.8	1.0
37.35	2.0
37.89	3.0
38.43	1.0
38.99	2.0
39.54	3.0
40.08	1.0
40.65	2.0
41.21	3.0
41.76	1.0
42.31	2.0
42.87	3.0
43.41	1.0
43.95	2.0
44.5	3.0
45.07	1.0
45.61	2.0
46.17	3.0
46.7	1.0
47.26	2.0
47.79	3.0
48.35	1.0
48.9	2.0
49.43	3.0
49.99	1.0
50.54	2.0
51.08	3.0
51.64	1.0
52.18	2.0
52.73	3.0
53.29	1.0
53.83	2.0
54.34	3.0
54.88	1.0
55.47	2.0
56.03	3.0
56.58	1.0
57.13	2.0
57.7	3.0
58.24	1.0
58.79	2.0
59.35	3.0
59.89	1.0
60.44	2.0
60.99	3.0
61.54	1.0
62.08	2.0
62.63	3.0
63.16	1.0
63.73	2.0
64.3	3.0
64.84	1.0
65.39	2.0
65.96	3.0
66.49	1.0
67.05	2.0
67.59	3.0
68.14	1.0
68.68	2.0
69.23	3.0
69.77	1.0
70.29	2.0
70.86	3.0
71.4	1.0
71.94	2.0
72.5	3.0
73.04	1.0
73.57	2.0
74.13	3.0
74.68	1.0
75.22	2.0
75.77	3.0
76.3	1.0
76.86	2.0
77.42	3.0
77.96	1.0
78.51	2.0
79.05	3.0
79.58	1.0
80.12	2.0
80.68	3.0
81.23	1.0
81.77	2.0
82.3	3.0
82.83	1.0
83.39	2.0
83.92	3.0
84.48	1.0
84.99	2.0
85.57	3.0
86.12	1.0
86.66	2.0
87.27	3.0
87.94	1.0
88.58	2.0
89.12	3.0
89.66	1.0
90.23	2.0
90.75	3.0
91.32	1.0
91.84	2.0
92.39	3.0
92.96	1.0
93.51	2.0
94.05	3.0
94.59	1.0
95.14	2.0
95.69	3.0
96.21	1.0
96.77	2.0
97.3	3.0
97.84	1.0
98.39	2.0
98.94	3.0
99.53	1.0
100.08	2.0
100.63	3.0
101.19	1.0
101.73	2.0
102.28	3.0
102.82	1.0
103.33	2.0
103.87	3.0
104.41	1.0
104.98	2.0
105.51	3.0
106.09	1.0
106.64	2.0
107.2	3.0
107.74	1.0
108.29	2.0
108.82	3.0
109.4	1.0
109.95	2.0
110.48	3.0
111.04	1.0
111.6	2.0
112.13	3.0
112.71	1.0
113.26	2.0
113.8	3.0
114.38	1.0
114.92	2.0
115.45	3.0
116.02	1.0
116.57	2.0
117.11	3.0
117.66	1.0
118.2	2.0
118.75	3.0
119.32	1.0
119.85	2.0
120.39	3.0
120.97	1.0
121.5	2.0
122.05	3.0
122.61	1.0
123.15	2.0
123.7	3.0
124.27	1.0
124.81	2.0
125.36	3.0
125.93	1.0
126.47	2.0
127.02	3.0
127.59	1.0
128.13	2.0
128.66	3.0
129.24	1.0
129.78	2.0
130.32	3.0
130.88	1.0
131.42	2.0
131.96	3.0
132.53	1.0
133.08	2.0
133.61	3.0
134.17	1.0
134.72	2.0
135.26	3.0
135.82	1.0
136.38	2.0
136.91	3.0
137.48	1.0
138.02	2.0
138.57	3.0
139.11	1.0
139.66	2.0
140.2	3.0
140.75	1.0
141.3	2.0
141.83	3.0
142.4	1.0
142.95	2.0
143.51	3.0
144.06	1.0
144.59	2.0
145.15	3.0
145.72	1.0
146.25	2.0
146.81	3.0
147.36	1.0
147.9	2.0
148.46	3.0
149.02	1.0
149.56	2.0
150.12	3.0
150.64	1.0
151.19	2.0
151.73	3.0
152.29	1.0
152.83	2.0
153.37	3.0
153.94	1.0
154.48	2.0
155.02	3.0
155.59	1.0
156.12	2.0
156.65	3.0
157.19	1.0
157.72	2.0
158.23	3.0
158.77	1.0
159.34	2.0
159.88	3.0
160.44	1.0
160.97	2.0
161.51	3.0
162.07	1.0
162.6	2.0
163.14	3.0
163.68	1.0
164.21	2.0
164.74	3.0
165.3	1.0
165.83	2.0
166.36	3.0
166.92	1.0
167.45	2.0
167.98	3.0
168.54	1.0
169.07	2.0
169.61	3.0
170.15	1.0
170.69	2.0
171.21	3.0
171.78	1.0
172.32	2.0
172.86	3.0
173.4	1.0
173.94	2.0
174.47	3.0
175.0	1.0
175.54	2.0
176.1	3.0
176.65	1.0
177.21	2.0
177.73	3.0
178.31	1.0
178.83	2.0
179.42	3.0
179.96	1.0
180.54	2.0
181.1	3.0
181.64	1.0
182.16	2.0
182.7	3.0
183.24	1.0
183.77	2.0
184.33	3.0
184.83	1.0
185.38	2.0
185.9	3.0
186.42	1.0
186.95	2.0
187.47	3.0
188.0	1.0
188.53	2.0
189.05	3.0
189.59	1.0
190.11	2.0
190.63	3.0
191.15	1.0
191.66	2.0
192.19	3.0
192.72	1.0
193.24	2.0
193.76	3.0
194.29	1.0
194.8	2.0
195.34	3.0
195.87	1.0
196.39	2.0
196.91	3.0
197.45	1.0
197.96	2.0
198.49	3.0
199.02	1.0
199.54	2.0
200.06	3.0
200.58	1.0
201.09	2.0
201.61	3.0
202.13	1.0
202.64	2.0
203.16	3.0
203.68	1.0
204.19	2.0
204.73	3.0
205.25	1.0
205.77	2.0
206.29	3.0
206.8	1.0
207.32	2.0
207.85	3.0
208.36	1.0
208.88	2.0
209.4	3.0
209.92	1.0
210.44	2.0
210.95	3.0
211.47	1.0
211.99	2.0
212.52	3.0
213.03	1.0
213.56	2.0
214.09	3.0
214.59	1.0
215.13	2.0
215.64	3.0
216.15	1.0
216.68	2.0
217.17	3.0
217.7	1.0
218.22	2.0
218.72	3.0
219.26	1.0
219.8	2.0
220.34	3.0
220.86	1.0
221.37	2.0
221.91	3.0
222.48	1.0
223.0	2.0
223.55	3.0
224.09	1.0
224.64	2.0
225.17	3.0
225.71	1.0
226.19	2.0
226.65	3.0
227.13	1.0
227.63	2.0
228.11	3.0
228.55	1.0
229.01	2.0
229.45	3.0
229.9	1.0
230.32	2.0
230.78	3.0
231.21	1.0
231.64	2.0
232.1	3.0
232.53	1.0
233.0	2.0
233.44	3.0
233.88	1.0
234.35	2.0
234.78	3.0
235.23	1.0
235.71	2.0
236.21	3.0
236.69	1.0
237.16	2.0
237.7	3.0
238.25	1.0
238.77	2.0
239.32	3.0
239.89	1.0
240.43	2.0
240.96	3.0
241.54	1.0
242.08	2.0
242.63	3.0
243.19	1.0
243.74	2.0
244.27	3.0
244.83	1.0
245.36	2.0
245.92	3.0
246.47	1.0
247.02	2.0
247.57	3.0
248.14	1.0
248.68	2.0
249.22	3.0
249.79	1.0
250.33	2.0
250.87	3.0
251.42	1.0
251.97	2.0
252.51	3.0
253.07	1.0
253.6	2.0
254.13	3.0
254.59	1.0
255.08	2.0
255.54	3.0
256.09	1.0
256.62	2.0
257.17	3.0
257.71	1.0
258.27	2.0
258.82	3.0
259.37	1.0
259.91	2.0
260.48	3.0
261.03	1.0
261.57	2.0
262.11	3.0
262.64	1.0
263.17	2.0
263.72	3.0
264.25	1.0
264.84	2.0
265.39	3.0
265.94	1.0
266.47	2.0
267.05	3.0
267.59	1.0
268.13	2.0
268.7	3.0
269.24	1.0
269.78	2.0
270.32	3.0
270.85	1.0
271.42	2.0
271.98	3.0
272.52	1.0
273.08	2.0
273.65	3.0
274.2	1.0
274.75	2.0
275.3	3.0
275.85	1.0
276.36	2.0
276.91	3.0
277.44	1.0
278.0	2.0
278.54	3.0
279.08	1.0
279.62	2.0
280.16	3.0
280.71	1.0
281.25	2.0
281.81	3.0
282.34	1.0
282.93	2.0
283.53	3.0
284.16	1.0
284.79	2.0
285.39	3.0
286.02	1.0
286.66	2.0
287.33	3.0
287.95	1.0
288.62	2.0
289.29	3.0
290.02	1.0
290.74	2.0
291.43	3.0
292.17	1.0
292.85	2.0
293.55	3.0
294.26	1.0
