1.09	2.0
1.65	3.0
2.21	4.0
2.76	1.0
3.31	2.0
3.85	3.0
4.41	4.0
4.93	1.0
5.47	2.0
6.0	3.0
6.52	4.0
7.03	1.0
7.53	2.0
8.07	3.0
8.61	4.0
9.18	1.0
9.74	2.0
10.28	3.0
10.84	4.0
11.37	1.0
11.91	2.0
12.45	3.0
13.01	4.0
13.55	1.0
14.08	2.0
14.62	3.0
15.14	4.0
15.7	1.0
16.24	2.0
16.77	3.0
17.31	4.0
17.84	1.0
18.36	2.0
18.9	3.0
19.45	4.0
19.98	1.0
20.51	2.0
21.08	3.0
21.62	4.0
22.16	1.0
22.67	2.0
23.23	3.0
23.78	4.0
24.33	1.0
24.91	2.0
25.53	3.0
26.16	4.0
26.74	1.0
27.35	2.0
27.98	3.0
28.52	4.0
29.05	1.0
29.57	2.0
30.12	3.0
30.66	4.0
31.19	1.0
31.74	2.0
32.29	3.0
32.85	4.0
33.4	1.0
33.91	2.0
34.45	3.0
34.97	4.0
35.53	1.0
36.04	2.0
36.61	3.0
37.12	4.0
37.66	1.0
38.2	2.0
38.77	3.0
39.33	4.0
39.84	1.0
40.38	2.0
40.91	3.0
41.43	4.0
41.98	1.0
42.51	2.0
43.06	3.0
43.62	4.0
44.15	1.0
44.68	2.0
45.23	3.0
45.72	4.0
46.24	1.0
46.74	2.0
47.26	3.0
47.79	4.0
48.3	1.0
48.83	2.0
49.38	3.0
50.02	4.0
50.63	1.0
51.21	2.0
51.85	3.0
52.44	4.0
52.98	1.0
53.5	2.0
53.98	3.0
54.5	4.0
54.99	1.0
55.48	2.0
55.98	3.0
56.49	4.0
56.98	1.0
57.5	2.0
57.98	3.0
58.49	4.0
58.98	1.0
59.48	2.0
59.98	3.0
60.49	4.0
61.0	1.0
61.49	2.0
62.0	3.0
62.5	4.0
63.01	1.0
63.48	2.0
64.0	3.0
64.49	4.0
65.01	1.0
65.5	2.0
66.0	3.0
66.52	4.0
67.01	1.0
67.51	2.0
68.0	3.0
68.51	4.0
68.99	1.0
69.47	2.0
70.0	3.0
70.52	4.0
71.02	1.0
71.51	2.0
72.01	3.0
72.49	4.0
73.01	1.0
73.51	2.0
74.0	3.0
74.51	4.0
75.0	1.0
75.51	2.0
76.01	3.0
76.51	4.0
77.01	1.0
77.5	2.0
77.99	3.0
78.48	4.0
78.99	1.0
79.5	2.0
80.01	3.0
80.51	4.0
81.0	1.0
81.51	2.0
82.0	3.0
82.5	4.0
83.0	1.0
83.51	2.0
84.02	3.0
84.52	4.0
85.01	1.0
85.48	2.0
86.0	3.0
86.48	4.0
86.97	1.0
87.49	2.0
88.01	3.0
88.51	4.0
89.01	1.0
89.49	2.0
90.0	3.0
90.51	4.0
91.04	1.0
91.55	2.0
92.11	3.0
92.7	4.0
93.29	1.0
93.87	2.0
94.38	3.0
94.91	4.0
95.42	1.0
95.95	2.0
96.46	3.0
96.97	4.0
97.45	1.0
97.94	2.0
98.46	3.0
98.97	4.0
99.45	1.0
99.95	2.0
100.44	3.0
100.93	4.0
101.44	1.0
101.95	2.0
102.44	3.0
102.96	4.0
103.44	1.0
103.96	2.0
104.45	3.0
104.93	4.0
105.44	1.0
105.96	2.0
106.45	3.0
106.96	4.0
107.46	1.0
107.95	2.0
108.45	3.0
108.95	4.0
109.45	1.0
109.95	2.0
110.44	3.0
110.93	4.0
111.44	1.0
111.96	2.0
112.45	3.0
112.94	4.0
113.43	1.0
113.9	2.0
114.43	3.0
114.95	4.0
115.44	1.0
115.94	2.0
116.44	3.0
116.93	4.0
117.42	1.0
117.93	2.0
118.43	3.0
118.93	4.0
119.42	1.0
119.92	2.0
120.43	3.0
120.95	4.0
121.44	1.0
121.98	2.0
122.46	3.0
122.96	4.0
123.47	1.0
123.97	2.0
124.51	3.0
125.02	4.0
125.55	1.0
126.1	2.0
126.63	3.0
127.13	4.0
127.68	1.0
128.23	2.0
128.78	3.0
129.31	4.0
129.86	1.0
130.37	2.0
130.95	3.0
131.48	4.0
132.05	1.0
132.59	2.0
133.16	3.0
133.74	4.0
134.3	1.0
134.84	2.0
135.35	3.0
135.89	4.0
136.46	1.0
137.0	2.0
137.51	3.0
138.08	4.0
138.66	1.0
139.22	2.0
139.78	3.0
140.31	4.0
140.85	1.0
141.44	2.0
141.98	3.0
142.55	4.0
143.15	1.0
143.76	2.0
144.37	3.0
145.06	4.0
145.74	1.0
146.37	2.0
146.97	3.0
147.6	4.0
148.28	1.0
149.06	2.0
149.91	3.0
150.69	4.0
151.65	1.0
152.53	2.0
153.49	3.0
154.41	4.0
155.3	1.0
156.3	2.0
157.33	3.0
158.36	4.0
159.43	1.0
160.47	2.0
161.53	3.0
162.57	4.0
163.64	1.0
164.67	2.0
165.72	3.0
166.74	4.0
167.82	1.0
168.87	2.0
169.95	3.0
171.06	4.0
172.18	1.0
173.19	2.0
174.3	3.0
175.36	4.0
176.48	1.0
177.58	2.0
178.53	3.0
179.46	4.0
180.46	1.0
181.4	2.0
182.33	3.0
183.34	4.0
184.32	1.0
185.28	2.0
186.28	3.0
187.27	4.0
188.26	1.0
189.24	2.0
190.25	3.0
191.21	4.0
192.23	1.0
193.15	2.0
194.15	3.0
195.13	4.0
196.17	1.0
197.17	2.0
198.23	3.0
199.19	4.0
200.23	1.0
201.22	2.0
202.23	3.0
203.23	4.0
204.21	1.0
205.22	2.0
206.24	3.0
207.23	4.0
208.21	1.0
209.23	2.0
210.22	3.0
211.23	4.0
212.24	1.0
213.23	2.0
214.21	3.0
215.21	4.0
216.21	1.0
217.2	2.0
218.21	3.0
219.22	4.0
220.14	1.0
220.71	2.0
221.23	3.0
221.72	4.0
222.22	1.0
222.72	2.0
223.23	3.0
223.71	4.0
224.21	1.0
224.71	2.0
225.21	3.0
225.71	4.0
226.21	1.0
226.72	2.0
227.23	3.0
227.72	4.0
228.2	1.0
228.73	2.0
229.22	3.0
229.72	4.0
230.22	1.0
230.73	2.0
231.23	3.0
231.72	4.0
232.21	1.0
232.71	2.0
233.22	3.0
233.73	4.0
234.23	1.0
234.73	2.0
235.23	3.0
235.73	4.0
236.22	1.0
236.72	2.0
237.23	3.0
237.72	4.0
238.22	1.0
238.72	2.0
239.22	3.0
239.71	4.0
240.21	1.0
240.72	2.0
241.22	3.0
241.71	4.0
242.22	1.0
242.72	2.0
243.23	3.0
243.72	4.0
244.22	1.0
244.73	2.0
245.23	3.0
245.7	4.0
246.21	1.0
246.7	2.0
247.2	3.0
247.7	4.0
248.19	1.0
248.71	2.0
249.21	3.0
249.72	4.0
250.2	1.0
250.71	2.0
251.21	3.0
251.71	4.0
252.2	1.0
252.71	2.0
253.22	3.0
253.71	4.0
254.22	1.0
254.72	2.0
255.23	3.0
255.71	4.0
256.22	1.0
256.71	2.0
257.22	3.0
257.71	4.0
258.22	1.0
258.73	2.0
259.22	3.0
259.71	4.0
260.21	1.0
260.71	2.0
261.21	3.0
261.71	4.0
262.23	1.0
262.72	2.0
263.21	3.0
263.71	4.0
264.21	1.0
264.71	2.0
265.22	3.0
265.72	4.0
266.22	1.0
266.72	2.0
267.22	3.0
267.73	4.0
268.22	1.0
268.72	2.0
269.23	3.0
269.71	4.0
270.22	1.0
270.72	2.0
271.22	3.0
271.71	4.0
272.21	1.0
272.7	2.0
273.2	3.0
273.7	4.0
274.2	1.0
274.71	2.0
275.22	3.0
275.72	4.0
276.22	1.0
276.71	2.0
277.21	3.0
277.71	4.0
278.21	1.0
278.7	2.0
279.2	3.0
279.72	4.0
280.2	1.0
280.7	2.0
281.2	3.0
281.7	4.0
282.2	1.0
282.71	2.0
283.2	3.0
283.69	4.0
284.21	1.0
284.71	2.0
285.21	3.0
285.7	4.0
286.22	1.0
286.71	2.0
287.21	3.0
287.7	4.0
288.2	1.0
288.71	2.0
289.22	3.0
289.71	4.0
290.21	1.0
290.71	2.0
291.21	3.0
291.71	4.0
292.22	1.0
292.7	2.0
293.22	3.0
293.72	4.0
294.22	1.0
294.74	2.0
295.24	3.0
295.74	4.0
296.22	1.0
296.72	2.0
297.23	3.0
297.72	4.0
298.22	1.0
298.73	2.0
299.21	3.0
299.71	4.0
300.23	1.0
300.73	2.0
301.22	3.0
301.71	4.0
302.21	1.0
302.71	2.0
303.2	3.0
303.69	4.0
304.19	1.0
304.7	2.0
305.18	3.0
305.68	4.0
306.19	1.0
306.71	2.0
307.2	3.0
307.72	4.0
308.21	1.0
