0.72	2.0
1.2	3.0
1.7	4.0
2.2	1.0
2.69	2.0
3.2	3.0
3.69	4.0
4.19	1.0
4.69	2.0
5.19	3.0
5.68	4.0
6.19	1.0
6.68	2.0
7.19	3.0
7.68	4.0
8.18	1.0
8.67	2.0
9.18	3.0
9.67	4.0
10.18	1.0
10.67	2.0
11.17	3.0
11.66	4.0
12.17	1.0
12.66	2.0
13.16	3.0
13.66	4.0
14.17	1.0
14.65	2.0
15.16	3.0
15.65	4.0
16.16	1.0
16.65	2.0
17.15	3.0
17.63	4.0
18.14	1.0
18.63	2.0
19.13	3.0
19.62	4.0
20.13	1.0
20.62	2.0
21.13	3.0
21.62	4.0
22.12	1.0
22.61	2.0
23.11	3.0
23.6	4.0
24.12	1.0
24.6	2.0
25.11	3.0
25.6	4.0
26.11	1.0
26.6	2.0
27.1	3.0
27.59	4.0
28.1	1.0
28.59	2.0
29.09	3.0
29.59	4.0
30.1	1.0
30.58	2.0
31.09	3.0
31.58	4.0
32.08	1.0
32.57	2.0
33.08	3.0
33.57	4.0
34.08	1.0
34.58	2.0
35.09	3.0
35.57	4.0
36.08	1.0
36.57	2.0
37.07	3.0
37.57	4.0
38.07	1.0
38.56	2.0
39.07	3.0
39.56	4.0
40.07	1.0
40.56	2.0
41.06	3.0
41.55	4.0
42.06	1.0
42.55	2.0
43.05	3.0
43.53	4.0
44.05	1.0
44.54	2.0
45.05	3.0
45.53	4.0
46.04	1.0
46.53	2.0
47.04	3.0
47.52	4.0
48.03	1.0
48.52	2.0
49.02	3.0
49.52	4.0
50.03	1.0
50.52	2.0
51.03	3.0
51.51	4.0
52.02	1.0
52.51	2.0
53.01	3.0
53.5	4.0
54.01	1.0
54.5	2.0
55.01	3.0
55.5	4.0
56.01	1.0
56.49	2.0
57.01	3.0
57.49	4.0
58.0	1.0
58.49	2.0
59.0	3.0
59.48	4.0
59.99	1.0
60.48	2.0
60.99	3.0
61.47	4.0
61.98	1.0
62.47	2.0
62.98	3.0
63.47	4.0
63.98	1.0
64.46	2.0
64.97	3.0
65.46	4.0
65.96	1.0
66.45	2.0
66.97	3.0
67.45	4.0
67.96	1.0
68.45	2.0
68.96	3.0
69.44	4.0
69.95	1.0
70.44	2.0
70.95	3.0
71.44	4.0
71.95	1.0
72.43	2.0
72.94	3.0
73.43	4.0
73.94	1.0
74.43	2.0
74.94	3.0
75.43	4.0
75.93	1.0
76.42	2.0
76.93	3.0
77.42	4.0
77.93	1.0
78.41	2.0
78.92	3.0
79.41	4.0
79.92	1.0
80.4	2.0
80.9	3.0
81.39	4.0
81.9	1.0
82.39	2.0
82.9	3.0
83.39	4.0
83.9	1.0
84.39	2.0
84.9	3.0
85.38	4.0
85.89	1.0
86.38	2.0
86.92	3.0
87.4	4.0
87.91	1.0
88.4	2.0
88.91	3.0
89.39	4.0
89.9	1.0
90.39	2.0
90.9	3.0
91.38	4.0
91.9	1.0
92.39	2.0
92.9	3.0
93.38	4.0
93.89	1.0
94.38	2.0
94.89	3.0
95.38	4.0
95.88	1.0
96.37	2.0
96.88	3.0
97.37	4.0
97.87	1.0
98.37	2.0
98.88	3.0
99.36	4.0
99.87	1.0
100.36	2.0
100.86	3.0
101.36	4.0
101.86	1.0
102.35	2.0
102.86	3.0
103.35	4.0
103.86	1.0
104.35	2.0
104.86	3.0
105.35	4.0
105.85	1.0
106.34	2.0
106.85	3.0
107.34	4.0
107.85	1.0
108.34	2.0
108.84	3.0
109.33	4.0
109.84	1.0
110.33	2.0
110.83	3.0
111.32	4.0
111.84	1.0
112.32	2.0
112.83	3.0
113.32	4.0
113.82	1.0
114.31	2.0
114.82	3.0
115.31	4.0
115.82	1.0
116.31	2.0
116.81	3.0
117.31	4.0
117.81	1.0
118.3	2.0
118.81	3.0
119.3	4.0
119.81	1.0
120.29	2.0
120.81	3.0
121.3	4.0
121.81	1.0
122.29	2.0
122.8	3.0
123.29	4.0
123.8	1.0
124.29	2.0
124.79	3.0
125.28	4.0
125.78	1.0
126.28	2.0
126.79	3.0
127.28	4.0
127.79	1.0
128.27	2.0
128.78	3.0
129.27	4.0
129.77	1.0
130.26	2.0
130.77	3.0
131.26	4.0
131.77	1.0
132.26	2.0
132.77	3.0
133.25	4.0
133.76	1.0
134.25	2.0
134.75	3.0
135.25	4.0
135.75	1.0
136.24	2.0
136.73	3.0
137.24	4.0
137.74	1.0
138.23	2.0
138.74	3.0
139.23	4.0
139.74	1.0
140.23	2.0
140.73	3.0
141.22	4.0
141.73	1.0
142.22	2.0
142.73	3.0
143.22	4.0
143.73	1.0
144.22	2.0
144.72	3.0
145.21	4.0
145.72	1.0
146.21	2.0
146.73	3.0
147.22	4.0
147.73	1.0
148.22	2.0
148.72	3.0
149.21	4.0
149.72	1.0
150.21	2.0
150.72	3.0
151.21	4.0
151.72	1.0
152.21	2.0
152.71	3.0
153.2	4.0
153.71	1.0
154.2	2.0
154.71	3.0
155.19	4.0
155.7	1.0
156.19	2.0
156.7	3.0
157.18	4.0
157.69	1.0
158.18	2.0
158.69	3.0
159.18	4.0
159.69	1.0
160.18	2.0
160.68	3.0
161.17	4.0
161.68	1.0
162.0	2.0
162.33	3.0
162.65	4.0
162.97	1.0
163.29	2.0
163.67	3.0
164.16	4.0
164.67	1.0
165.15	2.0
165.67	3.0
166.15	4.0
166.66	1.0
167.15	2.0
167.66	3.0
168.14	4.0
168.65	1.0
169.15	2.0
169.65	3.0
170.14	4.0
170.65	1.0
171.14	2.0
171.65	3.0
172.13	4.0
172.64	1.0
173.13	2.0
173.64	3.0
174.13	4.0
174.64	1.0
175.12	2.0
175.64	3.0
176.12	4.0
176.63	1.0
177.12	2.0
177.62	3.0
178.11	4.0
178.62	1.0
179.11	2.0
179.62	3.0
180.11	4.0
180.61	1.0
181.1	2.0
181.61	3.0
182.1	4.0
182.6	1.0
183.09	2.0
183.61	3.0
184.09	4.0
184.6	1.0
185.09	2.0
185.59	3.0
186.08	4.0
186.59	1.0
187.07	2.0
187.58	3.0
188.07	4.0
188.58	1.0
189.07	2.0
189.58	3.0
190.06	4.0
190.56	1.0
191.06	2.0
191.57	3.0
192.06	4.0
192.57	1.0
193.05	2.0
193.56	3.0
194.05	4.0
194.56	1.0
195.04	2.0
195.56	3.0
196.04	4.0
196.55	1.0
197.04	2.0
197.55	3.0
198.04	4.0
198.54	1.0
199.03	2.0
199.54	3.0
200.03	4.0
200.54	1.0
201.03	2.0
201.53	3.0
202.02	4.0
202.53	1.0
203.02	2.0
203.53	3.0
204.02	4.0
204.52	1.0
205.01	2.0
205.52	3.0
206.01	4.0
206.52	1.0
207.0	2.0
207.52	3.0
208.0	4.0
208.51	1.0
209.0	2.0
209.51	3.0
210.0	4.0
210.5	1.0
210.99	2.0
211.5	3.0
211.99	4.0
212.5	1.0
212.98	2.0
213.5	3.0
213.98	4.0
214.49	1.0
214.98	2.0
215.49	3.0
215.97	4.0
216.49	1.0
216.97	2.0
217.48	3.0
217.97	4.0
218.47	1.0
218.96	2.0
219.47	3.0
219.96	4.0
220.47	1.0
220.96	2.0
221.47	3.0
221.96	4.0
222.46	1.0
222.95	2.0
223.46	3.0
223.95	4.0
224.45	1.0
224.94	2.0
225.45	3.0
225.94	4.0
226.45	1.0
226.94	2.0
227.45	3.0
227.93	4.0
228.44	1.0
228.93	2.0
229.45	3.0
229.93	4.0
230.43	1.0
230.92	2.0
231.44	3.0
231.92	4.0
232.43	1.0
