0.82	1.0
1.64	2.0
2.48	3.0
3.32	4.0
4.16	1.0
5.0	2.0
5.82	3.0
6.65	4.0
7.48	1.0
8.31	2.0
9.14	3.0
9.97	4.0
10.83	1.0
11.65	2.0
12.5	3.0
13.33	4.0
14.16	1.0
14.99	2.0
15.82	3.0
16.65	4.0
17.51	1.0
18.3	2.0
19.15	3.0
19.98	4.0
20.8	1.0
21.65	2.0
22.5	3.0
23.32	4.0
24.16	1.0
24.99	2.0
25.83	3.0
26.65	4.0
27.49	1.0
28.34	2.0
29.17	3.0
29.99	4.0
30.83	1.0
31.66	2.0
32.49	3.0
33.33	4.0
34.19	1.0
34.98	2.0
35.83	3.0
36.66	4.0
37.5	1.0
38.33	2.0
39.17	3.0
39.99	4.0
40.82	1.0
41.67	2.0
42.49	3.0
43.36	4.0
44.17	1.0
44.99	2.0
45.82	3.0
46.65	4.0
47.5	1.0
48.34	2.0
49.15	3.0
49.99	4.0
50.84	1.0
51.66	2.0
52.48	3.0
53.33	4.0
54.2	1.0
55.0	2.0
55.84	3.0
56.68	4.0
57.51	1.0
58.34	2.0
59.17	3.0
60.01	4.0
60.84	1.0
61.68	2.0
62.49	3.0
63.33	4.0
64.17	1.0
65.0	2.0
65.83	3.0
66.67	4.0
67.51	1.0
68.35	2.0
69.17	3.0
70.02	4.0
70.84	1.0
71.64	2.0
72.5	3.0
73.31	4.0
74.17	1.0
75.01	2.0
75.83	3.0
76.66	4.0
77.5	1.0
78.34	2.0
79.17	3.0
80.09	4.0
81.15	1.0
81.99	2.0
82.84	3.0
83.65	4.0
84.49	1.0
85.32	2.0
86.17	3.0
86.99	4.0
87.82	1.0
88.68	2.0
89.48	3.0
90.32	4.0
91.15	1.0
91.98	2.0
92.81	3.0
93.64	4.0
94.48	1.0
95.34	2.0
96.14	3.0
96.97	4.0
97.81	1.0
98.65	2.0
99.5	3.0
100.3	4.0
101.16	1.0
102.0	2.0
102.82	3.0
103.65	4.0
104.49	1.0
105.31	2.0
106.16	3.0
106.98	4.0
107.82	1.0
108.67	2.0
109.5	3.0
110.34	4.0
111.15	1.0
111.98	2.0
112.8	3.0
113.63	4.0
114.48	1.0
115.32	2.0
116.15	3.0
116.96	4.0
117.81	1.0
118.65	2.0
119.49	3.0
120.32	4.0
121.16	1.0
121.99	2.0
122.82	3.0
123.64	4.0
124.48	1.0
125.31	2.0
126.17	3.0
127.0	4.0
127.84	1.0
128.66	2.0
129.5	3.0
130.32	4.0
131.17	1.0
132.03	2.0
132.83	3.0
133.69	4.0
134.48	1.0
135.32	2.0
136.16	3.0
136.97	4.0
137.81	1.0
138.65	2.0
139.48	3.0
140.3	4.0
141.15	1.0
141.97	2.0
142.82	3.0
143.64	4.0
144.49	1.0
145.31	2.0
146.15	3.0
146.98	4.0
147.81	1.0
148.65	2.0
149.48	3.0
150.32	4.0
151.15	1.0
151.98	2.0
152.82	3.0
153.65	4.0
154.48	1.0
155.32	2.0
156.15	3.0
156.98	4.0
157.82	1.0
158.65	2.0
159.48	3.0
160.32	4.0
161.15	1.0
161.98	2.0
162.82	3.0
163.65	4.0
164.48	1.0
165.32	2.0
166.15	3.0
166.98	4.0
167.82	1.0
168.65	2.0
169.48	3.0
170.32	4.0
171.15	1.0
171.99	2.0
172.82	3.0
173.65	4.0
174.48	1.0
175.32	2.0
176.15	3.0
176.99	4.0
177.82	1.0
178.65	2.0
179.48	3.0
180.32	4.0
181.15	1.0
181.98	2.0
182.81	3.0
183.65	4.0
184.49	1.0
185.32	2.0
186.15	3.0
186.99	4.0
187.82	1.0
188.65	2.0
189.49	3.0
190.32	4.0
191.15	1.0
191.99	2.0
192.82	3.0
193.66	4.0
194.49	1.0
195.32	2.0
196.15	3.0
196.99	4.0
197.82	1.0
198.65	2.0
199.53	3.0
200.52	4.0
201.62	1.0
202.45	2.0
203.28	3.0
204.12	4.0
204.95	1.0
205.78	2.0
206.61	3.0
207.45	4.0
208.28	1.0
209.12	2.0
209.95	3.0
210.78	4.0
211.61	1.0
212.45	2.0
213.28	3.0
214.12	4.0
214.95	1.0
215.78	2.0
216.61	3.0
217.45	4.0
218.28	1.0
219.12	2.0
219.95	3.0
220.78	4.0
221.62	1.0
222.45	2.0
223.28	3.0
224.12	4.0
224.95	1.0
225.79	2.0
226.62	3.0
227.45	4.0
228.29	1.0
229.12	2.0
229.95	3.0
230.79	4.0
231.62	1.0
232.45	2.0
233.28	3.0
234.12	4.0
234.95	1.0
235.79	2.0
236.61	3.0
237.45	4.0
238.29	1.0
239.12	2.0
239.95	3.0
240.79	4.0
241.62	1.0
242.45	2.0
243.28	3.0
244.12	4.0
244.95	1.0
245.78	2.0
246.62	3.0
247.45	4.0
248.29	1.0
249.12	2.0
249.95	3.0
250.79	4.0
251.62	1.0
252.69	2.0
253.71	3.0
254.74	4.0
255.79	1.0
256.62	2.0
257.46	3.0
258.27	4.0
259.1	1.0
259.94	2.0
260.78	3.0
261.61	4.0
262.45	1.0
263.29	2.0
264.11	3.0
264.95	4.0
265.78	1.0
266.62	2.0
267.45	3.0
268.29	4.0
269.12	1.0
269.95	2.0
270.78	3.0
271.62	4.0
272.46	1.0
273.29	2.0
274.11	3.0
274.95	4.0
275.78	1.0
276.62	2.0
277.45	3.0
278.29	4.0
279.12	1.0
279.95	2.0
280.78	3.0
281.62	4.0
282.46	1.0
283.31	2.0
284.19	3.0
285.11	4.0
286.1	1.0
286.95	2.0
287.78	3.0
288.62	4.0
289.44	1.0
290.28	2.0
291.1	3.0
291.95	4.0
292.78	1.0
293.61	2.0
294.44	3.0
295.28	4.0
296.12	1.0
296.95	2.0
297.78	3.0
298.61	4.0
299.45	1.0
300.28	2.0
301.11	3.0
301.95	4.0
302.78	1.0
303.62	2.0
304.45	3.0
305.28	4.0
306.12	1.0
306.95	2.0
307.77	3.0
308.62	4.0
309.47	1.0
310.33	2.0
311.12	3.0
311.99	4.0
312.78	1.0
313.61	2.0
314.45	3.0
315.28	4.0
316.11	1.0
316.95	2.0
317.78	3.0
318.61	4.0
319.45	1.0
320.28	2.0
321.12	3.0
321.95	4.0
322.78	1.0
323.62	2.0
324.45	3.0
325.28	4.0
326.14	1.0
