0.41	1.0
1.23	2.0
2.02	3.0
2.86	4.0
3.66	1.0
4.47	2.0
5.27	3.0
6.1	4.0
6.9	1.0
7.72	2.0
8.51	3.0
9.35	4.0
10.14	1.0
10.94	2.0
11.76	3.0
12.59	4.0
13.39	1.0
14.21	2.0
15.0	3.0
15.81	4.0
16.64	1.0
17.44	2.0
18.25	3.0
19.07	4.0
19.89	1.0
20.68	2.0
21.5	3.0
22.32	4.0
23.14	1.0
23.94	2.0
24.77	3.0
25.56	4.0
26.36	1.0
27.15	2.0
28.01	3.0
28.81	4.0
29.61	1.0
30.42	2.0
31.23	3.0
32.05	4.0
32.85	1.0
33.64	2.0
34.44	3.0
35.28	4.0
36.09	1.0
36.9	2.0
37.73	3.0
38.55	4.0
39.34	1.0
40.15	2.0
40.95	3.0
41.77	4.0
42.58	1.0
43.39	2.0
44.19	3.0
45.01	4.0
45.83	1.0
46.63	2.0
47.45	3.0
48.27	4.0
49.08	1.0
49.89	2.0
50.71	3.0
51.51	4.0
52.31	1.0
53.12	2.0
53.95	3.0
54.75	4.0
55.56	1.0
56.37	2.0
57.17	3.0
57.99	4.0
58.79	1.0
59.61	2.0
60.41	3.0
61.23	4.0
62.05	1.0
62.84	2.0
63.66	3.0
64.48	4.0
65.3	1.0
66.1	2.0
66.92	3.0
67.72	4.0
68.54	1.0
69.34	2.0
70.15	3.0
70.94	4.0
71.77	1.0
72.58	2.0
73.39	3.0
74.2	4.0
75.01	1.0
75.83	2.0
76.65	3.0
77.45	4.0
78.27	1.0
79.07	2.0
79.87	3.0
80.69	4.0
81.51	1.0
82.31	2.0
83.12	3.0
83.94	4.0
84.76	1.0
85.54	2.0
86.35	3.0
87.18	4.0
88.0	1.0
88.78	2.0
89.6	3.0
90.41	4.0
91.21	1.0
92.03	2.0
92.86	3.0
93.65	4.0
94.49	1.0
95.28	2.0
96.11	3.0
96.91	4.0
97.72	1.0
98.51	2.0
99.34	3.0
100.14	4.0
100.98	1.0
101.78	2.0
102.61	3.0
103.4	4.0
104.18	1.0
105.0	2.0
105.81	3.0
106.62	4.0
107.46	1.0
108.25	2.0
109.11	3.0
109.91	4.0
110.71	1.0
111.5	2.0
112.31	3.0
113.14	4.0
113.94	1.0
114.76	2.0
115.55	3.0
116.34	4.0
117.18	1.0
117.99	2.0
118.79	3.0
119.6	4.0
120.42	1.0
121.23	2.0
122.03	3.0
122.85	4.0
123.67	1.0
124.46	2.0
125.28	3.0
126.08	4.0
126.89	1.0
127.72	2.0
128.52	3.0
129.34	4.0
130.15	1.0
130.96	2.0
131.77	3.0
132.59	4.0
133.4	1.0
134.21	2.0
135.01	3.0
135.83	4.0
136.64	1.0
137.45	2.0
138.24	3.0
139.07	4.0
139.88	1.0
140.7	2.0
141.49	3.0
142.32	4.0
143.1	1.0
143.94	2.0
144.75	3.0
145.56	4.0
146.37	1.0
147.17	2.0
147.99	3.0
148.79	4.0
149.6	1.0
150.41	2.0
151.23	3.0
152.04	4.0
152.85	1.0
153.66	2.0
154.47	3.0
155.29	4.0
156.1	1.0
156.9	2.0
157.72	3.0
158.53	4.0
159.34	1.0
160.15	2.0
160.96	3.0
161.78	4.0
162.59	1.0
163.4	2.0
164.21	3.0
165.03	4.0
165.83	1.0
166.64	2.0
167.41	3.0
168.23	4.0
169.07	1.0
169.88	2.0
170.7	3.0
171.52	4.0
172.31	1.0
173.13	2.0
173.93	3.0
174.76	4.0
175.56	1.0
176.38	2.0
177.18	3.0
178.0	4.0
178.8	1.0
179.61	2.0
180.41	3.0
181.22	4.0
182.04	1.0
182.85	2.0
183.65	3.0
184.47	4.0
185.29	1.0
186.09	2.0
186.89	3.0
187.72	4.0
188.53	1.0
189.34	2.0
190.14	3.0
190.96	4.0
191.76	1.0
192.58	2.0
193.4	3.0
194.2	4.0
195.01	1.0
195.83	2.0
196.64	3.0
197.44	4.0
198.25	1.0
199.05	2.0
199.86	3.0
200.67	4.0
201.48	1.0
202.29	2.0
203.12	3.0
203.92	4.0
204.73	1.0
205.54	2.0
206.35	3.0
207.18	4.0
207.98	1.0
208.79	2.0
209.62	3.0
210.41	4.0
211.22	1.0
212.03	2.0
212.84	3.0
213.64	4.0
214.46	1.0
215.25	2.0
216.06	3.0
216.89	4.0
217.7	1.0
218.51	2.0
219.34	3.0
220.15	4.0
220.96	1.0
221.77	2.0
222.59	3.0
223.39	4.0
224.19	1.0
225.01	2.0
225.83	3.0
226.65	4.0
227.45	1.0
228.26	2.0
229.07	3.0
229.87	4.0
230.69	1.0
231.49	2.0
232.3	3.0
233.1	4.0
233.91	1.0
234.74	2.0
235.55	3.0
236.37	4.0
237.18	1.0
237.99	2.0
238.8	3.0
239.62	4.0
240.44	1.0
241.2	2.0
242.01	3.0
242.86	4.0
243.66	1.0
244.47	2.0
245.29	3.0
246.1	4.0
246.89	1.0
247.71	2.0
248.54	3.0
249.34	4.0
250.15	1.0
250.96	2.0
251.75	3.0
252.59	4.0
253.39	1.0
254.2	2.0
255.0	3.0
255.83	4.0
256.64	1.0
