0.28	1.0
0.9	2.0
1.52	3.0
2.14	4.0
2.77	1.0
3.39	2.0
4.0	3.0
4.61	4.0
5.22	1.0
5.85	2.0
6.47	3.0
7.08	4.0
7.7	1.0
8.32	2.0
8.94	3.0
9.55	4.0
10.18	1.0
10.8	2.0
11.42	3.0
12.03	4.0
12.64	1.0
13.27	2.0
13.89	3.0
14.5	4.0
15.13	1.0
15.74	2.0
16.37	3.0
16.98	4.0
17.6	1.0
18.22	2.0
18.83	3.0
19.46	4.0
20.07	1.0
20.69	2.0
21.31	3.0
21.93	4.0
22.55	1.0
23.16	2.0
23.78	3.0
24.4	4.0
25.02	1.0
25.64	2.0
26.26	3.0
26.88	4.0
27.49	1.0
28.11	2.0
28.73	3.0
29.35	4.0
29.97	1.0
30.59	2.0
31.2	3.0
31.82	4.0
32.44	1.0
33.07	2.0
33.68	3.0
34.29	4.0
34.92	1.0
35.55	2.0
36.15	3.0
36.77	4.0
37.39	1.0
38.01	2.0
38.63	3.0
39.25	4.0
39.87	1.0
40.49	2.0
41.1	3.0
41.72	4.0
42.34	1.0
42.96	2.0
43.58	3.0
44.19	4.0
44.81	1.0
45.43	2.0
46.05	3.0
46.67	4.0
47.29	1.0
47.91	2.0
48.53	3.0
49.14	4.0
49.76	1.0
50.39	2.0
51.0	3.0
51.62	4.0
52.23	1.0
52.86	2.0
53.47	3.0
54.09	4.0
54.71	1.0
55.33	2.0
55.95	3.0
56.56	4.0
57.19	1.0
57.8	2.0
58.42	3.0
59.04	4.0
59.66	1.0
60.28	2.0
60.9	3.0
61.52	4.0
62.13	1.0
62.75	2.0
63.37	3.0
63.99	4.0
64.61	1.0
65.23	2.0
65.84	3.0
66.46	4.0
67.08	1.0
67.71	2.0
68.32	3.0
68.94	4.0
69.56	1.0
70.17	2.0
70.79	3.0
71.41	4.0
72.03	1.0
72.64	2.0
73.27	3.0
73.88	4.0
74.5	1.0
75.13	2.0
75.74	3.0
76.36	4.0
76.98	1.0
77.6	2.0
78.22	3.0
78.84	4.0
79.46	1.0
80.07	2.0
80.69	3.0
81.31	4.0
81.93	1.0
82.55	2.0
83.16	3.0
83.78	4.0
84.4	1.0
85.02	2.0
85.64	3.0
86.26	4.0
86.88	1.0
87.5	2.0
88.11	3.0
88.73	4.0
89.35	1.0
89.97	2.0
90.59	3.0
91.2	4.0
91.83	1.0
92.45	2.0
93.06	3.0
93.69	4.0
94.3	1.0
94.91	2.0
95.54	3.0
96.15	4.0
96.78	1.0
97.39	2.0
98.01	3.0
98.63	4.0
99.25	1.0
99.87	2.0
100.48	3.0
101.1	4.0
101.72	1.0
102.34	2.0
102.96	3.0
103.58	4.0
104.2	1.0
104.82	2.0
105.43	3.0
106.06	4.0
106.67	1.0
107.29	2.0
107.91	3.0
108.53	4.0
109.15	1.0
109.76	2.0
110.38	3.0
110.99	4.0
111.62	1.0
112.24	2.0
112.86	3.0
113.47	4.0
114.09	1.0
114.71	2.0
115.33	3.0
115.95	4.0
116.57	1.0
117.18	2.0
117.8	3.0
118.43	4.0
119.04	1.0
119.66	2.0
120.28	3.0
120.9	4.0
121.52	1.0
122.13	2.0
122.75	3.0
123.37	4.0
123.99	1.0
124.61	2.0
125.23	3.0
125.85	4.0
126.47	1.0
127.08	2.0
127.7	3.0
128.32	4.0
128.94	1.0
129.55	2.0
130.17	3.0
130.79	4.0
131.41	1.0
132.04	2.0
132.65	3.0
133.27	4.0
133.89	1.0
134.51	2.0
135.12	3.0
135.74	4.0
136.36	1.0
136.98	2.0
137.6	3.0
138.22	4.0
138.83	1.0
139.45	2.0
140.07	3.0
140.69	4.0
141.31	1.0
141.93	2.0
142.54	3.0
143.16	4.0
143.78	1.0
144.4	2.0
145.02	3.0
145.63	4.0
146.26	1.0
146.87	2.0
147.49	3.0
148.11	4.0
148.73	1.0
149.35	2.0
149.97	3.0
150.59	4.0
151.2	1.0
151.82	2.0
152.44	3.0
153.06	4.0
153.68	1.0
154.3	2.0
154.91	3.0
155.53	4.0
156.15	1.0
156.78	2.0
157.39	3.0
158.02	4.0
158.63	1.0
159.25	2.0
159.87	3.0
160.48	4.0
161.1	1.0
161.73	2.0
162.34	3.0
162.96	4.0
163.57	1.0
164.2	2.0
164.81	3.0
165.43	4.0
166.05	1.0
166.67	2.0
167.29	3.0
167.9	4.0
168.53	1.0
169.14	2.0
169.76	3.0
170.38	4.0
171.0	1.0
171.63	2.0
172.24	3.0
172.86	4.0
173.47	1.0
174.09	2.0
174.71	3.0
175.33	4.0
175.95	1.0
176.56	2.0
177.18	3.0
177.8	4.0
178.42	1.0
179.05	2.0
179.66	3.0
180.28	4.0
180.9	1.0
181.52	2.0
182.13	3.0
182.75	4.0
183.37	1.0
183.98	2.0
184.61	3.0
185.23	4.0
185.84	1.0
186.47	2.0
187.08	3.0
187.7	4.0
188.32	1.0
188.94	2.0
189.56	3.0
190.17	4.0
190.8	1.0
191.42	2.0
192.03	3.0
192.66	4.0
193.27	1.0
193.89	2.0
194.51	3.0
195.12	4.0
195.74	1.0
196.36	2.0
196.98	3.0
197.6	4.0
198.22	1.0
198.84	2.0
199.45	3.0
200.07	4.0
200.69	1.0
201.31	2.0
201.93	3.0
202.55	4.0
203.17	1.0
203.78	2.0
204.4	3.0
205.02	4.0
205.64	1.0
206.26	2.0
206.88	3.0
207.49	4.0
208.12	1.0
208.73	2.0
209.35	3.0
209.97	4.0
210.59	1.0
211.23	2.0
211.82	3.0
212.44	4.0
213.06	1.0
213.68	2.0
214.3	3.0
214.92	4.0
215.54	1.0
216.16	2.0
216.77	3.0
217.39	4.0
218.01	1.0
218.63	2.0
219.25	3.0
219.87	4.0
220.49	1.0
221.1	2.0
221.72	3.0
222.34	4.0
222.96	1.0
223.58	2.0
224.2	3.0
224.82	4.0
225.43	1.0
226.05	2.0
226.67	3.0
227.29	4.0
227.91	1.0
228.52	2.0
229.14	3.0
229.77	4.0
230.39	1.0
231.0	2.0
231.62	3.0
232.24	4.0
232.86	1.0
233.48	2.0
234.09	3.0
234.71	4.0
235.33	1.0
235.95	2.0
236.57	3.0
237.18	4.0
237.8	1.0
238.42	2.0
239.04	3.0
239.65	4.0
240.28	1.0
240.89	2.0
241.51	3.0
242.14	4.0
242.75	1.0
243.37	2.0
243.99	3.0
244.61	4.0
245.23	1.0
245.85	2.0
246.46	3.0
247.08	4.0
247.7	1.0
248.32	2.0
248.94	3.0
249.56	4.0
250.18	1.0
250.8	2.0
251.41	3.0
252.04	4.0
252.66	1.0
253.28	2.0
253.89	3.0
254.51	4.0
255.13	1.0
255.76	2.0
256.36	3.0
256.98	4.0
257.59	1.0
258.22	2.0
258.83	3.0
259.45	4.0
260.07	1.0
260.69	2.0
261.31	3.0
261.92	4.0
262.55	1.0
263.17	2.0
263.78	3.0
264.4	4.0
265.01	1.0
265.64	2.0
266.26	3.0
266.88	4.0
267.5	1.0
268.11	2.0
268.73	3.0
269.35	4.0
269.97	1.0
270.59	2.0
271.2	3.0
271.83	4.0
272.44	1.0
273.06	2.0
273.68	3.0
274.3	4.0
274.92	1.0
275.53	2.0
276.15	3.0
276.77	4.0
277.39	1.0
278.01	2.0
278.63	3.0
279.25	4.0
279.87	1.0
280.47	2.0
281.11	3.0
281.72	4.0
282.34	1.0
282.96	2.0
283.58	3.0
284.2	4.0
284.81	1.0
285.44	2.0
286.05	3.0
286.66	4.0
287.29	1.0
287.92	2.0
288.53	3.0
289.15	4.0
289.77	1.0
290.38	2.0
291.01	3.0
