1.75	1.0
2.21	2.0
2.7	3.0
3.19	4.0
3.66	1.0
4.14	2.0
4.61	3.0
5.11	4.0
5.58	1.0
6.07	2.0
6.53	3.0
7.01	4.0
7.51	1.0
7.95	2.0
8.43	3.0
8.87	4.0
9.35	1.0
9.79	2.0
10.26	3.0
10.73	4.0
11.17	1.0
11.63	2.0
12.11	3.0
12.6	4.0
13.07	1.0
13.59	2.0
14.11	3.0
14.63	4.0
15.14	1.0
15.66	2.0
16.18	3.0
16.69	4.0
17.21	1.0
17.73	2.0
18.25	3.0
18.77	4.0
19.28	1.0
19.79	2.0
20.32	3.0
20.83	4.0
21.35	1.0
21.87	2.0
22.38	3.0
22.9	4.0
23.42	1.0
23.94	2.0
24.45	3.0
24.97	4.0
25.49	1.0
26.01	2.0
26.52	3.0
27.04	4.0
27.56	1.0
28.07	2.0
28.59	3.0
29.11	4.0
29.63	1.0
30.15	2.0
30.66	3.0
31.18	4.0
31.7	1.0
32.21	2.0
32.73	3.0
33.25	4.0
33.76	1.0
34.28	2.0
34.8	3.0
35.32	4.0
35.83	1.0
36.36	2.0
36.87	3.0
37.39	4.0
37.9	1.0
38.4	2.0
38.94	3.0
39.46	4.0
39.97	1.0
40.46	2.0
41.0	3.0
41.52	4.0
42.04	1.0
42.56	2.0
43.07	3.0
43.59	4.0
44.11	1.0
44.63	2.0
45.14	3.0
45.66	4.0
46.18	1.0
46.7	2.0
47.21	3.0
47.73	4.0
48.25	1.0
48.77	2.0
49.28	3.0
49.8	4.0
50.32	1.0
50.82	2.0
51.35	3.0
51.87	4.0
52.38	1.0
52.88	2.0
53.42	3.0
53.94	4.0
54.45	1.0
54.98	2.0
55.49	3.0
56.01	4.0
56.52	1.0
57.04	2.0
57.56	3.0
58.07	4.0
58.59	1.0
59.11	2.0
59.62	3.0
60.15	4.0
60.66	1.0
61.18	2.0
61.7	3.0
62.22	4.0
62.73	1.0
63.25	2.0
63.76	3.0
64.29	4.0
64.8	1.0
65.32	2.0
65.83	3.0
66.35	4.0
66.87	1.0
67.39	2.0
67.9	3.0
68.42	4.0
68.94	1.0
69.46	2.0
69.97	3.0
70.48	4.0
71.0	1.0
71.53	2.0
72.04	3.0
72.56	4.0
73.08	1.0
73.6	2.0
74.11	3.0
74.63	4.0
75.15	1.0
75.66	2.0
76.18	3.0
76.7	4.0
77.21	1.0
77.73	2.0
78.25	3.0
78.77	4.0
79.28	1.0
79.8	2.0
80.32	3.0
80.84	4.0
81.35	1.0
81.86	2.0
82.39	3.0
82.9	4.0
83.42	1.0
83.93	2.0
84.46	3.0
84.98	4.0
85.49	1.0
86.01	2.0
86.52	3.0
87.04	4.0
87.56	1.0
88.07	2.0
88.59	3.0
89.11	4.0
89.63	1.0
90.14	2.0
90.66	3.0
91.18	4.0
91.69	1.0
92.21	2.0
92.73	3.0
93.25	4.0
93.77	1.0
94.29	2.0
94.8	3.0
95.32	4.0
95.84	1.0
96.36	2.0
96.87	3.0
97.39	4.0
97.9	1.0
98.41	2.0
98.94	3.0
99.46	4.0
99.97	1.0
100.49	2.0
101.01	3.0
101.52	4.0
102.04	1.0
102.57	2.0
103.07	3.0
103.59	4.0
104.11	1.0
104.63	2.0
105.14	3.0
105.66	4.0
106.18	1.0
106.7	2.0
107.21	3.0
107.74	4.0
108.25	1.0
108.76	2.0
109.28	3.0
109.8	4.0
110.32	1.0
110.84	2.0
111.35	3.0
111.87	4.0
112.39	1.0
112.9	2.0
113.42	3.0
113.94	4.0
114.46	1.0
114.97	2.0
115.49	3.0
116.01	4.0
116.52	1.0
117.06	2.0
117.56	3.0
118.06	4.0
118.59	1.0
119.1	2.0
119.63	3.0
120.16	4.0
120.66	1.0
121.18	2.0
121.69	3.0
122.21	4.0
122.73	1.0
123.24	2.0
123.76	3.0
124.28	4.0
124.8	1.0
125.3	2.0
125.83	3.0
126.35	4.0
126.87	1.0
127.38	2.0
127.9	3.0
128.42	4.0
128.94	1.0
129.46	2.0
129.97	3.0
130.49	4.0
131.01	1.0
131.51	2.0
132.04	3.0
132.56	4.0
133.07	1.0
133.59	2.0
134.11	3.0
134.63	4.0
135.14	1.0
135.66	2.0
136.18	3.0
136.7	4.0
137.21	1.0
137.72	2.0
138.25	3.0
138.77	4.0
139.28	1.0
139.79	2.0
140.31	3.0
140.84	4.0
141.35	1.0
141.89	2.0
142.39	3.0
142.9	4.0
143.42	1.0
143.94	2.0
144.46	3.0
144.97	4.0
145.49	1.0
146.01	2.0
146.52	3.0
147.04	4.0
147.56	1.0
148.08	2.0
148.59	3.0
149.11	4.0
149.63	1.0
150.14	2.0
150.66	3.0
151.18	4.0
151.69	1.0
152.21	2.0
152.73	3.0
153.25	4.0
153.76	1.0
154.29	2.0
154.8	3.0
155.32	4.0
155.83	1.0
156.35	2.0
156.87	3.0
157.38	4.0
157.9	1.0
158.42	2.0
158.93	3.0
159.46	4.0
159.97	1.0
160.48	2.0
161.01	3.0
161.53	4.0
162.04	1.0
162.56	2.0
163.07	3.0
163.6	4.0
164.11	1.0
164.62	2.0
165.15	3.0
165.64	4.0
166.18	1.0
166.7	2.0
167.21	3.0
167.74	4.0
168.25	1.0
168.77	2.0
169.28	3.0
169.79	4.0
170.31	1.0
170.84	2.0
171.35	3.0
171.87	4.0
172.39	1.0
172.91	2.0
173.42	3.0
173.94	4.0
174.46	1.0
174.97	2.0
175.49	3.0
176.01	4.0
176.53	1.0
177.04	2.0
177.56	3.0
178.08	4.0
178.59	1.0
179.11	2.0
179.63	3.0
180.15	4.0
180.66	1.0
181.17	2.0
181.7	3.0
182.21	4.0
182.73	1.0
183.24	2.0
183.77	3.0
184.29	4.0
184.8	1.0
185.32	2.0
185.83	3.0
186.35	4.0
186.87	1.0
187.39	2.0
187.9	3.0
188.42	4.0
188.94	1.0
189.45	2.0
189.97	3.0
190.49	4.0
191.0	1.0
191.52	2.0
192.04	3.0
192.56	4.0
193.08	1.0
193.59	2.0
194.11	3.0
194.63	4.0
195.14	1.0
195.67	2.0
196.18	3.0
196.7	4.0
197.21	1.0
197.72	2.0
198.25	3.0
198.77	4.0
199.28	1.0
199.8	2.0
200.32	3.0
200.84	4.0
201.35	1.0
201.87	2.0
202.38	3.0
202.9	4.0
203.42	1.0
203.94	2.0
204.45	3.0
204.97	4.0
205.49	1.0
205.99	2.0
206.52	3.0
207.04	4.0
207.56	1.0
208.08	2.0
208.59	3.0
209.11	4.0
209.63	1.0
210.15	2.0
210.66	3.0
211.18	4.0
211.7	1.0
212.22	2.0
212.73	3.0
213.25	4.0
213.76	1.0
214.29	2.0
214.8	3.0
215.32	4.0
215.83	1.0
216.36	2.0
216.87	3.0
217.39	4.0
217.9	1.0
218.43	2.0
218.94	3.0
219.45	4.0
219.97	1.0
220.5	2.0
221.01	3.0
221.53	4.0
222.04	1.0
222.58	2.0
223.08	3.0
223.59	4.0
224.11	1.0
224.63	2.0
225.14	3.0
225.66	4.0
226.18	1.0
226.7	2.0
227.21	3.0
227.74	4.0
228.25	1.0
228.77	2.0
229.28	3.0
229.8	4.0
230.32	1.0
230.83	2.0
231.35	3.0
231.87	4.0
232.39	1.0
232.91	2.0
233.42	3.0
233.95	4.0
234.46	1.0
234.97	2.0
235.49	3.0
236.01	4.0
236.53	1.0
237.04	2.0
237.56	3.0
238.08	4.0
238.6	1.0
239.13	2.0
239.63	3.0
240.15	4.0
240.66	1.0
241.18	2.0
241.7	3.0
242.21	4.0
242.73	1.0
243.25	2.0
243.77	3.0
244.28	4.0
244.8	1.0
245.32	2.0
245.84	3.0
246.36	4.0
246.87	1.0
247.39	2.0
247.9	3.0
248.42	4.0
248.94	1.0
249.45	2.0
249.97	3.0
250.49	4.0
251.01	1.0
251.53	2.0
252.04	3.0
252.56	4.0
253.08	1.0
253.59	2.0
254.11	3.0
254.63	4.0
255.15	1.0
255.66	2.0
256.18	3.0
256.7	4.0
257.21	1.0
257.73	2.0
258.25	3.0
258.77	4.0
259.28	1.0
259.8	2.0
260.32	3.0
260.84	4.0
261.35	1.0
261.87	2.0
262.39	3.0
262.91	4.0
263.42	1.0
263.94	2.0
264.46	3.0
264.97	4.0
265.49	1.0
266.01	2.0
266.52	3.0
267.04	4.0
267.56	1.0
268.07	2.0
268.59	3.0
269.11	4.0
269.63	1.0
270.14	2.0
270.66	3.0
271.18	4.0
271.7	1.0
272.22	2.0
272.73	3.0
273.25	4.0
273.77	1.0
274.28	2.0
274.8	3.0
275.32	4.0
275.84	1.0
276.35	2.0
276.87	3.0
277.39	4.0
277.9	1.0
278.42	2.0
278.94	3.0
279.46	4.0
279.97	1.0
280.5	2.0
281.01	3.0
281.53	4.0
282.04	1.0
282.56	2.0
283.08	3.0
283.59	4.0
284.11	1.0
284.62	2.0
285.14	3.0
285.66	4.0
286.18	1.0
286.7	2.0
287.21	3.0
287.73	4.0
288.25	1.0
288.77	2.0
289.28	3.0
289.8	4.0
290.32	1.0
290.83	2.0
291.35	3.0
291.87	4.0
292.38	1.0
292.9	2.0
293.42	3.0
293.94	4.0
294.45	1.0
