0.08	4.0
0.9	1.0
1.71	2.0
2.46	3.0
3.27	4.0
4.05	1.0
4.89	2.0
5.65	3.0
6.46	4.0
7.27	1.0
8.12	2.0
8.87	3.0
9.7	4.0
10.48	1.0
11.24	2.0
12.05	3.0
12.85	4.0
13.68	1.0
14.47	2.0
15.3	3.0
16.12	4.0
16.93	1.0
17.72	2.0
18.54	3.0
19.34	4.0
20.12	1.0
20.89	2.0
21.67	3.0
22.49	4.0
23.29	1.0
24.05	2.0
24.87	3.0
25.68	4.0
26.47	1.0
27.25	2.0
28.06	3.0
28.84	4.0
29.66	1.0
30.44	2.0
31.25	3.0
32.06	4.0
32.87	1.0
33.63	2.0
34.43	3.0
35.24	4.0
36.06	1.0
36.84	2.0
37.64	3.0
38.42	4.0
39.22	1.0
40.02	2.0
40.82	3.0
41.64	4.0
42.43	1.0
43.23	2.0
44.04	3.0
44.83	4.0
45.63	1.0
46.44	2.0
47.24	3.0
48.03	4.0
48.83	1.0
49.63	2.0
50.43	3.0
51.23	4.0
52.02	1.0
52.83	2.0
53.61	3.0
54.42	4.0
55.23	1.0
56.03	2.0
56.81	3.0
57.62	4.0
58.41	1.0
59.21	2.0
60.0	3.0
60.8	4.0
61.59	1.0
62.41	2.0
63.21	3.0
64.0	4.0
64.8	1.0
65.6	2.0
66.39	3.0
67.19	4.0
67.99	1.0
68.78	2.0
69.57	3.0
70.38	4.0
71.17	1.0
71.98	2.0
72.78	3.0
73.57	4.0
74.37	1.0
75.17	2.0
75.96	3.0
76.77	4.0
77.57	1.0
78.36	2.0
79.17	3.0
79.96	4.0
80.75	1.0
81.54	2.0
82.34	3.0
83.14	4.0
83.96	1.0
84.75	2.0
85.55	3.0
86.35	4.0
87.14	1.0
87.93	2.0
88.73	3.0
89.53	4.0
90.32	1.0
91.13	2.0
91.93	3.0
92.72	4.0
93.52	1.0
94.33	2.0
95.12	3.0
95.92	4.0
96.71	1.0
97.51	2.0
98.3	3.0
99.11	4.0
99.91	1.0
100.71	2.0
101.5	3.0
102.31	4.0
103.09	1.0
103.9	2.0
104.7	3.0
105.5	4.0
106.28	1.0
107.09	2.0
107.88	3.0
108.7	4.0
109.48	1.0
110.27	2.0
111.06	3.0
111.87	4.0
112.67	1.0
113.48	2.0
114.26	3.0
115.08	4.0
115.87	1.0
116.67	2.0
117.46	3.0
118.26	4.0
119.05	1.0
119.86	2.0
120.65	3.0
121.46	4.0
122.26	1.0
123.06	2.0
123.84	3.0
124.64	4.0
125.44	1.0
126.24	2.0
127.03	3.0
127.84	4.0
128.63	1.0
129.43	2.0
130.22	3.0
131.03	4.0
131.81	1.0
132.62	2.0
133.42	3.0
134.22	4.0
135.01	1.0
135.81	2.0
136.6	3.0
137.4	4.0
138.19	1.0
139.0	2.0
139.79	3.0
140.61	4.0
141.4	1.0
142.19	2.0
142.98	3.0
143.78	4.0
144.58	1.0
145.38	2.0
146.18	3.0
146.99	4.0
147.79	1.0
148.54	2.0
149.34	3.0
150.14	4.0
150.95	1.0
151.72	2.0
152.53	3.0
153.14	4.0
153.73	1.0
154.33	2.0
154.94	3.0
155.56	4.0
156.15	1.0
156.75	2.0
157.35	3.0
158.15	4.0
158.96	1.0
159.75	2.0
160.52	3.0
161.33	4.0
162.15	1.0
162.95	2.0
163.72	3.0
164.54	4.0
165.33	1.0
166.13	2.0
166.92	3.0
167.73	4.0
168.52	1.0
169.32	2.0
170.11	3.0
170.9	4.0
171.69	1.0
172.51	2.0
173.31	3.0
174.11	4.0
174.91	1.0
175.7	2.0
176.49	3.0
177.3	4.0
178.09	1.0
178.89	2.0
179.7	3.0
180.49	4.0
181.29	1.0
182.09	2.0
182.88	3.0
183.67	4.0
184.47	1.0
185.28	2.0
186.08	3.0
186.88	4.0
187.67	1.0
188.47	2.0
189.26	3.0
190.06	4.0
190.86	1.0
191.66	2.0
192.45	3.0
193.26	4.0
194.05	1.0
194.86	2.0
195.65	3.0
196.45	4.0
197.24	1.0
198.04	2.0
198.85	3.0
199.64	4.0
200.44	1.0
201.24	2.0
202.03	3.0
202.83	4.0
203.62	1.0
204.42	2.0
205.22	3.0
206.02	4.0
206.81	1.0
207.61	2.0
208.42	3.0
209.22	4.0
210.01	1.0
210.81	2.0
211.61	3.0
212.42	4.0
213.22	1.0
214.01	2.0
214.79	3.0
215.6	4.0
216.4	1.0
217.21	2.0
218.0	3.0
218.8	4.0
219.59	1.0
220.39	2.0
221.19	3.0
222.01	4.0
222.78	1.0
223.58	2.0
224.38	3.0
225.17	4.0
225.95	1.0
226.76	2.0
227.56	3.0
228.37	4.0
229.15	1.0
229.96	2.0
230.76	3.0
231.56	4.0
232.35	1.0
233.15	2.0
233.94	3.0
234.74	4.0
235.54	1.0
236.34	2.0
237.14	3.0
237.95	4.0
238.74	1.0
239.31	2.0
239.93	3.0
240.51	4.0
241.13	1.0
241.72	2.0
242.33	3.0
242.91	4.0
243.51	1.0
244.33	2.0
245.12	3.0
245.92	4.0
246.71	1.0
247.52	2.0
248.31	3.0
249.12	4.0
249.9	1.0
250.71	2.0
251.5	3.0
252.31	4.0
253.1	1.0
253.9	2.0
254.69	3.0
255.49	4.0
256.29	1.0
257.1	2.0
257.88	3.0
258.68	4.0
259.47	1.0
260.27	2.0
261.06	3.0
261.87	4.0
262.66	1.0
263.47	2.0
264.27	3.0
265.07	4.0
265.87	1.0
266.67	2.0
267.45	3.0
268.25	4.0
269.05	1.0
269.86	2.0
270.66	3.0
271.45	4.0
272.25	1.0
273.05	2.0
273.84	3.0
274.64	4.0
275.44	1.0
276.24	2.0
277.03	3.0
277.85	4.0
278.63	1.0
279.43	2.0
280.22	3.0
281.02	4.0
281.8	1.0
282.61	2.0
283.41	3.0
284.22	4.0
285.01	1.0
285.82	2.0
286.61	3.0
287.42	4.0
288.21	1.0
289.0	2.0
289.79	3.0
290.62	4.0
291.4	1.0
292.18	2.0
293.01	3.0
293.77	4.0
294.57	1.0
295.39	2.0
296.19	3.0
296.98	4.0
297.74	1.0
298.55	2.0
299.36	3.0
300.13	4.0
300.97	1.0
301.75	2.0
302.59	3.0
303.37	4.0
304.17	1.0
305.0	2.0
305.78	3.0
306.61	4.0
307.4	1.0
308.18	2.0
309.07	3.0
309.87	4.0
310.75	1.0
311.58	2.0
312.38	3.0
313.24	4.0
