0.49	1.0
1.2	2.0
1.93	3.0
2.62	4.0
3.32	1.0
4.03	2.0
4.75	3.0
5.44	4.0
6.16	1.0
6.87	2.0
7.61	3.0
8.28	4.0
9.01	1.0
9.68	2.0
10.39	3.0
11.1	4.0
11.8	1.0
12.51	2.0
13.24	3.0
13.93	4.0
14.63	1.0
15.33	2.0
16.02	3.0
16.72	4.0
17.45	1.0
18.12	2.0
18.85	3.0
19.56	4.0
20.25	1.0
20.98	2.0
21.69	3.0
22.39	4.0
23.12	1.0
23.79	2.0
24.5	3.0
25.19	4.0
25.92	1.0
26.6	2.0
27.33	3.0
28.01	4.0
28.74	1.0
29.46	2.0
30.18	3.0
30.88	4.0
31.57	1.0
32.26	2.0
32.96	3.0
33.68	4.0
34.37	1.0
35.08	2.0
35.79	3.0
36.51	4.0
37.2	1.0
37.91	2.0
38.6	3.0
39.32	4.0
40.05	1.0
40.75	2.0
41.48	3.0
42.16	4.0
42.85	1.0
43.57	2.0
44.26	3.0
44.98	4.0
45.69	1.0
46.39	2.0
47.09	3.0
47.8	4.0
48.55	1.0
49.24	2.0
49.93	3.0
50.64	4.0
51.33	1.0
52.01	2.0
52.73	3.0
53.41	4.0
54.15	1.0
54.83	2.0
55.57	3.0
56.25	4.0
56.97	1.0
57.68	2.0
58.38	3.0
59.1	4.0
59.79	1.0
60.51	2.0
61.18	3.0
61.91	4.0
62.61	1.0
63.29	2.0
64.05	3.0
64.73	4.0
65.45	1.0
66.16	2.0
66.89	3.0
67.57	4.0
68.29	1.0
68.96	2.0
69.69	3.0
70.38	4.0
71.12	1.0
71.87	2.0
72.55	3.0
73.21	4.0
73.91	1.0
74.62	2.0
75.32	3.0
76.03	4.0
76.74	1.0
77.44	2.0
78.15	3.0
78.85	4.0
79.56	1.0
80.27	2.0
80.97	3.0
81.68	4.0
82.38	1.0
83.09	2.0
83.79	3.0
84.5	4.0
85.2	1.0
85.91	2.0
86.61	3.0
87.32	4.0
88.03	1.0
88.74	2.0
89.44	3.0
90.15	4.0
90.85	1.0
91.56	2.0
92.26	3.0
92.97	4.0
93.68	1.0
94.38	2.0
95.09	3.0
95.79	4.0
96.5	1.0
97.2	2.0
97.92	3.0
98.61	4.0
99.32	1.0
100.03	2.0
100.73	3.0
101.44	4.0
102.15	1.0
102.85	2.0
103.56	3.0
104.26	4.0
104.97	1.0
105.67	2.0
106.38	3.0
107.09	4.0
107.8	1.0
108.5	2.0
109.2	3.0
109.91	4.0
110.62	1.0
111.32	2.0
112.03	3.0
112.73	4.0
113.44	1.0
114.14	2.0
114.85	3.0
115.55	4.0
116.27	1.0
116.97	2.0
117.68	3.0
118.38	4.0
119.09	1.0
119.79	2.0
120.5	3.0
121.2	4.0
121.91	1.0
122.61	2.0
123.32	3.0
124.03	4.0
124.73	1.0
125.44	2.0
126.14	3.0
126.85	4.0
127.56	1.0
128.26	2.0
128.97	3.0
129.67	4.0
130.39	1.0
131.08	2.0
131.79	3.0
132.5	4.0
133.2	1.0
133.91	2.0
134.61	3.0
135.32	4.0
136.03	1.0
136.73	2.0
137.44	3.0
138.14	4.0
138.85	1.0
139.56	2.0
140.26	3.0
140.97	4.0
141.68	1.0
142.38	2.0
143.06	3.0
143.79	4.0
144.5	1.0
145.21	2.0
145.88	3.0
146.62	4.0
147.29	1.0
148.02	2.0
148.7	3.0
149.44	4.0
150.15	1.0
150.85	2.0
151.56	3.0
152.26	4.0
152.97	1.0
153.67	2.0
154.38	3.0
155.08	4.0
155.79	1.0
156.5	2.0
157.2	3.0
157.91	4.0
158.62	1.0
159.32	2.0
160.02	3.0
160.73	4.0
161.44	1.0
162.14	2.0
162.85	3.0
163.55	4.0
164.26	1.0
164.97	2.0
165.68	3.0
166.38	4.0
167.09	1.0
167.79	2.0
168.5	3.0
169.2	4.0
169.91	1.0
170.61	2.0
171.32	3.0
172.03	4.0
172.74	1.0
173.43	2.0
174.15	3.0
174.85	4.0
175.56	1.0
176.26	2.0
176.97	3.0
177.67	4.0
178.37	1.0
179.08	2.0
179.79	3.0
180.5	4.0
181.21	1.0
181.91	2.0
182.61	3.0
183.32	4.0
184.02	1.0
184.73	2.0
185.44	3.0
186.14	4.0
186.85	1.0
187.55	2.0
188.26	3.0
188.97	4.0
189.68	1.0
190.38	2.0
191.08	3.0
191.79	4.0
192.5	1.0
193.2	2.0
193.91	3.0
194.61	4.0
195.32	1.0
196.04	2.0
196.74	3.0
197.45	4.0
198.12	1.0
198.85	2.0
199.56	3.0
200.24	4.0
200.97	1.0
201.66	2.0
202.41	3.0
203.12	4.0
203.79	1.0
204.52	2.0
205.18	3.0
205.88	4.0
206.63	1.0
207.32	2.0
208.03	3.0
208.73	4.0
209.44	1.0
210.16	2.0
210.84	3.0
211.56	4.0
212.3	1.0
212.98	2.0
213.66	3.0
214.38	4.0
215.08	1.0
215.78	2.0
216.5	3.0
217.18	4.0
217.91	1.0
218.58	2.0
219.35	3.0
220.07	4.0
220.77	1.0
221.55	2.0
222.25	3.0
223.06	4.0
223.84	1.0
224.82	2.0
225.77	3.0
226.75	4.0
