0.17	2.0
0.91	3.0
1.6	4.0
2.28	1.0
3.0	2.0
3.7	3.0
4.4	4.0
5.11	1.0
5.83	2.0
6.53	3.0
7.24	4.0
7.94	1.0
8.65	2.0
9.35	3.0
10.06	4.0
10.76	1.0
11.46	2.0
12.16	3.0
12.88	4.0
13.58	1.0
14.3	2.0
15.0	3.0
15.7	4.0
16.4	1.0
17.11	2.0
17.82	3.0
18.53	4.0
19.24	1.0
19.95	2.0
20.66	3.0
21.37	4.0
22.07	1.0
22.78	2.0
23.48	3.0
24.15	4.0
24.86	1.0
25.57	2.0
26.32	3.0
27.01	4.0
27.72	1.0
28.42	2.0
29.14	3.0
29.84	4.0
30.55	1.0
31.24	2.0
31.95	3.0
32.65	4.0
33.37	1.0
34.06	2.0
34.77	3.0
35.48	4.0
36.21	1.0
36.89	2.0
37.6	3.0
38.3	4.0
38.99	1.0
39.69	2.0
40.41	3.0
41.12	4.0
41.81	1.0
42.51	2.0
43.22	3.0
43.94	4.0
44.68	1.0
45.39	2.0
46.1	3.0
46.78	4.0
47.49	1.0
48.19	2.0
48.89	3.0
49.58	4.0
50.3	1.0
51.0	2.0
51.73	3.0
52.41	4.0
53.12	1.0
53.83	2.0
54.53	3.0
55.25	4.0
55.96	1.0
56.66	2.0
57.37	3.0
58.07	4.0
58.77	1.0
59.48	2.0
60.19	3.0
60.89	4.0
61.61	1.0
62.31	2.0
63.03	3.0
63.73	4.0
64.43	1.0
65.13	2.0
65.84	3.0
66.53	4.0
67.24	1.0
67.95	2.0
68.66	3.0
69.35	4.0
70.05	1.0
70.76	2.0
71.46	3.0
72.18	4.0
72.88	1.0
73.59	2.0
74.32	3.0
75.01	4.0
75.7	1.0
76.41	2.0
77.1	3.0
77.83	4.0
78.54	1.0
79.25	2.0
79.96	3.0
80.66	4.0
81.36	1.0
82.07	2.0
82.73	3.0
83.47	4.0
84.17	1.0
84.88	2.0
85.59	3.0
86.3	4.0
87.0	1.0
87.7	2.0
88.41	3.0
89.11	4.0
89.83	1.0
90.54	2.0
91.25	3.0
91.94	4.0
92.65	1.0
93.37	2.0
94.05	3.0
94.78	4.0
95.49	1.0
96.19	2.0
96.91	3.0
97.59	4.0
98.3	1.0
99.01	2.0
99.69	3.0
100.41	4.0
101.11	1.0
101.82	2.0
102.54	3.0
103.25	4.0
103.95	1.0
104.66	2.0
105.35	3.0
106.05	4.0
106.76	1.0
107.48	2.0
108.18	3.0
108.89	4.0
109.6	1.0
110.3	2.0
111.01	3.0
111.71	4.0
112.42	1.0
113.13	2.0
113.84	3.0
114.53	4.0
115.24	1.0
115.95	2.0
116.66	3.0
117.37	4.0
118.07	1.0
118.77	2.0
119.48	3.0
120.18	4.0
120.91	1.0
121.6	2.0
122.3	3.0
123.01	4.0
123.72	1.0
124.43	2.0
125.12	3.0
125.83	4.0
126.54	1.0
127.26	2.0
127.97	3.0
128.67	4.0
129.38	1.0
130.07	2.0
130.77	3.0
131.48	4.0
132.2	1.0
132.91	2.0
133.59	3.0
134.31	4.0
135.02	1.0
135.71	2.0
136.43	3.0
137.12	4.0
137.84	1.0
138.56	2.0
139.23	3.0
139.95	4.0
140.67	1.0
141.37	2.0
142.08	3.0
142.77	4.0
143.49	1.0
144.2	2.0
144.92	3.0
145.6	4.0
146.32	1.0
147.02	2.0
147.69	3.0
148.42	4.0
149.12	1.0
149.82	2.0
150.52	3.0
151.23	4.0
151.93	1.0
152.64	2.0
153.35	3.0
154.05	4.0
154.79	1.0
155.48	2.0
156.19	3.0
156.89	4.0
157.59	1.0
158.3	2.0
159.01	3.0
159.71	4.0
160.43	1.0
161.13	2.0
161.82	3.0
162.54	4.0
163.25	1.0
163.95	2.0
164.66	3.0
165.37	4.0
166.06	1.0
166.77	2.0
167.44	3.0
168.18	4.0
168.88	1.0
169.58	2.0
170.31	3.0
171.01	4.0
171.71	1.0
172.43	2.0
173.12	3.0
173.83	4.0
174.53	1.0
175.22	2.0
175.93	3.0
176.65	4.0
177.35	1.0
178.05	2.0
178.76	3.0
179.47	4.0
180.18	1.0
180.89	2.0
181.57	3.0
182.31	4.0
183.01	1.0
183.72	2.0
184.42	3.0
185.13	4.0
185.82	1.0
186.53	2.0
187.21	3.0
187.95	4.0
188.66	1.0
189.37	2.0
190.07	3.0
190.78	4.0
191.48	1.0
192.17	2.0
192.88	3.0
193.58	4.0
194.29	1.0
195.02	2.0
195.71	3.0
196.42	4.0
197.12	1.0
197.82	2.0
198.52	3.0
199.24	4.0
199.95	1.0
200.66	2.0
201.38	3.0
202.06	4.0
202.77	1.0
203.47	2.0
204.16	3.0
204.89	4.0
205.6	1.0
206.3	2.0
207.0	3.0
207.72	4.0
208.43	1.0
209.14	2.0
209.83	3.0
210.54	4.0
211.25	1.0
211.95	2.0
212.64	3.0
213.35	4.0
214.06	1.0
214.76	2.0
215.48	3.0
216.18	4.0
216.89	1.0
217.6	2.0
218.31	3.0
219.0	4.0
219.69	1.0
220.38	2.0
221.09	3.0
221.82	4.0
222.54	1.0
223.23	2.0
223.92	3.0
224.61	4.0
225.32	1.0
226.06	2.0
226.77	3.0
227.49	4.0
228.2	1.0
228.95	2.0
229.68	3.0
230.41	4.0
231.11	1.0
231.84	2.0
