0.31	1.0
0.95	2.0
1.56	3.0
2.19	4.0
2.83	1.0
3.47	2.0
4.07	3.0
4.71	4.0
5.34	1.0
5.98	2.0
6.59	3.0
7.23	4.0
7.86	1.0
8.5	2.0
9.1	3.0
9.74	4.0
10.38	1.0
11.02	2.0
11.62	3.0
12.26	4.0
12.89	1.0
13.53	2.0
14.16	3.0
14.77	4.0
15.41	1.0
16.05	2.0
16.67	3.0
17.29	4.0
17.93	1.0
18.56	2.0
19.15	3.0
19.78	4.0
20.43	1.0
21.08	2.0
21.69	3.0
22.32	4.0
22.95	1.0
23.59	2.0
24.22	3.0
24.85	4.0
25.47	1.0
26.11	2.0
26.72	3.0
27.35	4.0
27.99	1.0
28.64	2.0
29.26	3.0
29.88	4.0
30.5	1.0
31.12	2.0
31.76	3.0
32.38	4.0
33.01	1.0
33.65	2.0
34.27	3.0
34.91	4.0
35.53	1.0
36.16	2.0
36.79	3.0
37.41	4.0
38.04	1.0
38.68	2.0
39.31	3.0
39.94	4.0
40.55	1.0
41.2	2.0
41.83	3.0
42.46	4.0
43.08	1.0
43.71	2.0
44.34	3.0
44.96	4.0
45.59	1.0
46.22	2.0
46.84	3.0
47.48	4.0
48.11	1.0
48.75	2.0
49.36	3.0
50.0	4.0
50.63	1.0
51.27	2.0
51.88	3.0
52.5	4.0
53.13	1.0
53.76	2.0
54.4	3.0
55.03	4.0
55.66	1.0
56.28	2.0
56.89	3.0
57.54	4.0
58.17	1.0
58.79	2.0
59.44	3.0
60.07	4.0
60.69	1.0
61.33	2.0
61.94	3.0
62.58	4.0
63.2	1.0
63.83	2.0
64.46	3.0
65.08	4.0
65.7	1.0
66.33	2.0
66.97	3.0
67.59	4.0
68.23	1.0
68.86	2.0
69.48	3.0
70.1	4.0
70.74	1.0
71.38	2.0
72.0	3.0
72.64	4.0
73.27	1.0
73.9	2.0
74.54	3.0
75.17	4.0
75.79	1.0
76.42	2.0
77.05	3.0
77.67	4.0
78.3	1.0
78.93	2.0
79.56	3.0
80.2	4.0
80.84	1.0
81.44	2.0
82.07	3.0
82.7	4.0
83.34	1.0
83.97	2.0
84.59	3.0
85.23	4.0
85.85	1.0
86.48	2.0
87.11	3.0
87.73	4.0
88.37	1.0
88.99	2.0
89.62	3.0
90.26	4.0
90.88	1.0
91.49	2.0
92.12	3.0
92.76	4.0
93.4	1.0
94.03	2.0
94.66	3.0
95.29	4.0
95.92	1.0
96.55	2.0
97.18	3.0
97.8	4.0
98.43	1.0
99.06	2.0
99.69	3.0
100.33	4.0
100.95	1.0
101.58	2.0
102.2	3.0
102.84	4.0
103.47	1.0
104.09	2.0
104.72	3.0
105.35	4.0
105.98	1.0
106.61	2.0
107.23	3.0
107.86	4.0
108.49	1.0
109.13	2.0
109.75	3.0
110.37	4.0
111.0	1.0
111.63	2.0
112.26	3.0
112.89	4.0
113.52	1.0
114.16	2.0
114.79	3.0
115.42	4.0
116.05	1.0
116.67	2.0
117.31	3.0
117.94	4.0
118.57	1.0
119.19	2.0
119.81	3.0
120.45	4.0
121.06	1.0
121.67	2.0
122.33	3.0
122.95	4.0
123.58	1.0
124.21	2.0
124.85	3.0
125.47	4.0
126.1	1.0
126.73	2.0
127.36	3.0
127.99	4.0
128.62	1.0
129.25	2.0
129.88	3.0
130.5	4.0
131.12	1.0
131.75	2.0
132.39	3.0
133.0	4.0
133.64	1.0
134.27	2.0
134.9	3.0
135.53	4.0
136.16	1.0
136.78	2.0
137.41	3.0
138.06	4.0
138.67	1.0
139.3	2.0
139.92	3.0
140.57	4.0
141.18	1.0
141.81	2.0
142.45	3.0
143.08	4.0
143.71	1.0
144.34	2.0
144.98	3.0
145.6	4.0
146.22	1.0
146.86	2.0
147.5	3.0
148.12	4.0
148.74	1.0
149.37	2.0
150.0	3.0
150.64	4.0
151.24	1.0
151.88	2.0
152.49	3.0
153.13	4.0
153.77	1.0
154.4	2.0
155.03	3.0
155.66	4.0
156.27	1.0
156.9	2.0
157.54	3.0
158.16	4.0
158.78	1.0
159.42	2.0
160.05	3.0
160.67	4.0
161.31	1.0
161.95	2.0
162.57	3.0
163.21	4.0
163.84	1.0
164.46	2.0
165.09	3.0
165.73	4.0
166.36	1.0
166.99	2.0
167.61	3.0
168.24	4.0
168.87	1.0
169.5	2.0
170.13	3.0
170.76	4.0
171.38	1.0
172.01	2.0
172.63	3.0
173.26	4.0
173.9	1.0
174.53	2.0
175.16	3.0
175.79	4.0
176.42	1.0
177.06	2.0
177.68	3.0
178.3	4.0
178.94	1.0
179.57	2.0
180.19	3.0
180.84	4.0
181.47	1.0
182.09	2.0
182.71	3.0
183.33	4.0
183.96	1.0
184.61	2.0
185.23	3.0
185.85	4.0
186.49	1.0
187.12	2.0
187.75	3.0
188.36	4.0
189.0	1.0
189.63	2.0
190.23	3.0
190.89	4.0
191.52	1.0
192.15	2.0
192.78	3.0
193.4	4.0
194.02	1.0
194.66	2.0
195.27	3.0
195.92	4.0
196.54	1.0
197.18	2.0
197.81	3.0
198.43	4.0
199.06	1.0
199.7	2.0
200.31	3.0
200.94	4.0
201.58	1.0
202.21	2.0
202.82	3.0
203.47	4.0
204.09	1.0
204.72	2.0
205.35	3.0
205.99	4.0
206.61	1.0
207.23	2.0
207.87	3.0
208.5	4.0
209.12	1.0
209.76	2.0
210.38	3.0
211.02	4.0
211.64	1.0
212.27	2.0
212.89	3.0
213.53	4.0
214.15	1.0
214.78	2.0
215.4	3.0
216.04	4.0
216.67	1.0
217.3	2.0
217.93	3.0
218.57	4.0
219.19	1.0
219.82	2.0
220.45	3.0
221.07	4.0
221.7	1.0
222.33	2.0
222.95	3.0
223.59	4.0
224.22	1.0
224.86	2.0
225.47	3.0
226.1	4.0
226.73	1.0
227.36	2.0
227.99	3.0
228.62	4.0
229.25	1.0
229.88	2.0
230.5	3.0
231.14	4.0
231.76	1.0
232.39	2.0
233.01	3.0
233.64	4.0
234.28	1.0
234.91	2.0
235.54	3.0
236.17	4.0
236.8	1.0
237.42	2.0
238.05	3.0
238.69	4.0
239.32	1.0
239.95	2.0
240.57	3.0
241.21	4.0
241.83	1.0
242.46	2.0
243.1	3.0
243.7	4.0
244.34	1.0
244.97	2.0
245.59	3.0
246.23	4.0
246.86	1.0
247.5	2.0
248.13	3.0
248.74	4.0
249.37	1.0
250.01	2.0
250.65	3.0
251.26	4.0
251.89	1.0
