0.18	2.0
0.71	3.0
1.24	4.0
1.77	1.0
2.31	2.0
2.84	3.0
3.36	4.0
3.9	1.0
4.43	2.0
4.96	3.0
5.49	4.0
6.02	1.0
6.55	2.0
7.07	3.0
7.61	4.0
8.15	1.0
8.68	2.0
9.21	3.0
9.74	4.0
10.27	1.0
10.8	2.0
11.34	3.0
11.86	4.0
12.39	1.0
12.92	2.0
13.45	3.0
13.98	4.0
14.52	1.0
15.05	2.0
15.58	3.0
16.12	4.0
16.65	1.0
17.18	2.0
17.68	3.0
18.21	4.0
18.77	1.0
19.31	2.0
19.84	3.0
20.39	4.0
20.9	1.0
21.42	2.0
21.96	3.0
22.49	4.0
23.02	1.0
23.56	2.0
24.09	3.0
24.63	4.0
25.15	1.0
25.67	2.0
26.21	3.0
26.74	4.0
27.27	1.0
27.8	2.0
28.33	3.0
28.87	4.0
29.39	1.0
29.91	2.0
30.46	3.0
31.01	4.0
31.52	1.0
32.05	2.0
32.58	3.0
33.11	4.0
33.65	1.0
34.18	2.0
34.7	3.0
35.24	4.0
35.76	1.0
36.28	2.0
36.83	3.0
37.36	4.0
37.88	1.0
38.42	2.0
38.95	3.0
39.48	4.0
40.01	1.0
40.54	2.0
41.07	3.0
41.61	4.0
42.14	1.0
42.66	2.0
43.2	3.0
43.73	4.0
44.26	1.0
44.79	2.0
45.33	3.0
45.85	4.0
46.38	1.0
46.91	2.0
47.45	3.0
47.98	4.0
48.51	1.0
49.06	2.0
49.57	3.0
50.09	4.0
50.63	1.0
51.18	2.0
51.69	3.0
52.21	4.0
52.76	1.0
53.28	2.0
53.82	3.0
54.35	4.0
54.88	1.0
55.41	2.0
55.94	3.0
56.47	4.0
57.01	1.0
57.54	2.0
58.06	3.0
58.59	4.0
59.13	1.0
59.68	2.0
60.18	3.0
60.72	4.0
61.25	1.0
61.79	2.0
62.32	3.0
62.86	4.0
63.38	1.0
63.9	2.0
64.42	3.0
64.97	4.0
65.5	1.0
66.03	2.0
66.56	3.0
67.09	4.0
67.62	1.0
68.17	2.0
68.69	3.0
69.21	4.0
69.75	1.0
70.28	2.0
70.81	3.0
71.32	4.0
71.88	1.0
72.39	2.0
72.93	3.0
73.46	4.0
73.99	1.0
74.52	2.0
75.06	3.0
75.59	4.0
76.12	1.0
76.65	2.0
77.18	3.0
77.7	4.0
78.24	1.0
78.75	2.0
79.31	3.0
79.84	4.0
80.37	1.0
80.9	2.0
81.44	3.0
81.96	4.0
82.49	1.0
83.02	2.0
83.56	3.0
84.08	4.0
84.61	1.0
85.15	2.0
85.68	3.0
86.18	4.0
86.71	1.0
87.28	2.0
87.8	3.0
88.33	4.0
88.86	1.0
89.39	2.0
89.93	3.0
90.44	4.0
90.99	1.0
91.53	2.0
92.05	3.0
92.59	4.0
93.11	1.0
93.64	2.0
94.17	3.0
94.71	4.0
95.24	1.0
95.74	2.0
96.3	3.0
96.82	4.0
97.36	1.0
97.88	2.0
98.45	3.0
98.98	4.0
99.49	1.0
100.02	2.0
100.57	3.0
101.09	4.0
101.61	1.0
102.16	2.0
102.68	3.0
103.2	4.0
103.76	1.0
104.28	2.0
104.82	3.0
105.35	4.0
105.86	1.0
106.39	2.0
106.94	3.0
107.45	4.0
107.98	1.0
108.5	2.0
109.06	3.0
109.58	4.0
110.11	1.0
110.64	2.0
111.2	3.0
111.71	4.0
112.24	1.0
112.79	2.0
113.32	3.0
113.84	4.0
114.36	1.0
114.89	2.0
115.41	3.0
115.95	4.0
116.48	1.0
117.0	2.0
117.54	3.0
118.07	4.0
118.6	1.0
119.12	2.0
119.67	3.0
120.2	4.0
120.73	1.0
121.24	2.0
121.78	3.0
122.32	4.0
122.85	1.0
123.37	2.0
123.91	3.0
124.43	4.0
124.97	1.0
125.5	2.0
126.03	3.0
126.57	4.0
127.1	1.0
127.62	2.0
128.16	3.0
128.7	4.0
129.23	1.0
129.74	2.0
130.28	3.0
130.82	4.0
131.35	1.0
131.87	2.0
132.41	3.0
132.95	4.0
133.47	1.0
133.98	2.0
134.54	3.0
135.06	4.0
135.59	1.0
136.11	2.0
136.64	3.0
137.19	4.0
137.71	1.0
138.25	2.0
138.77	3.0
139.31	4.0
139.84	1.0
140.36	2.0
140.91	3.0
141.41	4.0
141.96	1.0
142.49	2.0
143.02	3.0
143.56	4.0
144.08	1.0
144.62	2.0
145.15	3.0
145.68	4.0
146.21	1.0
146.73	2.0
147.27	3.0
147.81	4.0
148.35	1.0
148.87	2.0
149.4	3.0
149.91	4.0
150.46	1.0
150.99	2.0
151.52	3.0
152.05	4.0
152.59	1.0
153.11	2.0
153.64	3.0
154.16	4.0
154.7	1.0
155.24	2.0
155.76	3.0
156.3	4.0
156.83	1.0
157.35	2.0
157.88	3.0
158.41	4.0
158.95	1.0
159.48	2.0
160.01	3.0
160.55	4.0
161.07	1.0
161.61	2.0
162.14	3.0
162.67	4.0
163.19	1.0
163.74	2.0
164.27	3.0
164.79	4.0
165.32	1.0
165.85	2.0
166.4	3.0
166.92	4.0
167.45	1.0
167.99	2.0
168.51	3.0
169.04	4.0
169.58	1.0
170.1	2.0
170.63	3.0
171.16	4.0
171.69	1.0
172.23	2.0
172.76	3.0
173.29	4.0
173.83	1.0
174.35	2.0
174.88	3.0
175.41	4.0
175.93	1.0
176.45	2.0
177.0	3.0
177.54	4.0
178.06	1.0
178.6	2.0
179.13	3.0
179.66	4.0
180.19	1.0
180.73	2.0
181.25	3.0
181.79	4.0
182.32	1.0
182.85	2.0
183.38	3.0
183.91	4.0
184.44	1.0
184.98	2.0
185.5	3.0
186.04	4.0
186.57	1.0
187.1	2.0
187.62	3.0
188.15	4.0
188.69	1.0
189.22	2.0
189.74	3.0
190.29	4.0
190.82	1.0
191.35	2.0
191.87	3.0
192.41	4.0
192.93	1.0
193.44	2.0
194.0	3.0
194.52	4.0
195.05	1.0
195.6	2.0
196.13	3.0
196.66	4.0
197.18	1.0
197.73	2.0
198.24	3.0
198.78	4.0
199.31	1.0
199.84	2.0
200.37	3.0
200.9	4.0
201.42	1.0
201.94	2.0
202.5	3.0
203.03	4.0
203.55	1.0
204.09	2.0
204.64	3.0
205.16	4.0
205.67	1.0
206.21	2.0
206.74	3.0
207.28	4.0
207.8	1.0
208.33	2.0
208.87	3.0
209.4	4.0
209.92	1.0
210.47	2.0
210.99	3.0
211.53	4.0
212.05	1.0
212.58	2.0
213.1	3.0
213.65	4.0
214.18	1.0
214.71	2.0
215.23	3.0
215.76	4.0
216.3	1.0
216.82	2.0
217.36	3.0
217.9	4.0
218.42	1.0
218.93	2.0
219.49	3.0
220.02	4.0
220.54	1.0
221.08	2.0
221.59	3.0
222.11	4.0
222.65	1.0
223.21	2.0
223.73	3.0
224.26	4.0
224.78	1.0
225.32	2.0
225.84	3.0
226.37	4.0
226.91	1.0
227.42	2.0
227.97	3.0
228.5	4.0
229.04	1.0
229.54	2.0
230.1	3.0
230.64	4.0
231.17	1.0
231.7	2.0
232.24	3.0
232.76	4.0
233.29	1.0
233.82	2.0
234.36	3.0
234.89	4.0
235.41	1.0
235.96	2.0
236.48	3.0
237.01	4.0
237.54	1.0
238.07	2.0
238.6	3.0
239.14	4.0
239.66	1.0
240.2	2.0
240.72	3.0
241.26	4.0
241.78	1.0
242.32	2.0
242.84	3.0
243.36	4.0
243.91	1.0
244.44	2.0
244.97	3.0
245.51	4.0
246.04	1.0
246.59	2.0
247.18	3.0
247.72	4.0
248.3	1.0
248.83	2.0
