2.61	1.0
3.66	2.0
4.78	3.0
5.87	4.0
6.91	1.0
7.89	2.0
8.92	3.0
9.92	4.0
10.98	1.0
11.9	2.0
12.86	3.0
13.84	4.0
14.81	1.0
15.79	2.0
16.74	3.0
17.58	4.0
18.44	1.0
19.31	2.0
20.18	3.0
21.03	4.0
21.86	1.0
22.77	2.0
23.62	3.0
24.46	4.0
25.31	1.0
26.18	2.0
27.04	3.0
27.9	4.0
28.75	1.0
29.61	2.0
30.47	3.0
31.31	4.0
32.18	1.0
33.04	2.0
33.91	3.0
34.74	4.0
35.61	1.0
36.45	2.0
37.32	3.0
38.16	4.0
39.02	1.0
39.88	2.0
40.73	3.0
41.62	4.0
42.49	1.0
43.35	2.0
44.21	3.0
45.09	4.0
45.98	1.0
46.85	2.0
47.72	3.0
48.58	4.0
49.47	1.0
50.33	2.0
51.19	3.0
52.05	4.0
52.92	1.0
53.76	2.0
54.63	3.0
55.5	4.0
56.36	1.0
57.24	2.0
58.09	3.0
58.93	4.0
59.8	1.0
60.68	2.0
61.52	3.0
62.38	4.0
63.25	1.0
64.09	2.0
64.94	3.0
65.8	4.0
66.65	1.0
67.51	2.0
68.37	3.0
69.24	4.0
70.09	1.0
70.96	2.0
71.81	3.0
72.68	4.0
73.52	1.0
74.4	2.0
75.25	3.0
76.11	4.0
76.96	1.0
77.8	2.0
78.65	3.0
79.52	4.0
80.38	1.0
81.26	2.0
82.11	3.0
82.96	4.0
83.82	1.0
84.67	2.0
85.52	3.0
86.39	4.0
87.25	1.0
88.11	2.0
88.93	3.0
89.78	4.0
90.66	1.0
91.5	2.0
92.37	3.0
93.24	4.0
94.1	1.0
94.97	2.0
95.82	3.0
96.68	4.0
97.53	1.0
98.37	2.0
99.23	3.0
100.1	4.0
100.96	1.0
101.81	2.0
102.66	3.0
103.52	4.0
104.37	1.0
105.23	2.0
106.08	3.0
106.95	4.0
107.8	1.0
108.66	2.0
109.52	3.0
110.36	4.0
111.23	1.0
112.11	2.0
112.96	3.0
113.81	4.0
114.66	1.0
115.53	2.0
116.38	3.0
117.24	4.0
118.1	1.0
118.96	2.0
119.82	3.0
120.68	4.0
121.53	1.0
122.38	2.0
123.22	3.0
124.09	4.0
124.93	1.0
125.77	2.0
126.66	3.0
127.51	4.0
128.36	1.0
129.25	2.0
130.09	3.0
130.94	4.0
131.8	1.0
132.66	2.0
133.53	3.0
134.37	4.0
135.23	1.0
136.1	2.0
136.95	3.0
137.8	4.0
138.66	1.0
139.52	2.0
140.4	3.0
141.23	4.0
142.1	1.0
142.94	2.0
143.81	3.0
144.67	4.0
145.53	1.0
146.38	2.0
147.23	3.0
148.1	4.0
148.96	1.0
149.83	2.0
150.66	3.0
151.51	4.0
152.36	1.0
153.23	2.0
154.09	3.0
154.95	4.0
155.81	1.0
156.68	2.0
157.52	3.0
158.39	4.0
159.23	1.0
160.12	2.0
160.96	3.0
161.83	4.0
162.67	1.0
163.53	2.0
164.38	3.0
165.23	4.0
166.09	1.0
166.95	2.0
167.8	3.0
168.65	4.0
169.51	1.0
170.38	2.0
171.22	3.0
172.09	4.0
172.93	1.0
173.78	2.0
174.62	3.0
175.54	4.0
176.6	1.0
177.54	2.0
178.55	3.0
179.58	4.0
180.56	1.0
181.5	2.0
182.37	3.0
183.23	4.0
184.1	1.0
184.98	2.0
185.85	3.0
186.74	4.0
187.58	1.0
188.44	2.0
189.29	3.0
190.17	4.0
191.0	1.0
191.87	2.0
192.74	3.0
193.68	4.0
194.56	1.0
195.55	2.0
196.5	3.0
197.45	4.0
198.52	1.0
199.54	2.0
200.53	3.0
