0.53	3.0
1.44	4.0
2.31	1.0
3.19	2.0
4.09	3.0
4.96	4.0
5.87	1.0
6.71	2.0
7.57	3.0
8.44	4.0
9.32	1.0
10.21	2.0
11.11	3.0
11.96	4.0
12.89	1.0
13.8	2.0
14.68	3.0
15.54	4.0
16.44	1.0
17.3	2.0
18.16	3.0
19.06	4.0
19.92	1.0
20.84	2.0
21.7	3.0
22.59	4.0
23.45	1.0
24.34	2.0
25.23	3.0
26.08	4.0
26.99	1.0
27.86	2.0
28.78	3.0
29.69	4.0
30.54	1.0
31.42	2.0
32.31	3.0
33.19	4.0
34.07	1.0
34.95	2.0
35.84	3.0
36.72	4.0
37.6	1.0
38.49	2.0
39.37	3.0
40.25	4.0
41.13	1.0
42.01	2.0
42.89	3.0
43.79	4.0
44.66	1.0
45.54	2.0
46.43	3.0
47.31	4.0
48.19	1.0
49.07	2.0
49.95	3.0
50.84	4.0
51.72	1.0
52.6	2.0
53.48	3.0
54.37	4.0
55.25	1.0
56.13	2.0
57.01	3.0
57.89	4.0
58.78	1.0
59.66	2.0
60.54	3.0
61.42	4.0
62.31	1.0
63.19	2.0
64.07	3.0
64.95	4.0
65.83	1.0
66.71	2.0
67.6	3.0
68.48	4.0
69.37	1.0
70.24	2.0
71.13	3.0
72.01	4.0
72.89	1.0
73.78	2.0
74.66	3.0
75.54	4.0
76.42	1.0
77.3	2.0
78.19	3.0
79.07	4.0
79.95	1.0
80.83	2.0
81.72	3.0
82.6	4.0
83.48	1.0
84.36	2.0
85.25	3.0
86.13	4.0
87.01	1.0
87.89	2.0
88.78	3.0
89.66	4.0
90.54	1.0
91.42	2.0
92.31	3.0
93.19	4.0
94.07	1.0
94.95	2.0
95.83	3.0
96.72	4.0
97.6	1.0
98.48	2.0
99.37	3.0
100.25	4.0
101.13	1.0
102.01	2.0
102.9	3.0
103.78	4.0
104.66	1.0
105.54	2.0
106.43	3.0
107.3	4.0
108.19	1.0
109.07	2.0
109.95	3.0
110.83	4.0
111.72	1.0
112.6	2.0
113.48	3.0
114.36	4.0
115.25	1.0
116.13	2.0
117.01	3.0
117.89	4.0
118.78	1.0
119.66	2.0
120.54	3.0
121.42	4.0
122.31	1.0
123.19	2.0
124.07	3.0
124.95	4.0
125.84	1.0
126.72	2.0
127.6	3.0
128.48	4.0
129.37	1.0
130.25	2.0
131.13	3.0
132.01	4.0
132.89	1.0
133.77	2.0
134.66	3.0
135.54	4.0
136.42	1.0
137.3	2.0
138.19	3.0
139.07	4.0
139.97	1.0
140.87	2.0
141.72	3.0
142.6	4.0
143.48	1.0
144.36	2.0
145.25	3.0
146.13	4.0
147.01	1.0
147.89	2.0
148.78	3.0
149.66	4.0
150.54	1.0
151.42	2.0
152.31	3.0
153.19	4.0
154.07	1.0
154.95	2.0
155.83	3.0
156.72	4.0
157.6	1.0
158.48	2.0
159.37	3.0
160.24	4.0
161.13	1.0
162.01	2.0
162.9	3.0
163.78	4.0
164.66	1.0
165.54	2.0
166.43	3.0
167.3	4.0
168.19	1.0
169.07	2.0
169.95	3.0
170.83	4.0
171.72	1.0
172.6	2.0
173.48	3.0
174.36	4.0
175.25	1.0
176.13	2.0
177.02	3.0
177.89	4.0
178.77	1.0
179.66	2.0
180.54	3.0
181.42	4.0
182.31	1.0
183.19	2.0
184.08	3.0
184.95	4.0
185.84	1.0
186.72	2.0
187.6	3.0
188.48	4.0
189.37	1.0
190.24	2.0
191.13	3.0
192.01	4.0
192.89	1.0
193.77	2.0
194.66	3.0
195.54	4.0
196.42	1.0
197.3	2.0
198.19	3.0
199.07	4.0
199.95	1.0
200.83	2.0
201.72	3.0
202.6	4.0
203.48	1.0
204.36	2.0
205.25	3.0
206.13	4.0
207.01	1.0
207.89	2.0
208.78	3.0
209.66	4.0
210.54	1.0
211.42	2.0
212.31	3.0
213.19	4.0
214.07	1.0
214.95	2.0
215.83	3.0
216.72	4.0
217.6	1.0
218.48	2.0
219.37	3.0
220.25	4.0
221.13	1.0
222.01	2.0
222.89	3.0
223.77	4.0
224.66	1.0
225.54	2.0
226.45	3.0
227.34	4.0
228.18	1.0
229.03	2.0
229.91	3.0
230.81	4.0
231.68	1.0
232.59	2.0
233.45	3.0
234.35	4.0
235.25	1.0
236.08	2.0
237.0	3.0
237.9	4.0
238.79	1.0
239.66	2.0
240.56	3.0
