0.14	1.0
0.65	2.0
1.16	3.0
1.67	4.0
2.18	1.0
2.69	2.0
3.19	3.0
3.69	4.0
4.21	1.0
4.72	2.0
5.23	3.0
5.74	4.0
6.25	1.0
6.76	2.0
7.26	3.0
7.75	4.0
8.28	1.0
8.79	2.0
9.3	3.0
9.81	4.0
10.31	1.0
10.82	2.0
11.33	3.0
11.84	4.0
12.35	1.0
12.86	2.0
13.37	3.0
13.87	4.0
14.39	1.0
14.89	2.0
15.4	3.0
15.91	4.0
16.42	1.0
16.93	2.0
17.44	3.0
17.94	4.0
18.45	1.0
18.96	2.0
19.47	3.0
19.97	4.0
20.49	1.0
21.0	2.0
21.5	3.0
22.01	4.0
22.52	1.0
23.03	2.0
23.53	3.0
24.04	4.0
24.56	1.0
25.07	2.0
25.58	3.0
26.06	4.0
26.58	1.0
27.08	2.0
27.61	3.0
28.12	4.0
28.63	1.0
29.14	2.0
29.66	3.0
30.16	4.0
30.66	1.0
31.17	2.0
31.68	3.0
32.19	4.0
32.7	1.0
33.21	2.0
33.72	3.0
34.21	4.0
34.73	1.0
35.25	2.0
35.75	3.0
36.27	4.0
36.76	1.0
37.27	2.0
37.78	3.0
38.29	4.0
38.8	1.0
39.31	2.0
39.81	3.0
40.34	4.0
40.81	1.0
41.32	2.0
41.86	3.0
42.37	4.0
42.87	1.0
43.37	2.0
43.88	3.0
44.41	4.0
44.9	1.0
45.42	2.0
45.92	3.0
46.43	4.0
46.94	1.0
47.45	2.0
47.95	3.0
48.45	4.0
48.97	1.0
49.49	2.0
49.99	3.0
50.5	4.0
51.01	1.0
51.53	2.0
52.02	3.0
52.53	4.0
53.04	1.0
53.54	2.0
54.05	3.0
54.54	4.0
55.07	1.0
55.58	2.0
56.08	3.0
56.59	4.0
57.1	1.0
57.62	2.0
58.12	3.0
58.64	4.0
59.13	1.0
59.65	2.0
60.15	3.0
60.66	4.0
61.17	1.0
61.69	2.0
62.18	3.0
62.69	4.0
63.2	1.0
63.71	2.0
64.22	3.0
64.73	4.0
65.23	1.0
65.74	2.0
66.25	3.0
66.77	4.0
67.27	1.0
67.78	2.0
68.29	3.0
68.79	4.0
69.3	1.0
69.79	2.0
70.32	3.0
70.83	4.0
71.33	1.0
71.86	2.0
72.35	3.0
72.86	4.0
73.37	1.0
73.88	2.0
74.39	3.0
74.9	4.0
75.41	1.0
75.91	2.0
76.42	3.0
76.93	4.0
77.44	1.0
77.95	2.0
78.45	3.0
78.97	4.0
79.47	1.0
79.99	2.0
80.49	3.0
81.0	4.0
81.51	1.0
82.02	2.0
82.52	3.0
83.04	4.0
83.54	1.0
84.05	2.0
84.56	3.0
85.07	4.0
85.57	1.0
86.09	2.0
86.59	3.0
87.1	4.0
87.61	1.0
88.12	2.0
88.62	3.0
89.13	4.0
89.64	1.0
90.15	2.0
90.66	3.0
91.17	4.0
91.68	1.0
92.19	2.0
92.69	3.0
93.2	4.0
93.71	1.0
94.22	2.0
94.73	3.0
95.24	4.0
95.74	1.0
96.25	2.0
96.76	3.0
97.27	4.0
97.78	1.0
98.27	2.0
98.79	3.0
99.3	4.0
99.81	1.0
100.32	2.0
100.83	3.0
101.34	4.0
101.84	1.0
102.35	2.0
102.86	3.0
103.37	4.0
103.88	1.0
104.39	2.0
104.89	3.0
105.4	4.0
105.91	1.0
106.42	2.0
106.93	3.0
107.44	4.0
107.95	1.0
108.46	2.0
108.96	3.0
109.47	4.0
109.98	1.0
110.48	2.0
111.0	3.0
111.51	4.0
112.01	1.0
112.52	2.0
113.03	3.0
113.54	4.0
114.05	1.0
114.56	2.0
115.06	3.0
115.58	4.0
116.08	1.0
116.59	2.0
117.1	3.0
117.61	4.0
118.12	1.0
118.62	2.0
119.13	3.0
119.64	4.0
120.15	1.0
120.66	2.0
121.16	3.0
121.69	4.0
122.19	1.0
122.71	2.0
123.22	3.0
123.72	4.0
124.23	1.0
124.7	2.0
125.24	3.0
125.75	4.0
126.26	1.0
126.77	2.0
127.27	3.0
127.76	4.0
128.29	1.0
128.8	2.0
129.3	3.0
129.82	4.0
130.33	1.0
130.84	2.0
131.35	3.0
131.85	4.0
132.37	1.0
132.88	2.0
133.38	3.0
133.89	4.0
134.39	1.0
134.9	2.0
135.41	3.0
135.92	4.0
136.44	1.0
136.95	2.0
137.44	3.0
137.96	4.0
138.45	1.0
138.97	2.0
139.47	3.0
139.99	4.0
140.48	1.0
141.0	2.0
141.5	3.0
142.02	4.0
142.52	1.0
143.05	2.0
143.54	3.0
144.05	4.0
144.56	1.0
145.07	2.0
145.57	3.0
146.08	4.0
146.59	1.0
147.11	2.0
147.61	3.0
148.12	4.0
148.62	1.0
149.12	2.0
149.64	3.0
150.15	4.0
150.65	1.0
151.18	2.0
151.67	3.0
152.19	4.0
152.69	1.0
153.21	2.0
153.71	3.0
154.22	4.0
154.72	1.0
155.25	2.0
155.74	3.0
156.26	4.0
156.76	1.0
157.27	2.0
157.78	3.0
158.29	4.0
158.79	1.0
159.32	2.0
159.81	3.0
160.32	4.0
160.83	1.0
161.33	2.0
161.85	3.0
162.36	4.0
162.86	1.0
163.36	2.0
163.88	3.0
164.4	4.0
164.89	1.0
165.42	2.0
165.91	3.0
166.42	4.0
166.93	1.0
167.44	2.0
167.95	3.0
168.46	4.0
168.96	1.0
169.45	2.0
169.98	3.0
170.48	4.0
171.0	1.0
171.51	2.0
172.01	3.0
172.52	4.0
173.03	1.0
173.54	2.0
174.05	3.0
174.56	4.0
175.06	1.0
175.58	2.0
176.08	3.0
176.6	4.0
177.1	1.0
177.61	2.0
178.11	3.0
178.63	4.0
179.13	1.0
179.64	2.0
180.15	3.0
180.66	4.0
181.17	1.0
181.68	2.0
182.18	3.0
182.69	4.0
183.2	1.0
183.71	2.0
184.22	3.0
184.73	4.0
185.23	1.0
185.75	2.0
186.25	3.0
186.76	4.0
187.27	1.0
187.79	2.0
188.28	3.0
188.8	4.0
189.3	1.0
189.81	2.0
190.32	3.0
190.83	4.0
191.34	1.0
191.85	2.0
192.35	3.0
192.87	4.0
193.37	1.0
193.88	2.0
194.39	3.0
194.89	4.0
195.4	1.0
195.92	2.0
196.42	3.0
196.93	4.0
197.44	1.0
197.94	2.0
198.45	3.0
198.96	4.0
199.47	1.0
199.97	2.0
200.49	3.0
201.0	4.0
201.5	1.0
202.01	2.0
202.52	3.0
203.03	4.0
203.54	1.0
204.05	2.0
204.56	3.0
205.07	4.0
205.57	1.0
206.08	2.0
206.59	3.0
207.1	4.0
207.61	1.0
208.12	2.0
208.62	3.0
209.14	4.0
209.64	1.0
210.15	2.0
210.66	3.0
211.17	4.0
211.68	1.0
212.19	2.0
212.69	3.0
213.21	4.0
213.71	1.0
214.22	2.0
214.73	3.0
215.24	4.0
215.74	1.0
216.26	2.0
216.76	3.0
217.27	4.0
217.78	1.0
218.29	2.0
218.79	3.0
219.3	4.0
219.81	1.0
220.32	2.0
220.83	3.0
221.34	4.0
221.84	1.0
222.35	2.0
222.86	3.0
223.37	4.0
223.88	1.0
224.39	2.0
224.9	3.0
225.41	4.0
225.91	1.0
226.42	2.0
226.93	3.0
227.44	4.0
227.95	1.0
228.46	2.0
228.96	3.0
229.47	4.0
229.98	1.0
230.49	2.0
230.99	3.0
231.51	4.0
232.01	1.0
232.52	2.0
233.03	3.0
233.55	4.0
234.05	1.0
234.56	2.0
235.06	3.0
235.57	4.0
236.08	1.0
236.59	2.0
237.1	3.0
237.62	4.0
238.12	1.0
238.62	2.0
239.13	3.0
239.64	4.0
240.15	1.0
240.66	2.0
241.17	3.0
241.68	4.0
242.18	1.0
242.69	2.0
243.2	3.0
243.71	4.0
244.22	1.0
244.73	2.0
245.23	3.0
245.75	4.0
246.25	1.0
246.76	2.0
247.26	3.0
247.78	4.0
248.29	1.0
248.8	2.0
249.3	3.0
249.82	4.0
250.32	1.0
250.83	2.0
251.33	3.0
