0.42	1.0
1.5	2.0
2.65	3.0
3.71	4.0
4.68	1.0
5.51	2.0
6.28	3.0
7.05	4.0
7.86	1.0
8.66	2.0
9.44	3.0
10.23	4.0
11.03	1.0
11.81	2.0
12.6	3.0
13.37	4.0
14.17	1.0
14.96	2.0
15.77	3.0
16.55	4.0
17.33	1.0
18.13	2.0
18.91	3.0
19.69	4.0
20.49	1.0
21.29	2.0
22.07	3.0
22.85	4.0
23.61	1.0
24.41	2.0
25.21	3.0
26.0	4.0
26.76	1.0
27.56	2.0
28.35	3.0
29.16	4.0
29.93	1.0
30.73	2.0
31.51	3.0
32.31	4.0
33.1	1.0
33.9	2.0
34.67	3.0
35.46	4.0
36.24	1.0
37.04	2.0
37.83	3.0
38.61	4.0
39.4	1.0
40.2	2.0
40.99	3.0
41.77	4.0
42.56	1.0
43.34	2.0
44.12	3.0
44.93	4.0
45.71	1.0
46.5	2.0
47.27	3.0
48.08	4.0
48.86	1.0
49.66	2.0
50.45	3.0
51.24	4.0
52.02	1.0
52.81	2.0
53.58	3.0
54.39	4.0
55.17	1.0
55.98	2.0
56.75	3.0
57.54	4.0
58.32	1.0
59.12	2.0
59.9	3.0
60.7	4.0
61.47	1.0
62.26	2.0
63.06	3.0
63.86	4.0
64.64	1.0
65.44	2.0
66.22	3.0
67.0	4.0
67.79	1.0
68.6	2.0
69.38	3.0
70.17	4.0
70.94	1.0
71.75	2.0
72.53	3.0
73.32	4.0
74.1	1.0
74.9	2.0
75.68	3.0
76.48	4.0
77.27	1.0
78.04	2.0
78.83	3.0
79.63	4.0
80.42	1.0
81.2	2.0
81.98	3.0
82.77	4.0
83.54	1.0
84.35	2.0
85.13	3.0
85.94	4.0
86.71	1.0
87.51	2.0
88.3	3.0
89.09	4.0
89.88	1.0
90.66	2.0
91.45	3.0
92.25	4.0
93.04	1.0
93.83	2.0
94.6	3.0
95.39	4.0
96.18	1.0
96.97	2.0
97.76	3.0
98.57	4.0
99.35	1.0
100.14	2.0
100.93	3.0
101.72	4.0
102.5	1.0
103.3	2.0
104.07	3.0
104.87	4.0
105.65	1.0
106.45	2.0
107.23	3.0
108.04	4.0
108.8	1.0
109.59	2.0
110.39	3.0
111.19	4.0
111.95	1.0
112.76	2.0
113.53	3.0
114.33	4.0
115.1	1.0
115.91	2.0
116.69	3.0
117.49	4.0
118.26	1.0
119.06	2.0
119.85	3.0
120.63	4.0
121.42	1.0
122.21	2.0
122.99	3.0
123.78	4.0
124.56	1.0
125.35	2.0
126.13	3.0
126.94	4.0
127.71	1.0
128.51	2.0
129.3	3.0
130.1	4.0
130.87	1.0
131.67	2.0
132.45	3.0
133.25	4.0
134.04	1.0
134.83	2.0
135.61	3.0
136.39	4.0
137.18	1.0
137.98	2.0
138.75	3.0
139.57	4.0
140.33	1.0
141.13	2.0
141.91	3.0
142.71	4.0
143.49	1.0
144.28	2.0
145.05	3.0
145.84	4.0
146.64	1.0
147.43	2.0
148.22	3.0
149.02	4.0
149.79	1.0
150.6	2.0
151.39	3.0
152.19	4.0
152.97	1.0
153.77	2.0
154.55	3.0
155.35	4.0
156.12	1.0
156.91	2.0
157.69	3.0
158.48	4.0
159.27	1.0
160.08	2.0
160.86	3.0
161.65	4.0
162.43	1.0
163.23	2.0
164.01	3.0
164.79	4.0
165.58	1.0
166.37	2.0
167.16	3.0
167.95	4.0
168.73	1.0
169.52	2.0
170.3	3.0
171.08	4.0
171.87	1.0
172.68	2.0
173.48	3.0
174.28	4.0
175.05	1.0
175.86	2.0
176.64	3.0
177.41	4.0
178.2	1.0
179.01	2.0
179.8	3.0
180.59	4.0
181.36	1.0
182.16	2.0
182.94	3.0
183.73	4.0
184.5	1.0
185.3	2.0
186.1	3.0
186.89	4.0
187.66	1.0
188.47	2.0
189.25	3.0
190.02	4.0
190.81	1.0
191.6	2.0
192.39	3.0
193.19	4.0
193.96	1.0
194.75	2.0
195.56	3.0
196.34	4.0
197.11	1.0
197.91	2.0
198.68	3.0
199.47	4.0
200.26	1.0
201.04	2.0
201.83	3.0
202.63	4.0
203.41	1.0
204.21	2.0
204.99	3.0
205.78	4.0
206.56	1.0
207.35	2.0
208.14	3.0
208.94	4.0
209.72	1.0
210.49	2.0
211.26	3.0
212.06	4.0
212.89	1.0
213.66	2.0
214.5	3.0
215.29	4.0
216.07	1.0
216.83	2.0
217.58	3.0
218.38	4.0
219.24	1.0
220.08	2.0
220.96	3.0
221.79	4.0
222.72	1.0
223.5	2.0
224.36	3.0
