0.31	1.0
0.82	2.0
1.34	3.0
1.85	4.0
2.38	1.0
2.89	2.0
3.4	3.0
3.93	4.0
4.44	1.0
4.96	2.0
5.48	3.0
5.99	4.0
6.52	1.0
7.03	2.0
7.55	3.0
8.06	4.0
8.58	1.0
9.1	2.0
9.62	3.0
10.13	4.0
10.65	1.0
11.17	2.0
11.69	3.0
12.2	4.0
12.72	1.0
13.24	2.0
13.76	3.0
14.28	4.0
14.79	1.0
15.31	2.0
15.83	3.0
16.34	4.0
16.86	1.0
17.38	2.0
17.9	3.0
18.41	4.0
18.93	1.0
19.45	2.0
19.97	3.0
20.48	4.0
21.0	1.0
21.52	2.0
22.04	3.0
22.55	4.0
23.07	1.0
23.58	2.0
24.09	3.0
24.61	4.0
25.14	1.0
25.65	2.0
26.17	3.0
26.69	4.0
27.2	1.0
27.72	2.0
28.24	3.0
28.75	4.0
29.27	1.0
29.79	2.0
30.31	3.0
30.82	4.0
31.34	1.0
31.86	2.0
32.38	3.0
32.89	4.0
33.41	1.0
33.93	2.0
34.45	3.0
34.96	4.0
35.48	1.0
36.0	2.0
36.51	3.0
37.03	4.0
37.55	1.0
38.06	2.0
38.58	3.0
39.1	4.0
39.62	1.0
40.13	2.0
40.65	3.0
41.17	4.0
41.68	1.0
42.21	2.0
42.72	3.0
43.24	4.0
43.75	1.0
44.27	2.0
44.79	3.0
45.31	4.0
45.82	1.0
46.34	2.0
46.86	3.0
47.38	4.0
47.89	1.0
48.41	2.0
48.93	3.0
49.45	4.0
49.96	1.0
50.48	2.0
51.0	3.0
51.52	4.0
52.03	1.0
52.55	2.0
53.06	3.0
53.58	4.0
54.1	1.0
54.62	2.0
55.13	3.0
55.66	4.0
56.17	1.0
56.69	2.0
57.2	3.0
57.72	4.0
58.23	1.0
58.76	2.0
59.27	3.0
59.79	4.0
60.3	1.0
60.83	2.0
61.34	3.0
61.86	4.0
62.37	1.0
62.89	2.0
63.41	3.0
63.93	4.0
64.44	1.0
64.96	2.0
65.48	3.0
66.0	4.0
66.52	1.0
67.03	2.0
67.55	3.0
68.07	4.0
68.57	1.0
69.1	2.0
69.62	3.0
70.14	4.0
70.65	1.0
71.17	2.0
71.68	3.0
72.21	4.0
72.72	1.0
73.24	2.0
73.76	3.0
74.27	4.0
74.79	1.0
75.33	2.0
75.83	3.0
76.34	4.0
76.86	1.0
77.37	2.0
77.88	3.0
78.41	4.0
78.93	1.0
79.44	2.0
79.96	3.0
80.48	4.0
81.0	1.0
81.52	2.0
82.03	3.0
82.55	4.0
83.07	1.0
83.59	2.0
84.1	3.0
84.61	4.0
85.14	1.0
85.65	2.0
86.17	3.0
86.68	4.0
87.21	1.0
87.72	2.0
88.24	3.0
88.76	4.0
89.27	1.0
89.79	2.0
90.31	3.0
90.83	4.0
91.34	1.0
91.86	2.0
92.38	3.0
92.89	4.0
93.41	1.0
93.93	2.0
94.45	3.0
94.97	4.0
95.48	1.0
96.0	2.0
96.51	3.0
97.03	4.0
97.55	1.0
98.07	2.0
98.59	3.0
99.1	4.0
99.62	1.0
100.14	2.0
100.65	3.0
101.16	4.0
101.69	1.0
102.2	2.0
102.72	3.0
103.24	4.0
103.76	1.0
104.28	2.0
104.79	3.0
105.31	4.0
105.83	1.0
106.34	2.0
106.86	3.0
107.38	4.0
107.9	1.0
108.4	2.0
108.93	3.0
109.45	4.0
109.96	1.0
110.48	2.0
111.0	3.0
111.52	4.0
112.03	1.0
112.55	2.0
113.07	3.0
113.58	4.0
114.1	1.0
114.62	2.0
115.14	3.0
115.65	4.0
116.17	1.0
116.69	2.0
117.2	3.0
117.72	4.0
118.24	1.0
118.75	2.0
119.27	3.0
119.79	4.0
120.31	1.0
120.83	2.0
121.34	3.0
121.86	4.0
122.37	1.0
122.89	2.0
123.41	3.0
123.93	4.0
124.44	1.0
124.97	2.0
125.49	3.0
126.01	4.0
126.52	1.0
127.03	2.0
127.53	3.0
128.06	4.0
128.58	1.0
129.1	2.0
129.62	3.0
130.14	4.0
130.65	1.0
131.17	2.0
131.69	3.0
132.2	4.0
132.72	1.0
133.24	2.0
133.76	3.0
134.27	4.0
134.79	1.0
135.31	2.0
135.83	3.0
136.34	4.0
136.86	1.0
137.38	2.0
137.89	3.0
138.41	4.0
138.93	1.0
139.44	2.0
139.96	3.0
140.48	4.0
141.0	1.0
141.52	2.0
142.03	3.0
142.55	4.0
143.07	1.0
143.59	2.0
144.1	3.0
144.62	4.0
145.13	1.0
145.65	2.0
146.17	3.0
146.69	4.0
147.2	1.0
147.72	2.0
148.24	3.0
148.75	4.0
149.27	1.0
149.79	2.0
150.3	3.0
150.83	4.0
151.34	1.0
151.86	2.0
152.38	3.0
152.89	4.0
153.41	1.0
153.93	2.0
154.45	3.0
154.97	4.0
155.47	1.0
156.0	2.0
156.52	3.0
157.04	4.0
157.55	1.0
158.07	2.0
158.58	3.0
159.1	4.0
159.62	1.0
160.14	2.0
160.66	3.0
161.17	4.0
161.69	1.0
162.23	2.0
162.73	3.0
163.23	4.0
163.76	1.0
164.27	2.0
164.78	3.0
165.31	4.0
165.82	1.0
166.34	2.0
166.86	3.0
167.37	4.0
167.9	1.0
168.41	2.0
168.93	3.0
169.45	4.0
169.97	1.0
170.48	2.0
171.0	3.0
171.51	4.0
172.03	1.0
172.55	2.0
173.07	3.0
173.58	4.0
174.1	1.0
174.62	2.0
175.13	3.0
175.65	4.0
176.17	1.0
176.69	2.0
177.21	3.0
177.72	4.0
178.24	1.0
178.76	2.0
179.28	3.0
179.79	4.0
180.31	1.0
180.82	2.0
181.34	3.0
181.86	4.0
182.38	1.0
182.89	2.0
183.41	3.0
183.93	4.0
184.44	1.0
184.97	2.0
185.48	3.0
186.0	4.0
186.52	1.0
187.03	2.0
187.55	3.0
188.06	4.0
188.58	1.0
189.1	2.0
189.62	3.0
190.14	4.0
190.65	1.0
191.17	2.0
191.69	3.0
192.21	4.0
192.72	1.0
193.24	2.0
193.76	3.0
194.28	4.0
194.79	1.0
195.31	2.0
195.81	3.0
196.31	4.0
196.86	1.0
197.38	2.0
197.88	3.0
198.42	4.0
198.94	1.0
199.43	2.0
199.96	3.0
200.48	4.0
201.01	1.0
201.52	2.0
202.04	3.0
202.54	4.0
203.07	1.0
203.58	2.0
204.11	3.0
204.61	4.0
205.14	1.0
205.66	2.0
206.14	3.0
206.67	4.0
207.21	1.0
207.72	2.0
208.24	3.0
208.76	4.0
209.28	1.0
209.79	2.0
210.3	3.0
210.8	4.0
211.34	1.0
211.83	2.0
212.38	3.0
212.89	4.0
213.41	1.0
213.92	2.0
214.45	3.0
214.97	4.0
215.48	1.0
216.0	2.0
216.51	3.0
217.03	4.0
217.55	1.0
218.07	2.0
218.59	3.0
219.1	4.0
219.62	1.0
220.14	2.0
220.65	3.0
221.16	4.0
221.69	1.0
222.2	2.0
222.72	3.0
223.24	4.0
223.76	1.0
224.27	2.0
224.79	3.0
225.31	4.0
225.83	1.0
226.34	2.0
226.86	3.0
227.38	4.0
227.9	1.0
228.41	2.0
228.93	3.0
229.45	4.0
229.96	1.0
230.48	2.0
231.0	3.0
231.52	4.0
232.03	1.0
232.55	2.0
233.07	3.0
233.58	4.0
234.1	1.0
