0.25	1.0
0.92	2.0
1.6	3.0
2.27	4.0
2.95	1.0
3.63	2.0
4.32	3.0
4.98	4.0
5.65	1.0
6.32	2.0
7.01	3.0
7.68	4.0
8.35	1.0
9.02	2.0
9.7	3.0
10.37	4.0
11.05	1.0
11.73	2.0
12.41	3.0
13.07	4.0
13.75	1.0
14.42	2.0
15.11	3.0
15.76	4.0
16.44	1.0
17.12	2.0
17.8	3.0
18.47	4.0
19.14	1.0
19.82	2.0
20.5	3.0
21.18	4.0
21.84	1.0
22.51	2.0
23.21	3.0
23.86	4.0
24.54	1.0
25.21	2.0
25.9	3.0
26.56	4.0
27.24	1.0
27.91	2.0
28.59	3.0
29.26	4.0
29.94	1.0
30.61	2.0
31.29	3.0
31.96	4.0
32.63	1.0
33.31	2.0
33.99	3.0
34.66	4.0
35.33	1.0
36.01	2.0
36.69	3.0
37.34	4.0
38.03	1.0
38.71	2.0
39.4	3.0
40.05	4.0
40.73	1.0
41.4	2.0
42.09	3.0
42.77	4.0
43.43	1.0
44.1	2.0
44.78	3.0
45.45	4.0
46.13	1.0
46.8	2.0
47.49	3.0
48.15	4.0
48.83	1.0
49.5	2.0
50.18	3.0
50.85	4.0
51.53	1.0
52.2	2.0
52.88	3.0
53.55	4.0
54.23	1.0
54.9	2.0
55.59	3.0
56.25	4.0
56.93	1.0
57.6	2.0
58.27	3.0
58.94	4.0
59.62	1.0
60.29	2.0
60.97	3.0
61.65	4.0
62.33	1.0
62.99	2.0
63.67	3.0
64.35	4.0
65.02	1.0
65.69	2.0
66.37	3.0
67.04	4.0
67.72	1.0
68.39	2.0
69.07	3.0
69.74	4.0
70.42	1.0
71.09	2.0
71.77	3.0
72.44	4.0
73.12	1.0
73.79	2.0
74.47	3.0
75.14	4.0
75.82	1.0
76.49	2.0
77.17	3.0
77.84	4.0
78.51	1.0
79.19	2.0
79.87	3.0
80.54	4.0
81.21	1.0
81.88	2.0
82.56	3.0
83.24	4.0
83.91	1.0
84.59	2.0
85.26	3.0
85.94	4.0
86.6	1.0
87.28	2.0
87.96	3.0
88.63	4.0
89.31	1.0
89.98	2.0
90.66	3.0
91.33	4.0
92.01	1.0
92.69	2.0
93.36	3.0
94.03	4.0
94.71	1.0
95.38	2.0
96.06	3.0
96.73	4.0
97.41	1.0
98.08	2.0
98.76	3.0
99.43	4.0
100.1	1.0
100.78	2.0
101.46	3.0
102.13	4.0
102.8	1.0
103.47	2.0
104.13	3.0
104.82	4.0
105.5	1.0
106.18	2.0
106.87	3.0
107.51	4.0
108.2	1.0
108.88	2.0
109.56	3.0
110.23	4.0
110.9	1.0
111.57	2.0
112.25	3.0
112.92	4.0
113.6	1.0
114.27	2.0
114.95	3.0
115.62	4.0
116.3	1.0
116.97	2.0
117.65	3.0
118.32	4.0
119.0	1.0
119.67	2.0
120.37	3.0
121.03	4.0
121.7	1.0
122.37	2.0
123.04	3.0
123.72	4.0
124.39	1.0
125.07	2.0
125.74	3.0
126.42	4.0
127.09	1.0
127.76	2.0
128.47	3.0
129.15	4.0
129.79	1.0
130.46	2.0
131.15	3.0
131.81	4.0
132.48	1.0
133.16	2.0
133.83	3.0
134.5	4.0
135.18	1.0
135.86	2.0
136.54	3.0
137.21	4.0
137.88	1.0
138.56	2.0
139.24	3.0
139.9	4.0
140.58	1.0
141.25	2.0
141.94	3.0
142.6	4.0
143.28	1.0
143.95	2.0
144.63	3.0
145.3	4.0
145.98	1.0
146.65	2.0
147.33	3.0
148.0	4.0
148.67	1.0
149.35	2.0
150.05	3.0
150.7	4.0
151.37	1.0
152.04	2.0
152.73	3.0
153.4	4.0
154.08	1.0
154.74	2.0
155.43	3.0
156.1	4.0
156.77	1.0
157.45	2.0
158.13	3.0
158.79	4.0
159.47	1.0
160.15	2.0
160.83	3.0
161.49	4.0
162.17	1.0
162.85	2.0
163.51	3.0
164.19	4.0
164.87	1.0
165.54	2.0
166.23	3.0
166.89	4.0
167.57	1.0
168.24	2.0
168.92	3.0
169.59	4.0
170.27	1.0
170.94	2.0
171.61	3.0
172.29	4.0
172.96	1.0
173.64	2.0
174.32	3.0
174.99	4.0
175.67	1.0
176.34	2.0
177.01	3.0
177.69	4.0
178.36	1.0
179.03	2.0
179.71	3.0
180.39	4.0
181.06	1.0
181.73	2.0
182.41	3.0
183.09	4.0
183.76	1.0
184.43	2.0
185.11	3.0
185.78	4.0
186.46	1.0
187.13	2.0
187.81	3.0
188.48	4.0
189.16	1.0
189.83	2.0
190.51	3.0
191.18	4.0
191.86	1.0
192.53	2.0
193.2	3.0
193.88	4.0
194.54	1.0
195.23	2.0
195.9	3.0
196.57	4.0
197.25	1.0
197.93	2.0
198.61	3.0
199.27	4.0
199.95	1.0
200.63	2.0
201.31	3.0
201.97	4.0
202.65	1.0
203.33	2.0
204.0	3.0
204.68	4.0
205.35	1.0
206.02	2.0
206.7	3.0
207.37	4.0
208.05	1.0
208.72	2.0
209.4	3.0
210.07	4.0
210.75	1.0
211.42	2.0
212.08	3.0
212.77	4.0
213.45	1.0
214.12	2.0
214.8	3.0
215.47	4.0
216.14	1.0
216.82	2.0
217.49	3.0
218.17	4.0
218.84	1.0
219.52	2.0
220.2	3.0
220.86	4.0
221.54	1.0
222.22	2.0
222.9	3.0
223.57	4.0
224.24	1.0
224.92	2.0
225.59	3.0
226.27	4.0
226.94	1.0
227.61	2.0
228.29	3.0
228.97	4.0
229.64	1.0
230.31	2.0
230.99	3.0
231.67	4.0
232.34	1.0
233.01	2.0
233.69	3.0
234.36	4.0
235.03	1.0
235.71	2.0
236.4	3.0
237.09	4.0
237.82	1.0
238.48	2.0
239.12	3.0
239.87	4.0
240.67	1.0
241.61	2.0
