0.86	2.0
1.9	3.0
2.83	4.0
3.78	1.0
4.78	2.0
5.7	3.0
6.67	4.0
7.59	1.0
8.55	2.0
9.56	3.0
10.61	4.0
11.52	1.0
12.53	2.0
13.44	3.0
14.41	4.0
15.32	1.0
16.28	2.0
17.24	3.0
18.08	4.0
18.98	1.0
19.83	2.0
20.71	3.0
21.61	4.0
22.49	1.0
23.34	2.0
24.27	3.0
25.09	4.0
25.9	1.0
26.84	2.0
27.7	3.0
28.64	4.0
29.6	1.0
30.55	2.0
31.49	3.0
32.32	4.0
33.21	1.0
34.17	2.0
35.16	3.0
36.04	4.0
37.01	1.0
37.89	2.0
38.78	3.0
39.7	4.0
40.42	1.0
41.22	2.0
42.05	3.0
42.89	4.0
43.75	1.0
44.58	2.0
45.44	3.0
46.21	4.0
47.01	1.0
47.87	2.0
48.63	3.0
49.5	4.0
50.36	1.0
51.16	2.0
52.03	3.0
52.88	4.0
53.68	1.0
54.55	2.0
55.38	3.0
56.24	4.0
57.04	1.0
57.88	2.0
58.75	3.0
59.7	4.0
60.58	1.0
61.45	2.0
62.43	3.0
63.41	4.0
64.38	1.0
65.15	2.0
65.95	3.0
66.77	4.0
67.6	1.0
68.4	2.0
69.24	3.0
70.15	4.0
70.99	1.0
71.82	2.0
72.64	3.0
73.43	4.0
74.26	1.0
75.1	2.0
75.95	3.0
76.81	4.0
77.6	1.0
78.46	2.0
79.32	3.0
80.13	4.0
80.99	1.0
81.95	2.0
82.82	3.0
83.77	4.0
84.7	1.0
85.6	2.0
86.57	3.0
87.59	4.0
88.51	1.0
89.49	2.0
90.42	3.0
91.42	4.0
92.33	1.0
93.31	2.0
94.24	3.0
95.06	4.0
95.95	1.0
96.83	2.0
97.65	3.0
98.45	4.0
99.31	1.0
100.15	2.0
100.82	3.0
101.45	4.0
102.13	1.0
102.8	2.0
103.54	3.0
104.36	4.0
105.21	1.0
106.17	2.0
107.08	3.0
107.95	4.0
108.77	1.0
109.66	2.0
110.63	3.0
111.52	4.0
112.42	1.0
113.41	2.0
114.37	3.0
115.34	4.0
116.26	1.0
117.27	2.0
118.22	3.0
119.08	4.0
119.96	1.0
120.83	2.0
121.68	3.0
122.5	4.0
123.37	1.0
124.21	2.0
124.86	3.0
125.58	4.0
126.25	1.0
126.97	2.0
127.66	3.0
128.36	4.0
129.1	1.0
129.9	2.0
130.82	3.0
131.71	4.0
132.67	1.0
133.6	2.0
134.65	3.0
135.71	4.0
