0.49	1.0
1.09	2.0
1.67	3.0
2.24	4.0
2.83	1.0
3.4	2.0
3.97	3.0
4.55	4.0
5.13	1.0
5.7	2.0
6.29	3.0
6.86	4.0
7.43	1.0
7.96	2.0
8.46	3.0
9.02	4.0
9.61	1.0
10.18	2.0
10.77	3.0
11.34	4.0
11.92	1.0
12.49	2.0
13.07	3.0
13.64	4.0
14.22	1.0
14.8	2.0
15.37	3.0
15.95	4.0
16.53	1.0
17.1	2.0
17.68	3.0
18.25	4.0
18.84	1.0
19.41	2.0
19.98	3.0
20.56	4.0
21.14	1.0
21.72	2.0
22.31	3.0
22.87	4.0
23.46	1.0
24.03	2.0
24.62	3.0
25.18	4.0
25.77	1.0
26.33	2.0
26.91	3.0
27.5	4.0
28.07	1.0
28.65	2.0
29.18	3.0
29.79	4.0
30.37	1.0
30.95	2.0
31.53	3.0
32.1	4.0
32.69	1.0
33.25	2.0
33.83	3.0
34.4	4.0
34.99	1.0
35.55	2.0
36.14	3.0
36.72	4.0
37.3	1.0
37.87	2.0
38.45	3.0
39.03	4.0
39.61	1.0
40.18	2.0
40.76	3.0
41.34	4.0
41.92	1.0
42.49	2.0
43.07	3.0
43.64	4.0
44.23	1.0
44.79	2.0
45.37	3.0
45.95	4.0
46.53	1.0
47.1	2.0
47.69	3.0
48.26	4.0
48.83	1.0
49.4	2.0
49.99	3.0
50.56	4.0
51.14	1.0
51.71	2.0
52.29	3.0
52.87	4.0
53.44	1.0
54.02	2.0
54.61	3.0
55.18	4.0
55.76	1.0
56.33	2.0
56.91	3.0
57.48	4.0
58.06	1.0
58.64	2.0
59.22	3.0
59.8	4.0
60.37	1.0
60.94	2.0
61.53	3.0
62.1	4.0
62.69	1.0
63.26	2.0
63.84	3.0
64.41	4.0
64.99	1.0
65.57	2.0
66.14	3.0
66.72	4.0
67.3	1.0
67.87	2.0
68.46	3.0
69.02	4.0
69.6	1.0
70.17	2.0
70.76	3.0
71.33	4.0
71.91	1.0
72.49	2.0
73.07	3.0
73.63	4.0
74.23	1.0
74.79	2.0
75.37	3.0
75.95	4.0
76.53	1.0
77.09	2.0
77.67	3.0
78.25	4.0
78.82	1.0
79.4	2.0
79.99	3.0
80.55	4.0
81.13	1.0
81.71	2.0
82.28	3.0
82.87	4.0
83.45	1.0
84.02	2.0
84.6	3.0
85.17	4.0
85.74	1.0
86.32	2.0
86.9	3.0
87.48	4.0
88.06	1.0
88.64	2.0
89.22	3.0
89.78	4.0
90.35	1.0
90.94	2.0
91.51	3.0
92.08	4.0
92.68	1.0
93.25	2.0
93.83	3.0
94.41	4.0
94.98	1.0
95.55	2.0
96.12	3.0
96.7	4.0
97.29	1.0
97.87	2.0
98.45	3.0
99.01	4.0
99.61	1.0
100.17	2.0
100.75	3.0
101.32	4.0
101.91	1.0
102.48	2.0
103.07	3.0
103.64	4.0
104.2	1.0
104.79	2.0
105.36	3.0
105.94	4.0
106.52	1.0
107.09	2.0
107.67	3.0
108.25	4.0
108.83	1.0
109.4	2.0
109.97	3.0
110.55	4.0
111.12	1.0
111.71	2.0
112.28	3.0
112.87	4.0
113.44	1.0
114.0	2.0
114.61	3.0
115.17	4.0
115.75	1.0
116.32	2.0
116.9	3.0
117.48	4.0
118.06	1.0
118.6	2.0
119.2	3.0
119.78	4.0
120.35	1.0
120.95	2.0
121.53	3.0
122.09	4.0
122.68	1.0
123.24	2.0
123.81	3.0
124.37	4.0
124.97	1.0
125.55	2.0
126.13	3.0
126.71	4.0
127.28	1.0
127.84	2.0
128.43	3.0
129.01	4.0
129.6	1.0
130.17	2.0
130.76	3.0
131.33	4.0
131.91	1.0
132.34	2.0
132.76	3.0
133.19	4.0
133.64	1.0
134.07	2.0
134.49	3.0
134.92	4.0
135.36	1.0
135.94	2.0
136.52	3.0
137.08	4.0
137.68	1.0
138.24	2.0
138.82	3.0
139.4	4.0
139.98	1.0
140.56	2.0
141.13	3.0
141.7	4.0
142.27	1.0
142.86	2.0
143.42	3.0
144.01	4.0
144.59	1.0
145.17	2.0
145.74	3.0
146.32	4.0
146.9	1.0
147.46	2.0
148.05	3.0
148.63	4.0
149.2	1.0
149.79	2.0
150.37	3.0
150.94	4.0
151.51	1.0
152.1	2.0
152.67	3.0
153.24	4.0
153.81	1.0
154.39	2.0
154.97	3.0
155.56	4.0
156.13	1.0
156.71	2.0
157.29	3.0
157.87	4.0
158.44	1.0
159.02	2.0
159.59	3.0
160.17	4.0
160.75	1.0
161.34	2.0
161.91	3.0
162.46	4.0
163.06	1.0
163.61	2.0
164.21	3.0
164.78	4.0
165.36	1.0
165.9	2.0
166.5	3.0
167.09	4.0
167.67	1.0
168.22	2.0
168.82	3.0
169.38	4.0
169.98	1.0
170.56	2.0
171.13	3.0
171.73	4.0
172.29	1.0
172.87	2.0
173.44	3.0
174.02	4.0
174.59	1.0
175.14	2.0
175.74	3.0
176.31	4.0
176.91	1.0
177.48	2.0
178.04	3.0
178.63	4.0
179.22	1.0
179.8	2.0
180.38	3.0
180.92	4.0
181.51	1.0
182.1	2.0
182.68	3.0
183.24	4.0
183.83	1.0
184.39	2.0
184.97	3.0
185.55	4.0
186.11	1.0
186.71	2.0
187.29	3.0
187.86	4.0
188.44	1.0
189.02	2.0
189.59	3.0
190.17	4.0
190.72	1.0
191.32	2.0
191.9	3.0
192.48	4.0
193.07	1.0
193.62	2.0
194.22	3.0
194.76	4.0
195.34	1.0
195.92	2.0
196.5	3.0
197.09	4.0
197.67	1.0
198.23	2.0
198.8	3.0
199.4	4.0
199.97	1.0
200.55	2.0
201.12	3.0
201.7	4.0
202.28	1.0
202.86	2.0
203.43	3.0
204.02	4.0
204.58	1.0
205.17	2.0
205.73	3.0
206.31	4.0
206.89	1.0
207.47	2.0
208.05	3.0
208.63	4.0
209.19	1.0
209.78	2.0
210.35	3.0
210.93	4.0
211.52	1.0
212.1	2.0
212.66	3.0
213.23	4.0
213.8	1.0
214.38	2.0
214.96	3.0
215.53	4.0
216.12	1.0
216.69	2.0
217.26	3.0
217.86	4.0
218.42	1.0
219.01	2.0
219.59	3.0
220.15	4.0
220.72	1.0
221.31	2.0
221.89	3.0
222.46	4.0
223.04	1.0
223.62	2.0
224.19	3.0
224.77	4.0
225.33	1.0
225.93	2.0
226.5	3.0
227.08	4.0
227.66	1.0
228.23	2.0
228.81	3.0
229.38	4.0
229.96	1.0
230.55	2.0
231.11	3.0
231.69	4.0
232.26	1.0
232.84	2.0
233.43	3.0
233.98	4.0
234.58	1.0
235.14	2.0
235.72	3.0
236.33	4.0
236.88	1.0
237.44	2.0
238.02	3.0
238.58	4.0
