4.98	4.0
5.63	1.0
6.34	2.0
7.0	3.0
7.62	4.0
8.22	1.0
8.83	2.0
9.4	3.0
10.02	4.0
10.66	1.0
11.27	2.0
11.93	3.0
12.53	4.0
13.2	1.0
13.84	2.0
14.53	3.0
15.18	4.0
15.9	1.0
16.6	2.0
17.28	3.0
17.98	4.0
18.69	1.0
19.39	2.0
20.03	3.0
20.75	4.0
21.45	1.0
22.15	2.0
22.78	3.0
23.41	4.0
24.02	1.0
24.65	2.0
25.3	3.0
25.96	4.0
26.64	1.0
27.4	2.0
28.11	3.0
28.87	4.0
29.57	1.0
30.33	2.0
31.04	3.0
31.77	4.0
32.53	1.0
33.27	2.0
34.06	3.0
34.82	4.0
35.59	1.0
36.33	2.0
37.11	3.0
37.83	4.0
38.6	1.0
39.24	2.0
39.85	3.0
40.51	4.0
41.17	1.0
41.86	2.0
42.53	3.0
43.2	4.0
43.96	1.0
44.7	2.0
45.4	3.0
46.2	4.0
46.93	1.0
47.68	2.0
48.45	3.0
49.2	4.0
50.0	1.0
50.74	2.0
51.48	3.0
52.24	4.0
53.13	1.0
53.96	2.0
54.84	3.0
55.72	4.0
56.59	1.0
57.43	2.0
58.31	3.0
59.17	4.0
59.98	1.0
60.91	2.0
61.76	3.0
62.63	4.0
63.42	1.0
64.2	2.0
65.0	3.0
65.78	4.0
66.61	1.0
67.36	2.0
68.16	3.0
68.95	4.0
69.82	1.0
70.71	2.0
71.54	3.0
72.49	4.0
73.39	1.0
74.3	2.0
75.2	3.0
76.26	4.0
77.34	1.0
78.36	2.0
79.44	3.0
80.31	4.0
81.24	1.0
82.12	2.0
82.98	3.0
83.86	4.0
84.83	1.0
85.71	2.0
86.66	3.0
87.58	4.0
88.61	1.0
89.64	2.0
90.72	3.0
91.78	4.0
92.8	1.0
93.78	2.0
94.67	3.0
95.62	4.0
96.5	1.0
97.44	2.0
98.3	3.0
99.22	4.0
100.1	1.0
101.01	2.0
101.98	3.0
102.87	4.0
103.85	1.0
104.83	2.0
105.8	3.0
106.75	4.0
107.68	1.0
108.67	2.0
109.64	3.0
110.57	4.0
111.54	1.0
112.52	2.0
113.43	3.0
114.34	4.0
115.18	1.0
116.08	2.0
116.92	3.0
117.75	4.0
118.63	1.0
119.47	2.0
120.47	3.0
121.48	4.0
122.63	1.0
123.66	2.0
124.75	3.0
125.86	4.0
126.99	1.0
128.05	2.0
128.98	3.0
129.88	4.0
130.84	1.0
131.81	2.0
132.7	3.0
133.67	4.0
134.67	1.0
135.58	2.0
136.59	3.0
137.55	4.0
138.48	1.0
139.47	2.0
140.45	3.0
141.51	4.0
142.59	1.0
143.4	2.0
144.21	3.0
145.04	4.0
145.83	1.0
146.63	2.0
147.42	3.0
148.21	4.0
148.96	1.0
149.77	2.0
150.55	3.0
151.44	4.0
152.31	1.0
153.22	2.0
154.18	3.0
155.13	4.0
156.08	1.0
156.97	2.0
157.84	3.0
158.75	4.0
159.63	1.0
160.47	2.0
161.32	3.0
162.19	4.0
163.06	1.0
163.98	2.0
164.91	3.0
165.81	4.0
166.66	1.0
167.56	2.0
168.34	3.0
169.13	4.0
169.88	1.0
170.66	2.0
171.46	3.0
172.21	4.0
173.09	1.0
174.01	2.0
175.02	3.0
175.95	4.0
176.92	1.0
177.88	2.0
178.84	3.0
179.82	4.0
180.71	1.0
181.65	2.0
182.61	3.0
183.55	4.0
184.47	1.0
185.48	2.0
186.39	3.0
187.41	4.0
188.39	1.0
189.31	2.0
190.36	3.0
191.35	4.0
192.31	1.0
193.33	2.0
194.34	3.0
195.35	4.0
196.32	1.0
197.23	2.0
198.24	3.0
199.18	4.0
200.16	1.0
201.11	2.0
202.15	3.0
203.15	4.0
204.24	1.0
205.35	2.0
206.42	3.0
207.51	4.0
208.51	1.0
209.53	2.0
210.5	3.0
211.48	4.0
212.39	1.0
213.39	2.0
