0.67	1.0
1.22	2.0
1.82	3.0
2.39	4.0
2.99	1.0
3.56	2.0
4.18	3.0
4.77	4.0
5.36	1.0
5.92	2.0
6.5	3.0
7.07	4.0
7.63	1.0
8.17	2.0
8.77	3.0
9.34	4.0
9.94	1.0
10.53	2.0
11.13	3.0
11.71	4.0
12.27	1.0
12.84	2.0
13.46	3.0
14.05	4.0
14.63	1.0
15.21	2.0
15.79	3.0
16.36	4.0
16.93	1.0
17.52	2.0
18.1	3.0
18.67	4.0
19.24	1.0
19.81	2.0
20.38	3.0
20.94	4.0
21.51	1.0
22.09	2.0
22.67	3.0
23.24	4.0
23.81	1.0
24.38	2.0
24.97	3.0
25.54	4.0
26.1	1.0
26.64	2.0
27.24	3.0
27.82	4.0
28.38	1.0
28.96	2.0
29.54	3.0
30.11	4.0
30.66	1.0
31.26	2.0
31.82	3.0
32.38	4.0
32.95	1.0
33.52	2.0
34.12	3.0
34.7	4.0
35.27	1.0
35.85	2.0
36.44	3.0
37.04	4.0
37.59	1.0
38.16	2.0
38.71	3.0
39.29	4.0
39.85	1.0
40.42	2.0
40.99	3.0
41.56	4.0
42.14	1.0
42.72	2.0
43.31	3.0
43.88	4.0
44.43	1.0
45.01	2.0
45.59	3.0
46.17	4.0
46.74	1.0
47.33	2.0
47.89	3.0
48.47	4.0
49.03	1.0
49.62	2.0
50.18	3.0
50.74	4.0
51.3	1.0
51.89	2.0
52.47	3.0
53.05	4.0
53.63	1.0
54.21	2.0
54.78	3.0
55.38	4.0
55.93	1.0
56.53	2.0
57.09	3.0
57.67	4.0
58.23	1.0
58.8	2.0
59.35	3.0
59.93	4.0
60.48	1.0
61.05	2.0
61.61	3.0
62.18	4.0
62.74	1.0
63.31	2.0
63.88	3.0
64.41	4.0
64.99	1.0
65.59	2.0
66.14	3.0
66.69	4.0
67.25	1.0
67.82	2.0
68.38	3.0
68.95	4.0
69.5	1.0
70.07	2.0
70.62	3.0
71.18	4.0
71.73	1.0
72.31	2.0
72.84	3.0
73.43	4.0
74.0	1.0
74.57	2.0
75.15	3.0
75.75	4.0
76.3	1.0
76.87	2.0
77.44	3.0
78.04	4.0
78.59	1.0
79.17	2.0
79.73	3.0
80.33	4.0
80.88	1.0
81.45	2.0
82.02	3.0
82.6	4.0
83.16	1.0
83.74	2.0
84.29	3.0
84.86	4.0
85.43	1.0
86.0	2.0
86.56	3.0
87.14	4.0
87.7	1.0
88.28	2.0
88.86	3.0
89.43	4.0
89.98	1.0
90.56	2.0
91.13	3.0
91.71	4.0
92.27	1.0
92.89	2.0
93.44	3.0
94.0	4.0
94.57	1.0
95.14	2.0
95.73	3.0
96.31	4.0
96.88	1.0
97.45	2.0
98.03	3.0
98.62	4.0
99.17	1.0
99.73	2.0
100.32	3.0
100.9	4.0
101.47	1.0
102.04	2.0
102.59	3.0
103.16	4.0
103.72	1.0
104.31	2.0
104.9	3.0
105.47	4.0
106.03	1.0
106.62	2.0
107.18	3.0
107.76	4.0
108.31	1.0
108.91	2.0
109.49	3.0
110.06	4.0
110.61	1.0
111.18	2.0
111.76	3.0
112.34	4.0
112.89	1.0
113.45	2.0
114.0	3.0
114.58	4.0
115.13	1.0
115.74	2.0
116.3	3.0
116.86	4.0
117.44	1.0
118.0	2.0
118.57	3.0
119.14	4.0
119.7	1.0
120.27	2.0
120.84	3.0
121.42	4.0
121.98	1.0
122.57	2.0
123.14	3.0
123.7	4.0
124.27	1.0
124.86	2.0
125.41	3.0
125.97	4.0
126.52	1.0
127.09	2.0
127.66	3.0
128.23	4.0
128.8	1.0
129.39	2.0
129.95	3.0
130.51	4.0
131.06	1.0
131.63	2.0
132.16	3.0
132.73	4.0
133.3	1.0
133.89	2.0
134.44	3.0
135.02	4.0
135.57	1.0
136.15	2.0
136.73	3.0
137.29	4.0
137.85	1.0
138.43	2.0
138.99	3.0
139.57	4.0
140.14	1.0
140.7	2.0
141.27	3.0
141.82	4.0
142.39	1.0
142.97	2.0
143.53	3.0
144.09	4.0
144.65	1.0
145.23	2.0
145.8	3.0
146.37	4.0
146.93	1.0
147.5	2.0
148.05	3.0
148.61	4.0
149.18	1.0
149.76	2.0
150.31	3.0
150.88	4.0
151.43	1.0
152.0	2.0
152.55	3.0
153.11	4.0
153.68	1.0
154.25	2.0
154.8	3.0
155.35	4.0
155.9	1.0
156.49	2.0
157.04	3.0
157.61	4.0
158.15	1.0
158.72	2.0
159.28	3.0
159.83	4.0
160.41	1.0
160.99	2.0
161.55	3.0
162.12	4.0
162.67	1.0
163.25	2.0
163.8	3.0
164.35	4.0
164.91	1.0
165.46	2.0
166.02	3.0
166.57	4.0
167.12	1.0
167.7	2.0
168.26	3.0
168.81	4.0
169.35	1.0
169.91	2.0
170.47	3.0
171.01	4.0
171.58	1.0
172.14	2.0
172.69	3.0
173.23	4.0
173.8	1.0
174.36	2.0
174.91	3.0
175.45	4.0
175.99	1.0
176.54	2.0
177.09	3.0
177.64	4.0
178.19	1.0
178.74	2.0
179.3	3.0
179.85	4.0
180.41	1.0
181.22	2.0
182.04	3.0
182.88	4.0
183.71	1.0
184.53	2.0
185.35	3.0
185.9	4.0
186.44	1.0
186.99	2.0
187.55	3.0
188.1	4.0
188.65	1.0
189.21	2.0
189.75	3.0
190.3	4.0
190.83	1.0
191.39	2.0
191.91	3.0
192.46	4.0
193.03	1.0
193.56	2.0
194.12	3.0
194.67	4.0
195.22	1.0
195.77	2.0
196.31	3.0
196.85	4.0
197.41	1.0
197.96	2.0
198.52	3.0
199.08	4.0
199.63	1.0
200.18	2.0
200.72	3.0
201.27	4.0
201.81	1.0
202.37	2.0
202.92	3.0
203.47	4.0
204.04	1.0
204.6	2.0
205.15	3.0
205.7	4.0
206.22	1.0
206.75	2.0
207.31	3.0
207.83	4.0
208.38	1.0
208.93	2.0
209.42	3.0
209.95	4.0
210.44	1.0
210.95	2.0
211.49	3.0
212.02	4.0
212.57	1.0
213.14	2.0
213.7	3.0
214.27	4.0
214.8	1.0
215.36	2.0
215.97	3.0
216.55	4.0
217.09	1.0
217.64	2.0
218.17	3.0
218.73	4.0
219.27	1.0
219.88	2.0
220.45	3.0
221.02	4.0
221.57	1.0
222.15	2.0
222.73	3.0
223.3	4.0
223.86	1.0
224.43	2.0
225.0	3.0
225.57	4.0
226.12	1.0
226.69	2.0
227.24	3.0
227.81	4.0
228.38	1.0
228.96	2.0
229.52	3.0
230.08	4.0
230.64	1.0
231.2	2.0
231.78	3.0
232.34	4.0
232.9	1.0
233.46	2.0
234.02	3.0
234.58	4.0
235.13	1.0
235.7	2.0
236.24	3.0
236.78	4.0
237.35	1.0
237.92	2.0
238.47	3.0
239.02	4.0
239.58	1.0
240.15	2.0
240.72	3.0
241.28	4.0
241.83	1.0
242.4	2.0
242.94	3.0
243.51	4.0
244.06	1.0
244.62	2.0
245.18	3.0
245.73	4.0
246.29	1.0
246.88	2.0
247.42	3.0
247.98	4.0
248.54	1.0
249.11	2.0
249.66	3.0
250.23	4.0
250.78	1.0
251.36	2.0
251.92	3.0
252.48	4.0
253.03	1.0
253.6	2.0
254.15	3.0
254.71	4.0
255.27	1.0
255.81	2.0
256.38	3.0
256.93	4.0
257.51	1.0
258.08	2.0
258.64	3.0
259.19	4.0
259.75	1.0
260.32	2.0
260.88	3.0
261.43	4.0
261.97	1.0
262.53	2.0
263.09	3.0
263.64	4.0
264.23	1.0
264.8	2.0
265.36	3.0
265.91	4.0
266.46	1.0
267.03	2.0
267.59	3.0
268.13	4.0
268.72	1.0
269.26	2.0
269.77	3.0
270.3	4.0
270.84	1.0
271.38	2.0
271.93	3.0
272.48	4.0
273.03	1.0
273.59	2.0
274.14	3.0
274.69	4.0
275.23	1.0
275.78	2.0
276.34	3.0
276.88	4.0
277.44	1.0
277.99	2.0
278.55	3.0
279.1	4.0
279.67	1.0
280.21	2.0
280.77	3.0
281.31	4.0
281.87	1.0
282.42	2.0
282.97	3.0
283.51	4.0
284.07	1.0
284.65	2.0
285.2	3.0
285.76	4.0
286.31	1.0
286.85	2.0
287.39	3.0
287.93	4.0
288.47	1.0
289.01	2.0
289.55	3.0
290.09	4.0
290.65	1.0
291.23	2.0
291.77	3.0
292.33	4.0
292.87	1.0
293.42	2.0
293.96	3.0
294.51	4.0
295.07	1.0
295.62	2.0
296.17	3.0
296.71	4.0
297.27	1.0
297.82	2.0
298.38	3.0
298.94	4.0
299.49	1.0
300.04	2.0
300.58	3.0
301.13	4.0
301.68	1.0
302.22	2.0
302.78	3.0
303.32	4.0
303.88	1.0
304.44	2.0
305.0	3.0
305.55	4.0
306.1	1.0
306.65	2.0
307.24	3.0
307.77	4.0
308.38	1.0
308.94	2.0
309.51	3.0
310.09	4.0
310.7	1.0
311.25	2.0
311.74	3.0
312.26	4.0
312.81	1.0
313.31	2.0
313.85	3.0
314.35	4.0
314.89	1.0
315.39	2.0
315.89	3.0
316.39	4.0
