5.29	2.0
5.98	3.0
6.6	4.0
7.25	1.0
7.9	2.0
8.57	3.0
9.19	4.0
9.86	1.0
10.49	2.0
11.16	3.0
11.81	4.0
12.46	1.0
13.1	2.0
13.76	3.0
14.42	4.0
15.09	1.0
15.77	2.0
16.42	3.0
17.04	4.0
17.69	1.0
18.37	2.0
19.04	3.0
19.7	4.0
20.36	1.0
21.03	2.0
21.72	3.0
22.35	4.0
23.06	1.0
23.71	2.0
24.39	3.0
25.05	4.0
25.71	1.0
26.38	2.0
27.04	3.0
27.73	4.0
28.41	1.0
29.09	2.0
29.74	3.0
30.44	4.0
31.09	1.0
31.78	2.0
32.46	3.0
33.13	4.0
33.78	1.0
34.48	2.0
35.14	3.0
35.83	4.0
36.48	1.0
37.18	2.0
37.86	3.0
38.53	4.0
39.23	1.0
39.88	2.0
40.57	3.0
41.24	4.0
41.9	1.0
42.58	2.0
43.26	3.0
43.94	4.0
44.63	1.0
45.3	2.0
46.0	3.0
46.65	4.0
47.37	1.0
48.04	2.0
48.73	3.0
49.39	4.0
50.07	1.0
50.74	2.0
51.45	3.0
52.1	4.0
52.8	1.0
53.47	2.0
54.16	3.0
54.82	4.0
55.54	1.0
56.21	2.0
56.9	3.0
57.56	4.0
58.25	1.0
58.88	2.0
59.59	3.0
60.29	4.0
60.99	1.0
61.68	2.0
62.38	3.0
63.03	4.0
63.7	1.0
64.38	2.0
65.08	3.0
65.74	4.0
66.43	1.0
67.11	2.0
67.81	3.0
68.46	4.0
69.14	1.0
69.79	2.0
70.48	3.0
71.14	4.0
71.84	1.0
72.53	2.0
73.22	3.0
73.88	4.0
74.57	1.0
75.22	2.0
75.9	3.0
76.57	4.0
77.25	1.0
77.92	2.0
78.65	3.0
79.33	4.0
80.05	1.0
80.72	2.0
81.44	3.0
82.11	4.0
82.8	1.0
83.48	2.0
84.17	3.0
84.85	4.0
85.53	1.0
86.22	2.0
86.91	3.0
87.59	4.0
88.29	1.0
88.95	2.0
89.65	3.0
90.34	4.0
91.06	1.0
91.74	2.0
92.45	3.0
93.13	4.0
93.82	1.0
94.52	2.0
95.2	3.0
95.86	4.0
96.55	1.0
97.25	2.0
97.94	3.0
98.62	4.0
99.31	1.0
100.0	2.0
100.69	3.0
101.39	4.0
102.08	1.0
102.76	2.0
103.45	3.0
104.13	4.0
104.82	1.0
105.51	2.0
106.2	3.0
106.87	4.0
107.59	1.0
108.29	2.0
108.98	3.0
109.71	4.0
110.35	1.0
111.04	2.0
111.75	3.0
112.47	4.0
113.14	1.0
113.83	2.0
114.53	3.0
115.2	4.0
115.91	1.0
116.61	2.0
117.29	3.0
117.96	4.0
118.67	1.0
119.37	2.0
120.07	3.0
120.75	4.0
121.47	1.0
122.17	2.0
122.87	3.0
123.57	4.0
124.27	1.0
124.97	2.0
125.66	3.0
126.34	4.0
127.05	1.0
127.74	2.0
128.43	3.0
129.11	4.0
129.81	1.0
130.53	2.0
131.22	3.0
131.94	4.0
132.65	1.0
133.32	2.0
134.02	3.0
134.71	4.0
135.44	1.0
136.13	2.0
136.84	3.0
137.53	4.0
138.23	1.0
138.91	2.0
139.62	3.0
140.29	4.0
141.01	1.0
141.71	2.0
142.4	3.0
143.09	4.0
143.77	1.0
144.46	2.0
145.15	3.0
145.84	4.0
146.57	1.0
147.26	2.0
147.96	3.0
148.65	4.0
149.34	1.0
150.03	2.0
150.72	3.0
151.41	4.0
152.13	1.0
152.81	2.0
153.51	3.0
154.2	4.0
154.94	1.0
155.64	2.0
156.33	3.0
157.02	4.0
157.74	1.0
158.41	2.0
159.12	3.0
159.82	4.0
160.51	1.0
161.21	2.0
161.9	3.0
162.56	4.0
163.26	1.0
163.97	2.0
164.66	3.0
165.38	4.0
166.05	1.0
166.72	2.0
167.42	3.0
168.09	4.0
168.78	1.0
169.47	2.0
170.16	3.0
170.82	4.0
171.51	1.0
172.21	2.0
172.92	3.0
173.63	4.0
174.34	1.0
175.02	2.0
175.72	3.0
176.4	4.0
177.12	1.0
177.83	2.0
178.55	3.0
179.23	4.0
179.94	1.0
180.62	2.0
181.32	3.0
182.02	4.0
182.76	1.0
183.46	2.0
184.17	3.0
184.88	4.0
185.58	1.0
186.29	2.0
187.0	3.0
187.69	4.0
188.42	1.0
189.13	2.0
189.85	3.0
190.55	4.0
191.26	1.0
191.97	2.0
192.64	3.0
193.33	4.0
194.02	1.0
194.71	2.0
195.4	3.0
196.13	4.0
196.83	1.0
197.53	2.0
198.23	3.0
198.94	4.0
199.65	1.0
200.37	2.0
201.07	3.0
201.8	4.0
202.5	1.0
203.17	2.0
203.88	3.0
204.6	4.0
205.29	1.0
206.0	2.0
206.71	3.0
207.44	4.0
208.13	1.0
208.84	2.0
209.55	3.0
210.28	4.0
210.96	1.0
211.68	2.0
212.4	3.0
213.1	4.0
213.79	1.0
214.52	2.0
215.24	3.0
215.93	4.0
216.64	1.0
217.31	2.0
218.03	3.0
218.72	4.0
219.43	1.0
220.12	2.0
220.81	3.0
221.5	4.0
222.21	1.0
222.93	2.0
223.63	3.0
224.3	4.0
225.02	1.0
225.73	2.0
226.43	3.0
227.15	4.0
227.84	1.0
228.55	2.0
229.24	3.0
229.94	4.0
230.62	1.0
231.34	2.0
232.04	3.0
232.77	4.0
233.45	1.0
234.18	2.0
234.87	3.0
235.58	4.0
236.3	1.0
236.99	2.0
237.72	3.0
238.44	4.0
239.13	1.0
239.85	2.0
240.56	3.0
241.24	4.0
241.96	1.0
242.65	2.0
243.35	3.0
244.08	4.0
244.78	1.0
245.51	2.0
246.17	3.0
246.91	4.0
247.6	1.0
248.31	2.0
249.0	3.0
249.69	4.0
250.37	1.0
251.1	2.0
251.78	3.0
252.49	4.0
253.18	1.0
253.88	2.0
254.62	3.0
255.41	4.0
256.25	1.0
257.02	2.0
257.82	3.0
258.63	4.0
259.43	1.0
260.19	2.0
261.02	3.0
261.77	4.0
262.57	1.0
263.5	2.0
264.42	3.0
265.39	4.0
266.3	1.0
267.23	2.0
268.17	3.0
269.17	4.0
270.09	1.0
271.16	2.0
272.18	3.0
273.17	4.0
274.18	1.0
275.12	2.0
276.11	3.0
277.04	4.0
278.03	1.0
278.98	2.0
279.91	3.0
280.85	4.0
281.83	1.0
282.72	2.0
283.71	3.0
284.62	4.0
285.56	1.0
286.55	2.0
287.46	3.0
288.46	4.0
289.5	1.0
290.48	2.0
291.42	3.0
292.32	4.0
293.27	1.0
294.27	2.0
295.18	3.0
296.15	4.0
297.07	1.0
297.95	2.0
298.85	3.0
299.67	4.0
300.48	1.0
301.3	2.0
302.15	3.0
302.94	4.0
303.73	1.0
304.48	2.0
305.28	3.0
305.95	4.0
306.55	1.0
307.11	2.0
307.69	3.0
308.28	4.0
308.84	1.0
309.39	2.0
309.93	3.0
310.45	4.0
310.99	1.0
311.55	2.0
312.1	3.0
312.61	4.0
313.17	1.0
313.75	2.0
314.3	3.0
314.88	4.0
315.5	1.0
316.08	2.0
316.66	3.0
317.24	4.0
317.83	1.0
318.38	2.0
318.94	3.0
319.47	4.0
320.02	1.0
320.61	2.0
321.18	3.0
321.76	4.0
322.32	1.0
322.89	2.0
323.46	3.0
324.03	4.0
324.58	1.0
325.14	2.0
325.72	3.0
326.28	4.0
326.88	1.0
327.51	2.0
328.18	3.0
328.91	4.0
329.58	1.0
330.29	2.0
330.96	3.0
331.64	4.0
332.3	1.0
333.0	2.0
333.66	3.0
334.33	4.0
335.0	1.0
335.66	2.0
336.32	3.0
336.98	4.0
337.65	1.0
338.34	2.0
339.07	3.0
339.81	4.0
340.53	1.0
341.29	2.0
342.06	3.0
342.91	4.0
343.81	1.0
344.74	2.0
345.61	3.0
346.54	4.0
347.45	1.0
348.31	2.0
349.2	3.0
350.08	4.0
350.98	1.0
351.87	2.0
352.75	3.0
353.72	4.0
354.59	1.0
355.51	2.0
356.39	3.0
357.22	4.0
358.08	1.0
358.93	2.0
359.68	3.0
360.45	4.0
361.26	1.0
362.06	2.0
362.82	3.0
363.65	4.0
364.42	1.0
365.22	2.0
365.96	3.0
366.76	4.0
367.55	1.0
368.3	2.0
369.12	3.0
369.8	4.0
370.47	1.0
371.13	2.0
371.83	3.0
372.55	4.0
373.25	1.0
374.03	2.0
374.76	3.0
375.5	4.0
376.22	1.0
377.01	2.0
377.74	3.0
