0.36	1.0
1.06	2.0
1.76	3.0
2.44	4.0
3.14	1.0
3.84	2.0
4.52	3.0
5.22	4.0
5.93	1.0
6.66	2.0
7.39	3.0
8.1	4.0
8.85	1.0
9.62	2.0
10.31	3.0
11.06	4.0
11.78	1.0
12.48	2.0
13.18	3.0
13.89	4.0
14.61	1.0
15.32	2.0
16.05	3.0
16.73	4.0
17.46	1.0
18.19	2.0
18.92	3.0
19.65	4.0
20.38	1.0
21.12	2.0
21.89	3.0
22.68	4.0
23.4	1.0
24.14	2.0
24.89	3.0
25.59	4.0
26.34	1.0
27.05	2.0
27.82	3.0
28.55	4.0
29.24	1.0
29.92	2.0
30.67	3.0
31.38	4.0
32.13	1.0
32.85	2.0
33.58	3.0
34.35	4.0
35.09	1.0
35.83	2.0
36.54	3.0
37.28	4.0
38.01	1.0
38.72	2.0
39.45	3.0
40.23	4.0
40.95	1.0
41.69	2.0
42.42	3.0
43.13	4.0
43.87	1.0
44.62	2.0
45.36	3.0
46.08	4.0
46.81	1.0
47.53	2.0
48.27	3.0
49.02	4.0
49.75	1.0
50.51	2.0
51.2	3.0
51.91	4.0
52.62	1.0
53.34	2.0
54.07	3.0
54.8	4.0
55.5	1.0
56.24	2.0
56.95	3.0
57.69	4.0
58.38	1.0
59.1	2.0
59.84	3.0
60.59	4.0
61.31	1.0
62.04	2.0
62.77	3.0
63.5	4.0
64.21	1.0
64.93	2.0
65.64	3.0
66.36	4.0
67.11	1.0
67.84	2.0
68.57	3.0
69.27	4.0
70.0	1.0
70.71	2.0
71.41	3.0
72.16	4.0
72.86	1.0
73.58	2.0
74.28	3.0
74.99	4.0
75.7	1.0
76.41	2.0
77.14	3.0
77.82	4.0
78.53	1.0
79.27	2.0
79.96	3.0
80.7	4.0
81.43	1.0
82.15	2.0
82.87	3.0
83.61	4.0
84.33	1.0
85.07	2.0
85.79	3.0
86.51	4.0
87.2	1.0
87.92	2.0
88.62	3.0
89.35	4.0
90.04	1.0
90.77	2.0
91.46	3.0
92.19	4.0
92.92	1.0
93.67	2.0
94.42	3.0
95.14	4.0
95.85	1.0
96.61	2.0
97.35	3.0
98.05	4.0
98.77	1.0
99.51	2.0
100.26	3.0
100.98	4.0
101.73	1.0
102.46	2.0
103.24	3.0
104.02	4.0
104.83	1.0
105.62	2.0
106.35	3.0
107.08	4.0
107.8	1.0
108.54	2.0
109.3	3.0
110.02	4.0
110.8	1.0
111.49	2.0
112.25	3.0
112.97	4.0
113.71	1.0
114.46	2.0
115.22	3.0
115.96	4.0
116.68	1.0
117.44	2.0
118.16	3.0
118.86	4.0
119.56	1.0
120.29	2.0
121.0	3.0
121.75	4.0
122.45	1.0
123.19	2.0
123.94	3.0
124.64	4.0
125.36	1.0
126.09	2.0
126.81	3.0
127.56	4.0
128.3	1.0
129.06	2.0
129.81	3.0
130.56	4.0
131.27	1.0
132.02	2.0
132.74	3.0
133.46	4.0
134.2	1.0
134.94	2.0
135.68	3.0
136.41	4.0
137.11	1.0
137.84	2.0
138.55	3.0
139.29	4.0
140.0	1.0
140.72	2.0
141.46	3.0
142.21	4.0
142.94	1.0
143.69	2.0
144.41	3.0
145.15	4.0
145.85	1.0
146.59	2.0
147.3	3.0
148.04	4.0
148.77	1.0
149.52	2.0
150.23	3.0
150.95	4.0
151.68	1.0
152.42	2.0
153.13	3.0
153.87	4.0
154.59	1.0
155.31	2.0
156.03	3.0
156.75	4.0
157.48	1.0
158.22	2.0
158.93	3.0
159.63	4.0
160.36	1.0
161.12	2.0
161.82	3.0
162.56	4.0
163.3	1.0
164.04	2.0
164.76	3.0
165.52	4.0
166.23	1.0
166.97	2.0
167.73	3.0
168.42	4.0
169.16	1.0
169.88	2.0
170.61	3.0
171.3	4.0
172.02	1.0
172.72	2.0
173.42	3.0
174.13	4.0
174.86	1.0
175.56	2.0
176.26	3.0
176.98	4.0
177.68	1.0
178.39	2.0
179.09	3.0
179.78	4.0
180.52	1.0
181.26	2.0
181.96	3.0
182.73	4.0
183.44	1.0
184.19	2.0
184.88	3.0
185.6	4.0
186.3	1.0
187.03	2.0
187.71	3.0
188.43	4.0
189.14	1.0
189.87	2.0
190.58	3.0
191.31	4.0
192.03	1.0
192.75	2.0
193.51	3.0
194.25	4.0
194.97	1.0
195.71	2.0
196.43	3.0
197.16	4.0
197.89	1.0
198.62	2.0
199.38	3.0
200.18	4.0
200.94	1.0
201.68	2.0
202.44	3.0
203.12	4.0
203.87	1.0
204.59	2.0
205.31	3.0
206.02	4.0
206.74	1.0
207.48	2.0
208.21	3.0
208.91	4.0
209.64	1.0
210.38	2.0
211.11	3.0
211.84	4.0
212.58	1.0
213.31	2.0
214.06	3.0
214.77	4.0
215.46	1.0
216.2	2.0
216.89	3.0
217.6	4.0
218.35	1.0
219.05	2.0
219.77	3.0
220.5	4.0
221.23	1.0
221.95	2.0
222.65	3.0
223.34	4.0
224.07	1.0
224.81	2.0
225.53	3.0
226.24	4.0
226.95	1.0
227.67	2.0
228.36	3.0
229.06	4.0
229.75	1.0
230.46	2.0
231.14	3.0
231.85	4.0
232.54	1.0
233.27	2.0
233.98	3.0
234.69	4.0
235.41	1.0
236.14	2.0
236.86	3.0
237.57	4.0
238.32	1.0
239.04	2.0
239.75	3.0
240.46	4.0
241.16	1.0
241.87	2.0
242.61	3.0
243.32	4.0
244.03	1.0
244.77	2.0
245.45	3.0
246.21	4.0
246.91	1.0
247.66	2.0
248.37	3.0
249.1	4.0
249.81	1.0
250.54	2.0
251.26	3.0
251.98	4.0
252.71	1.0
253.42	2.0
254.12	3.0
254.85	4.0
255.57	1.0
256.3	2.0
256.99	3.0
257.71	4.0
258.42	1.0
259.15	2.0
259.87	3.0
260.59	4.0
261.28	1.0
262.01	2.0
262.73	3.0
263.44	4.0
264.14	1.0
264.85	2.0
265.58	3.0
266.26	4.0
266.95	1.0
267.64	2.0
268.36	3.0
269.1	4.0
269.8	1.0
270.51	2.0
271.2	3.0
271.89	4.0
272.6	1.0
273.31	2.0
274.02	3.0
274.74	4.0
275.48	1.0
276.24	2.0
277.03	3.0
277.88	4.0
278.73	1.0
279.52	2.0
280.4	3.0
281.32	4.0
282.28	1.0
283.25	2.0
284.16	3.0
285.08	4.0
