1.39	1.0
2.35	2.0
3.28	3.0
4.24	4.0
5.22	1.0
6.13	2.0
7.09	3.0
8.06	4.0
8.98	1.0
9.8	2.0
10.62	3.0
11.41	4.0
12.23	1.0
13.03	2.0
13.78	3.0
14.63	4.0
15.41	1.0
16.25	2.0
17.0	3.0
17.8	4.0
18.62	1.0
19.44	2.0
20.38	3.0
21.32	4.0
22.31	1.0
23.29	2.0
24.24	3.0
25.14	4.0
26.1	1.0
27.06	2.0
27.97	3.0
28.95	4.0
29.87	1.0
30.8	2.0
31.75	3.0
32.66	4.0
33.57	1.0
34.46	2.0
35.41	3.0
36.28	4.0
37.16	1.0
38.11	2.0
38.97	3.0
39.86	4.0
40.8	1.0
41.69	2.0
42.6	3.0
43.55	4.0
44.46	1.0
45.28	2.0
46.1	3.0
46.93	4.0
47.73	1.0
48.56	2.0
49.35	3.0
50.18	4.0
51.0	1.0
51.81	2.0
52.6	3.0
53.42	4.0
54.23	1.0
55.05	2.0
55.86	3.0
56.68	4.0
57.52	1.0
58.35	2.0
59.16	3.0
59.98	4.0
60.82	1.0
61.65	2.0
62.43	3.0
63.23	4.0
64.04	1.0
64.8	2.0
65.62	3.0
66.44	4.0
67.24	1.0
68.02	2.0
68.83	3.0
69.64	4.0
70.46	1.0
71.26	2.0
72.07	3.0
72.85	4.0
73.67	1.0
74.49	2.0
75.3	3.0
76.15	4.0
76.96	1.0
77.79	2.0
78.61	3.0
79.42	4.0
80.23	1.0
81.05	2.0
81.85	3.0
82.68	4.0
83.48	1.0
84.29	2.0
85.09	3.0
85.89	4.0
86.7	1.0
87.51	2.0
88.32	3.0
89.13	4.0
89.93	1.0
90.76	2.0
91.54	3.0
92.33	4.0
93.15	1.0
93.96	2.0
94.78	3.0
95.61	4.0
96.39	1.0
97.15	2.0
97.98	3.0
98.77	4.0
99.6	1.0
100.4	2.0
101.21	3.0
102.02	4.0
102.84	1.0
103.63	2.0
104.46	3.0
105.31	4.0
106.14	1.0
106.96	2.0
107.79	3.0
108.6	4.0
109.42	1.0
110.24	2.0
111.06	3.0
111.88	4.0
112.7	1.0
113.51	2.0
114.32	3.0
115.15	4.0
115.98	1.0
116.8	2.0
117.62	3.0
118.43	4.0
119.22	1.0
120.01	2.0
120.84	3.0
121.65	4.0
122.46	1.0
123.28	2.0
124.09	3.0
124.93	4.0
125.76	1.0
126.55	2.0
127.36	3.0
128.2	4.0
129.03	1.0
129.85	2.0
130.67	3.0
131.47	4.0
132.27	1.0
133.1	2.0
133.92	3.0
134.73	4.0
135.51	1.0
136.31	2.0
137.14	3.0
137.94	4.0
138.76	1.0
139.57	2.0
140.39	3.0
141.23	4.0
142.06	1.0
142.84	2.0
143.65	3.0
144.5	4.0
145.34	1.0
146.17	2.0
146.97	3.0
147.78	4.0
148.59	1.0
149.43	2.0
150.25	3.0
151.04	4.0
151.86	1.0
152.66	2.0
153.47	3.0
154.3	4.0
155.13	1.0
155.94	2.0
156.75	3.0
157.59	4.0
158.4	1.0
159.21	2.0
160.04	3.0
160.82	4.0
161.63	1.0
162.46	2.0
163.27	3.0
164.07	4.0
164.88	1.0
165.66	2.0
166.45	3.0
167.27	4.0
168.08	1.0
168.89	2.0
169.71	3.0
170.52	4.0
171.36	1.0
172.16	2.0
172.96	3.0
173.79	4.0
174.61	1.0
175.45	2.0
176.29	3.0
177.11	4.0
177.97	1.0
178.82	2.0
179.67	3.0
180.5	4.0
181.38	1.0
182.26	2.0
183.24	3.0
