0.51	1.0
1.2	2.0
1.86	3.0
2.58	4.0
3.27	1.0
3.95	2.0
4.63	3.0
5.3	4.0
5.97	1.0
6.65	2.0
7.3	3.0
7.98	4.0
8.62	1.0
9.29	2.0
9.95	3.0
10.59	4.0
11.26	1.0
11.93	2.0
12.59	3.0
13.25	4.0
13.9	1.0
14.56	2.0
15.24	3.0
15.91	4.0
16.59	1.0
17.21	2.0
17.87	3.0
18.52	4.0
19.17	1.0
19.84	2.0
20.48	3.0
21.14	4.0
21.79	1.0
22.45	2.0
23.1	3.0
23.75	4.0
24.39	1.0
25.05	2.0
25.7	3.0
26.37	4.0
27.02	1.0
27.68	2.0
28.32	3.0
28.99	4.0
29.64	1.0
30.32	2.0
30.98	3.0
31.63	4.0
32.29	1.0
32.97	2.0
33.6	3.0
34.27	4.0
34.9	1.0
35.56	2.0
36.21	3.0
36.86	4.0
37.54	1.0
38.2	2.0
38.84	3.0
39.5	4.0
40.15	1.0
40.78	2.0
41.46	3.0
42.12	4.0
42.77	1.0
43.43	2.0
44.09	3.0
44.78	4.0
45.44	1.0
46.11	2.0
46.75	3.0
47.42	4.0
48.09	1.0
48.73	2.0
49.4	3.0
50.06	4.0
50.7	1.0
51.35	2.0
52.01	3.0
52.65	4.0
53.28	1.0
53.96	2.0
54.61	3.0
55.27	4.0
55.9	1.0
56.56	2.0
57.2	3.0
57.87	4.0
58.56	1.0
59.21	2.0
59.85	3.0
60.51	4.0
61.14	1.0
61.84	2.0
62.49	3.0
63.11	4.0
63.76	1.0
64.42	2.0
65.07	3.0
65.72	4.0
66.36	1.0
67.03	2.0
67.65	3.0
68.28	4.0
68.93	1.0
69.6	2.0
70.24	3.0
70.88	4.0
71.51	1.0
72.18	2.0
72.82	3.0
73.49	4.0
74.15	1.0
74.79	2.0
75.42	3.0
76.08	4.0
76.72	1.0
77.41	2.0
78.05	3.0
78.71	4.0
79.36	1.0
80.0	2.0
80.63	3.0
81.28	4.0
81.91	1.0
82.55	2.0
83.19	3.0
83.84	4.0
84.47	1.0
85.15	2.0
85.79	3.0
86.43	4.0
87.08	1.0
87.74	2.0
88.38	3.0
89.04	4.0
89.69	1.0
90.35	2.0
91.0	3.0
91.66	4.0
92.31	1.0
92.96	2.0
93.59	3.0
94.24	4.0
94.86	1.0
95.51	2.0
96.14	3.0
96.78	4.0
97.43	1.0
98.08	2.0
98.76	3.0
99.42	4.0
100.05	1.0
100.71	2.0
101.36	3.0
102.01	4.0
102.64	1.0
103.28	2.0
103.92	3.0
104.59	4.0
105.24	1.0
105.9	2.0
106.56	3.0
107.23	4.0
107.87	1.0
108.53	2.0
109.17	3.0
109.82	4.0
110.46	1.0
111.12	2.0
111.75	3.0
112.42	4.0
113.06	1.0
113.73	2.0
114.37	3.0
115.03	4.0
115.66	1.0
116.33	2.0
116.95	3.0
117.62	4.0
118.25	1.0
118.89	2.0
119.53	3.0
120.19	4.0
120.83	1.0
121.5	2.0
122.12	3.0
122.77	4.0
123.38	1.0
124.04	2.0
124.67	3.0
125.33	4.0
125.98	1.0
126.64	2.0
127.24	3.0
127.89	4.0
128.52	1.0
129.16	2.0
129.79	3.0
130.48	4.0
131.12	1.0
131.77	2.0
132.39	3.0
133.07	4.0
133.73	1.0
134.36	2.0
135.0	3.0
135.65	4.0
136.28	1.0
136.92	2.0
137.54	3.0
138.19	4.0
138.83	1.0
139.46	2.0
140.1	3.0
140.76	4.0
141.4	1.0
142.04	2.0
142.68	3.0
143.32	4.0
143.96	1.0
144.59	2.0
145.24	3.0
145.89	4.0
146.55	1.0
147.19	2.0
147.84	3.0
148.49	4.0
149.12	1.0
149.75	2.0
150.39	3.0
151.04	4.0
151.67	1.0
152.3	2.0
152.94	3.0
153.59	4.0
154.22	1.0
154.87	2.0
155.5	3.0
156.16	4.0
156.78	1.0
157.43	2.0
158.07	3.0
158.71	4.0
159.32	1.0
159.96	2.0
160.57	3.0
161.2	4.0
161.83	1.0
162.48	2.0
163.11	3.0
163.77	4.0
164.4	1.0
165.05	2.0
165.67	3.0
166.33	4.0
166.96	1.0
167.61	2.0
168.24	3.0
168.87	4.0
169.5	1.0
170.15	2.0
170.79	3.0
171.45	4.0
172.09	1.0
172.75	2.0
173.38	3.0
174.03	4.0
174.68	1.0
175.32	2.0
175.96	3.0
176.61	4.0
177.27	1.0
177.93	2.0
178.55	3.0
179.2	4.0
179.83	1.0
180.46	2.0
181.08	3.0
181.74	4.0
182.38	1.0
183.03	2.0
183.64	3.0
184.3	4.0
184.94	1.0
185.6	2.0
186.24	3.0
186.89	4.0
187.53	1.0
188.16	2.0
188.78	3.0
189.42	4.0
190.06	1.0
190.68	2.0
191.33	3.0
191.96	4.0
192.61	1.0
193.27	2.0
193.9	3.0
194.57	4.0
195.19	1.0
195.82	2.0
196.45	3.0
197.09	4.0
197.72	1.0
198.38	2.0
199.03	3.0
199.67	4.0
200.32	1.0
200.98	2.0
201.61	3.0
202.26	4.0
202.88	1.0
203.55	2.0
204.18	3.0
204.82	4.0
205.44	1.0
206.08	2.0
206.72	3.0
207.34	4.0
207.99	1.0
208.65	2.0
209.28	3.0
209.91	4.0
210.55	1.0
211.19	2.0
211.83	3.0
212.47	4.0
213.1	1.0
213.74	2.0
214.38	3.0
215.01	4.0
215.65	1.0
216.3	2.0
216.94	3.0
217.58	4.0
218.21	1.0
218.87	2.0
219.51	3.0
220.14	4.0
220.77	1.0
221.43	2.0
222.07	3.0
222.7	4.0
223.33	1.0
223.95	2.0
224.56	3.0
225.19	4.0
225.8	1.0
226.45	2.0
227.09	3.0
227.71	4.0
228.34	1.0
228.97	2.0
229.59	3.0
230.22	4.0
230.84	1.0
231.5	2.0
232.13	3.0
232.77	4.0
233.39	1.0
234.02	2.0
234.64	3.0
235.29	4.0
235.91	1.0
236.56	2.0
237.19	3.0
237.82	4.0
238.44	1.0
239.08	2.0
239.71	3.0
240.35	4.0
240.98	1.0
241.63	2.0
242.27	3.0
242.9	4.0
243.52	1.0
244.14	2.0
244.77	3.0
245.4	4.0
246.02	1.0
246.65	2.0
247.29	3.0
247.92	4.0
248.54	1.0
249.18	2.0
249.8	3.0
250.43	4.0
251.05	1.0
251.7	2.0
252.33	3.0
252.97	4.0
253.6	1.0
254.24	2.0
254.86	3.0
255.49	4.0
256.12	1.0
256.76	2.0
257.4	3.0
258.02	4.0
258.66	1.0
259.29	2.0
259.93	3.0
260.57	4.0
261.22	1.0
261.85	2.0
262.48	3.0
263.12	4.0
263.75	1.0
264.39	2.0
265.01	3.0
265.63	4.0
266.26	1.0
266.91	2.0
267.54	3.0
268.17	4.0
268.81	1.0
269.45	2.0
270.07	3.0
270.71	4.0
271.34	1.0
271.98	2.0
272.62	3.0
273.26	4.0
273.89	1.0
274.53	2.0
275.17	3.0
275.82	4.0
276.46	1.0
277.09	2.0
277.73	3.0
278.37	4.0
279.03	1.0
279.66	2.0
280.28	3.0
280.93	4.0
281.57	1.0
282.22	2.0
282.87	3.0
283.49	4.0
284.11	1.0
284.75	2.0
285.4	3.0
286.04	4.0
286.67	1.0
287.31	2.0
287.96	3.0
288.61	4.0
289.24	1.0
289.88	2.0
290.51	3.0
291.15	4.0
291.79	1.0
292.44	2.0
293.08	3.0
293.72	4.0
294.34	1.0
294.99	2.0
295.63	3.0
296.27	4.0
296.9	1.0
297.55	2.0
298.18	3.0
298.81	4.0
299.45	1.0
300.1	2.0
300.74	3.0
301.39	4.0
302.0	1.0
302.64	2.0
303.27	3.0
303.92	4.0
304.56	1.0
305.21	2.0
