0.24	1.0
0.83	2.0
1.45	3.0
2.03	4.0
2.63	1.0
3.25	2.0
3.82	3.0
4.43	4.0
5.04	1.0
5.61	2.0
6.21	3.0
6.77	4.0
7.33	1.0
7.89	2.0
8.48	3.0
9.04	4.0
9.58	1.0
10.14	2.0
10.72	3.0
11.27	4.0
11.81	1.0
12.39	2.0
12.96	3.0
13.51	4.0
14.04	1.0
14.61	2.0
15.19	3.0
15.74	4.0
16.28	1.0
16.85	2.0
17.42	3.0
17.96	4.0
18.49	1.0
19.05	2.0
19.62	3.0
20.15	4.0
20.69	1.0
21.26	2.0
21.82	3.0
22.35	4.0
22.92	1.0
23.5	2.0
24.06	3.0
24.62	4.0
25.17	1.0
25.73	2.0
26.29	3.0
26.85	4.0
27.39	1.0
27.97	2.0
28.52	3.0
29.08	4.0
29.63	1.0
30.2	2.0
30.76	3.0
31.3	4.0
31.85	1.0
32.4	2.0
32.95	3.0
33.52	4.0
34.06	1.0
34.63	2.0
35.2	3.0
35.75	4.0
36.29	1.0
36.87	2.0
37.42	3.0
37.99	4.0
38.51	1.0
39.08	2.0
39.63	3.0
40.18	4.0
40.73	1.0
41.3	2.0
41.85	3.0
42.41	4.0
42.96	1.0
43.52	2.0
44.06	3.0
44.6	4.0
45.12	1.0
45.7	2.0
46.25	3.0
46.78	4.0
47.38	1.0
47.96	2.0
48.52	3.0
49.11	4.0
49.69	1.0
50.24	2.0
50.79	3.0
51.32	4.0
51.89	1.0
52.49	2.0
53.06	3.0
53.61	4.0
54.16	1.0
54.73	2.0
55.29	3.0
55.84	4.0
56.37	1.0
56.94	2.0
57.51	3.0
58.08	4.0
58.63	1.0
59.2	2.0
59.75	3.0
60.29	4.0
60.83	1.0
61.38	2.0
61.94	3.0
62.5	4.0
63.05	1.0
63.59	2.0
64.13	3.0
64.67	4.0
65.21	1.0
65.73	2.0
66.28	3.0
66.85	4.0
67.47	1.0
68.05	2.0
68.59	3.0
69.17	4.0
69.76	1.0
70.32	2.0
70.88	3.0
71.39	4.0
71.94	1.0
72.49	2.0
73.02	3.0
73.57	4.0
74.1	1.0
74.65	2.0
75.19	3.0
75.74	4.0
76.26	1.0
76.82	2.0
77.34	3.0
77.91	4.0
78.46	1.0
79.01	2.0
79.54	3.0
80.09	4.0
80.63	1.0
81.18	2.0
81.71	3.0
82.25	4.0
82.78	1.0
83.34	2.0
83.87	3.0
84.42	4.0
84.96	1.0
85.5	2.0
86.01	3.0
86.51	4.0
87.05	1.0
87.6	2.0
88.13	3.0
88.69	4.0
89.18	1.0
89.7	2.0
90.22	3.0
90.73	4.0
91.25	1.0
91.8	2.0
92.34	3.0
92.89	4.0
93.4	1.0
93.91	2.0
94.43	3.0
94.93	4.0
95.47	1.0
96.05	2.0
96.61	3.0
97.16	4.0
97.72	1.0
98.27	2.0
98.83	3.0
99.36	4.0
99.91	1.0
100.46	2.0
101.02	3.0
101.57	4.0
102.11	1.0
102.66	2.0
103.2	3.0
103.75	4.0
104.28	1.0
104.84	2.0
105.4	3.0
105.94	4.0
106.47	1.0
107.01	2.0
107.58	3.0
108.11	4.0
108.64	1.0
109.2	2.0
109.74	3.0
110.28	4.0
110.82	1.0
111.38	2.0
111.93	3.0
112.48	4.0
113.02	1.0
113.59	2.0
114.13	3.0
114.69	4.0
115.23	1.0
115.78	2.0
116.32	3.0
116.85	4.0
117.39	1.0
117.95	2.0
118.5	3.0
119.05	4.0
119.58	1.0
120.14	2.0
120.68	3.0
121.2	4.0
121.74	1.0
122.29	2.0
122.84	3.0
123.4	4.0
123.94	1.0
124.47	2.0
125.02	3.0
125.53	4.0
126.06	1.0
126.63	2.0
127.16	3.0
127.68	4.0
128.25	1.0
128.85	2.0
129.39	3.0
129.98	4.0
130.55	1.0
131.12	2.0
131.67	3.0
132.18	4.0
132.75	1.0
133.32	2.0
133.85	3.0
134.41	4.0
134.95	1.0
135.5	2.0
136.03	3.0
136.57	4.0
137.1	1.0
137.65	2.0
138.18	3.0
138.71	4.0
139.25	1.0
139.82	2.0
140.34	3.0
140.88	4.0
141.42	1.0
141.98	2.0
142.52	3.0
143.06	4.0
143.61	1.0
144.17	2.0
144.7	3.0
145.26	4.0
145.79	1.0
146.35	2.0
146.89	3.0
147.43	4.0
147.97	1.0
148.52	2.0
149.07	3.0
149.62	4.0
150.15	1.0
150.66	2.0
151.17	3.0
151.68	4.0
152.22	1.0
152.77	2.0
153.32	3.0
153.88	4.0
154.41	1.0
154.94	2.0
155.48	3.0
156.01	4.0
156.57	1.0
157.12	2.0
157.65	3.0
158.21	4.0
158.74	1.0
159.25	2.0
159.75	3.0
160.25	4.0
160.78	1.0
161.34	2.0
161.88	3.0
162.41	4.0
162.92	1.0
163.43	2.0
163.96	3.0
164.5	4.0
165.03	1.0
165.59	2.0
166.12	3.0
166.67	4.0
167.17	1.0
167.69	2.0
168.2	3.0
168.73	4.0
169.26	1.0
