1.4	1.0
1.89	2.0
2.36	3.0
2.83	4.0
3.34	1.0
3.84	2.0
4.32	3.0
4.78	4.0
5.24	1.0
5.72	2.0
6.2	3.0
6.7	4.0
7.18	1.0
7.67	2.0
8.15	3.0
8.64	4.0
9.13	1.0
9.62	2.0
10.11	3.0
10.61	4.0
11.1	1.0
11.58	2.0
12.07	3.0
12.56	4.0
13.05	1.0
13.55	2.0
14.03	3.0
14.53	4.0
15.01	1.0
15.5	2.0
16.0	3.0
16.49	4.0
16.97	1.0
17.44	2.0
17.93	3.0
18.42	4.0
18.89	1.0
19.37	2.0
19.84	3.0
20.32	4.0
20.79	1.0
21.29	2.0
21.77	3.0
22.26	4.0
22.75	1.0
23.24	2.0
23.72	3.0
24.21	4.0
24.69	1.0
25.17	2.0
25.66	3.0
26.15	4.0
26.64	1.0
27.12	2.0
27.6	3.0
28.09	4.0
28.58	1.0
29.07	2.0
29.56	3.0
30.05	4.0
30.54	1.0
31.02	2.0
31.51	3.0
32.0	4.0
32.48	1.0
32.97	2.0
33.47	3.0
33.96	4.0
34.44	1.0
34.93	2.0
35.41	3.0
35.9	4.0
36.39	1.0
36.89	2.0
37.39	3.0
37.88	4.0
38.38	1.0
38.87	2.0
39.36	3.0
39.85	4.0
40.34	1.0
40.85	2.0
41.34	3.0
41.84	4.0
42.33	1.0
42.81	2.0
43.32	3.0
43.8	4.0
44.3	1.0
44.78	2.0
45.29	3.0
45.77	4.0
46.26	1.0
46.75	2.0
47.24	3.0
47.73	4.0
48.22	1.0
48.72	2.0
49.19	3.0
49.69	4.0
50.16	1.0
50.66	2.0
51.14	3.0
51.61	4.0
52.1	1.0
52.6	2.0
53.08	3.0
53.58	4.0
54.06	1.0
54.54	2.0
55.03	3.0
55.51	4.0
56.01	1.0
56.5	2.0
56.99	3.0
57.48	4.0
57.98	1.0
58.47	2.0
58.95	3.0
59.44	4.0
59.94	1.0
60.43	2.0
60.92	3.0
61.4	4.0
61.9	1.0
62.39	2.0
62.87	3.0
63.37	4.0
63.86	1.0
64.36	2.0
64.85	3.0
65.35	4.0
65.86	1.0
66.34	2.0
66.81	3.0
67.3	4.0
67.79	1.0
68.29	2.0
68.78	3.0
69.28	4.0
69.76	1.0
70.26	2.0
70.75	3.0
71.24	4.0
71.74	1.0
72.22	2.0
72.71	3.0
73.21	4.0
73.69	1.0
74.18	2.0
74.68	3.0
75.16	4.0
75.66	1.0
76.14	2.0
76.63	3.0
77.12	4.0
77.61	1.0
78.1	2.0
78.59	3.0
79.08	4.0
79.56	1.0
80.05	2.0
80.54	3.0
81.02	4.0
81.5	1.0
82.0	2.0
82.51	3.0
82.98	4.0
83.46	1.0
83.97	2.0
84.45	3.0
84.95	4.0
85.44	1.0
85.93	2.0
86.41	3.0
86.9	4.0
87.4	1.0
87.89	2.0
88.36	3.0
88.87	4.0
89.37	1.0
89.84	2.0
90.34	3.0
90.82	4.0
91.32	1.0
91.81	2.0
92.29	3.0
92.78	4.0
93.28	1.0
93.77	2.0
94.25	3.0
94.74	4.0
95.24	1.0
95.73	2.0
96.22	3.0
96.71	4.0
97.2	1.0
97.68	2.0
98.17	3.0
98.66	4.0
99.15	1.0
99.63	2.0
100.12	3.0
100.62	4.0
101.11	1.0
101.6	2.0
102.09	3.0
102.59	4.0
103.07	1.0
103.56	2.0
104.05	3.0
104.53	4.0
105.03	1.0
105.53	2.0
106.03	3.0
106.51	4.0
107.0	1.0
107.48	2.0
107.98	3.0
108.48	4.0
108.97	1.0
109.46	2.0
109.96	3.0
110.45	4.0
110.93	1.0
111.43	2.0
111.91	3.0
112.41	4.0
112.9	1.0
113.38	2.0
113.85	3.0
114.32	4.0
114.81	1.0
115.32	2.0
115.81	3.0
116.29	4.0
116.8	1.0
117.28	2.0
117.76	3.0
118.25	4.0
118.76	1.0
119.24	2.0
119.72	3.0
120.22	4.0
120.71	1.0
121.2	2.0
121.68	3.0
122.16	4.0
122.67	1.0
123.16	2.0
123.65	3.0
124.13	4.0
124.63	1.0
125.12	2.0
125.6	3.0
126.1	4.0
126.58	1.0
127.08	2.0
127.58	3.0
128.08	4.0
128.57	1.0
129.03	2.0
129.53	3.0
130.05	4.0
130.55	1.0
131.06	2.0
131.55	3.0
132.03	4.0
132.54	1.0
133.01	2.0
133.51	3.0
134.0	4.0
134.49	1.0
134.98	2.0
135.47	3.0
135.96	4.0
136.46	1.0
136.94	2.0
137.43	3.0
137.91	4.0
138.4	1.0
138.89	2.0
139.39	3.0
139.86	4.0
140.35	1.0
140.84	2.0
141.33	3.0
141.81	4.0
142.3	1.0
142.8	2.0
143.27	3.0
143.77	4.0
144.26	1.0
144.75	2.0
145.23	3.0
145.74	4.0
