0.5	1.0
1.02	2.0
1.52	3.0
2.03	4.0
2.52	1.0
3.0	2.0
3.49	3.0
3.98	4.0
4.49	1.0
5.0	2.0
5.51	3.0
6.01	4.0
6.51	1.0
7.03	2.0
7.53	3.0
8.03	4.0
8.54	1.0
9.06	2.0
9.58	3.0
10.09	4.0
10.59	1.0
11.1	2.0
11.61	3.0
12.1	4.0
12.57	1.0
13.07	2.0
13.58	3.0
14.08	4.0
14.59	1.0
15.11	2.0
15.62	3.0
16.13	4.0
16.64	1.0
17.16	2.0
17.67	3.0
18.17	4.0
18.68	1.0
19.18	2.0
19.7	3.0
20.2	4.0
20.68	1.0
21.19	2.0
21.71	3.0
22.22	4.0
22.72	1.0
23.24	2.0
23.76	3.0
24.27	4.0
24.78	1.0
25.3	2.0
25.82	3.0
26.33	4.0
26.84	1.0
27.35	2.0
27.87	3.0
28.36	4.0
28.85	1.0
29.36	2.0
29.87	3.0
30.37	4.0
30.88	1.0
31.39	2.0
31.92	3.0
32.41	4.0
32.92	1.0
33.44	2.0
33.94	3.0
34.41	4.0
34.92	1.0
35.41	2.0
35.91	3.0
36.42	4.0
36.92	1.0
37.44	2.0
37.95	3.0
38.46	4.0
38.98	1.0
39.48	2.0
39.98	3.0
40.46	4.0
40.97	1.0
41.48	2.0
41.99	3.0
42.49	4.0
43.0	1.0
43.51	2.0
44.03	3.0
44.54	4.0
45.05	1.0
45.57	2.0
46.08	3.0
46.59	4.0
47.11	1.0
47.62	2.0
48.14	3.0
48.65	4.0
49.16	1.0
49.69	2.0
50.21	3.0
50.72	4.0
51.23	1.0
51.75	2.0
52.27	3.0
52.77	4.0
53.3	1.0
53.83	2.0
54.35	3.0
54.86	4.0
55.38	1.0
55.9	2.0
56.43	3.0
56.93	4.0
57.42	1.0
57.95	2.0
58.48	3.0
58.98	4.0
59.5	1.0
60.02	2.0
60.54	3.0
61.06	4.0
61.58	1.0
62.1	2.0
62.61	3.0
63.13	4.0
63.65	1.0
64.18	2.0
64.69	3.0
65.2	4.0
65.7	1.0
66.18	2.0
66.71	3.0
67.22	4.0
67.73	1.0
68.25	2.0
68.78	3.0
69.3	4.0
69.81	1.0
70.33	2.0
70.84	3.0
71.35	4.0
71.87	1.0
72.37	2.0
72.89	3.0
73.39	4.0
73.89	1.0
74.43	2.0
74.92	3.0
75.43	4.0
75.95	1.0
76.46	2.0
76.96	3.0
77.47	4.0
77.97	1.0
78.48	2.0
79.02	3.0
79.53	4.0
80.04	1.0
80.54	2.0
81.07	3.0
81.6	4.0
82.11	1.0
82.63	2.0
83.17	3.0
83.68	4.0
84.2	1.0
84.73	2.0
85.24	3.0
85.77	4.0
86.28	1.0
86.8	2.0
87.32	3.0
87.83	4.0
88.34	1.0
88.86	2.0
89.39	3.0
89.91	4.0
90.42	1.0
90.94	2.0
91.46	3.0
91.97	4.0
92.49	1.0
93.01	2.0
93.53	3.0
94.04	4.0
94.57	1.0
95.1	2.0
95.62	3.0
96.14	4.0
96.68	1.0
97.2	2.0
97.72	3.0
98.25	4.0
98.77	1.0
99.29	2.0
99.81	3.0
100.33	4.0
100.85	1.0
101.37	2.0
101.9	3.0
102.39	4.0
102.89	1.0
103.43	2.0
103.95	3.0
104.46	4.0
104.99	1.0
105.51	2.0
106.03	3.0
106.54	4.0
107.09	1.0
107.62	2.0
108.15	3.0
108.67	4.0
109.2	1.0
109.73	2.0
110.26	3.0
110.76	4.0
111.27	1.0
111.81	2.0
112.35	3.0
112.87	4.0
113.38	1.0
113.92	2.0
114.44	3.0
114.96	4.0
115.5	1.0
116.02	2.0
116.55	3.0
117.07	4.0
117.61	1.0
118.14	2.0
118.68	3.0
119.19	4.0
119.73	1.0
120.27	2.0
120.81	3.0
121.33	4.0
121.86	1.0
122.39	2.0
122.92	3.0
123.42	4.0
123.95	1.0
124.49	2.0
125.0	3.0
125.52	4.0
126.04	1.0
126.55	2.0
127.05	3.0
127.57	4.0
128.08	1.0
128.62	2.0
129.14	3.0
129.66	4.0
130.16	1.0
130.66	2.0
131.17	3.0
131.68	4.0
132.18	1.0
132.71	2.0
133.24	3.0
133.75	4.0
134.27	1.0
134.8	2.0
135.32	3.0
135.83	4.0
136.35	1.0
136.87	2.0
137.41	3.0
137.91	4.0
138.45	1.0
138.98	2.0
139.51	3.0
140.06	4.0
140.58	1.0
141.1	2.0
141.63	3.0
142.16	4.0
142.68	1.0
143.2	2.0
143.73	3.0
144.25	4.0
144.77	1.0
145.3	2.0
145.84	3.0
146.35	4.0
146.89	1.0
147.41	2.0
147.92	3.0
148.42	4.0
148.92	1.0
149.47	2.0
150.0	3.0
150.51	4.0
151.04	1.0
151.59	2.0
152.11	3.0
152.64	4.0
153.16	1.0
153.68	2.0
154.22	3.0
154.75	4.0
155.28	1.0
155.81	2.0
156.33	3.0
156.86	4.0
157.39	1.0
157.92	2.0
158.46	3.0
158.98	4.0
159.51	1.0
160.04	2.0
160.58	3.0
161.09	4.0
161.59	1.0
162.11	2.0
162.65	3.0
163.17	4.0
163.7	1.0
164.23	2.0
164.76	3.0
165.25	4.0
165.76	1.0
166.3	2.0
166.84	3.0
167.37	4.0
167.89	1.0
168.42	2.0
168.96	3.0
169.49	4.0
170.03	1.0
170.57	2.0
171.1	3.0
171.63	4.0
172.17	1.0
172.69	2.0
173.23	3.0
173.75	4.0
174.29	1.0
174.83	2.0
175.36	3.0
175.89	4.0
176.43	1.0
176.95	2.0
177.48	3.0
177.99	4.0
178.53	1.0
179.07	2.0
179.6	3.0
180.11	4.0
180.64	1.0
181.14	2.0
181.65	3.0
182.16	4.0
182.68	1.0
183.22	2.0
183.75	3.0
184.28	4.0
184.81	1.0
185.32	2.0
185.82	3.0
186.33	4.0
186.85	1.0
187.38	2.0
187.91	3.0
188.43	4.0
188.97	1.0
189.49	2.0
190.0	3.0
190.52	4.0
191.03	1.0
191.57	2.0
192.11	3.0
192.63	4.0
193.15	1.0
193.66	2.0
194.19	3.0
194.69	4.0
195.2	1.0
195.72	2.0
196.24	3.0
196.77	4.0
197.29	1.0
