0.45	1.0
1.01	2.0
1.56	3.0
2.12	4.0
2.67	1.0
3.19	2.0
3.77	3.0
4.29	4.0
4.87	1.0
5.33	2.0
5.84	3.0
6.32	4.0
6.8	1.0
7.28	2.0
7.76	3.0
8.24	4.0
8.71	1.0
9.2	2.0
9.7	3.0
10.21	4.0
10.71	1.0
11.2	2.0
11.71	3.0
12.21	4.0
12.71	1.0
13.22	2.0
13.72	3.0
14.22	4.0
14.72	1.0
15.22	2.0
15.71	3.0
16.2	4.0
16.7	1.0
17.19	2.0
17.7	3.0
18.2	4.0
18.69	1.0
19.19	2.0
19.68	3.0
20.19	4.0
20.69	1.0
21.18	2.0
21.67	3.0
22.16	4.0
22.67	1.0
23.14	2.0
23.64	3.0
24.13	4.0
24.63	1.0
25.11	2.0
25.61	3.0
26.11	4.0
26.6	1.0
27.1	2.0
27.59	3.0
28.08	4.0
28.56	1.0
29.05	2.0
29.54	3.0
30.04	4.0
30.53	1.0
31.02	2.0
31.5	3.0
31.97	4.0
32.45	1.0
32.96	2.0
33.45	3.0
33.95	4.0
34.44	1.0
34.93	2.0
35.42	3.0
35.93	4.0
36.42	1.0
36.92	2.0
37.42	3.0
37.91	4.0
38.41	1.0
38.9	2.0
39.4	3.0
39.9	4.0
40.4	1.0
40.9	2.0
41.38	3.0
41.89	4.0
42.38	1.0
42.88	2.0
43.36	3.0
43.85	4.0
44.34	1.0
44.83	2.0
45.32	3.0
45.81	4.0
46.31	1.0
46.79	2.0
47.29	3.0
47.76	4.0
48.23	1.0
48.72	2.0
49.22	3.0
49.72	4.0
50.22	1.0
50.72	2.0
51.22	3.0
51.72	4.0
52.21	1.0
52.71	2.0
53.2	3.0
53.69	4.0
54.19	1.0
54.68	2.0
55.18	3.0
55.68	4.0
56.17	1.0
56.67	2.0
57.16	3.0
57.67	4.0
58.15	1.0
58.65	2.0
59.14	3.0
59.64	4.0
60.12	1.0
60.61	2.0
61.12	3.0
61.62	4.0
62.11	1.0
62.62	2.0
63.1	3.0
63.57	4.0
64.06	1.0
64.56	2.0
65.05	3.0
65.56	4.0
66.06	1.0
66.54	2.0
67.04	3.0
67.53	4.0
68.03	1.0
68.53	2.0
69.03	3.0
69.52	4.0
70.02	1.0
70.52	2.0
71.01	3.0
71.51	4.0
72.0	1.0
72.5	2.0
73.0	3.0
73.49	4.0
73.98	1.0
74.47	2.0
74.96	3.0
75.46	4.0
75.96	1.0
76.44	2.0
76.95	3.0
77.45	4.0
77.95	1.0
78.45	2.0
78.9	3.0
79.38	4.0
79.84	1.0
80.36	2.0
80.86	3.0
81.36	4.0
81.86	1.0
82.36	2.0
82.85	3.0
83.35	4.0
83.85	1.0
84.35	2.0
84.84	3.0
85.35	4.0
85.84	1.0
86.35	2.0
86.85	3.0
87.35	4.0
87.85	1.0
88.35	2.0
88.85	3.0
89.34	4.0
89.84	1.0
90.33	2.0
90.83	3.0
91.33	4.0
91.83	1.0
92.32	2.0
92.82	3.0
93.31	4.0
93.82	1.0
94.31	2.0
94.79	3.0
95.27	4.0
95.75	1.0
96.22	2.0
96.71	3.0
97.21	4.0
97.7	1.0
98.2	2.0
98.69	3.0
99.19	4.0
99.69	1.0
100.18	2.0
100.68	3.0
101.18	4.0
101.67	1.0
102.16	2.0
102.65	3.0
103.15	4.0
103.64	1.0
104.14	2.0
104.64	3.0
105.14	4.0
105.64	1.0
106.13	2.0
106.64	3.0
107.14	4.0
107.63	1.0
108.12	2.0
108.62	3.0
109.12	4.0
109.62	1.0
110.1	2.0
110.58	3.0
111.06	4.0
111.51	1.0
112.01	2.0
112.51	3.0
113.01	4.0
113.5	1.0
113.99	2.0
114.48	3.0
114.99	4.0
115.48	1.0
115.97	2.0
116.47	3.0
116.97	4.0
117.47	1.0
117.95	2.0
118.45	3.0
118.95	4.0
119.44	1.0
119.94	2.0
120.44	3.0
120.94	4.0
121.44	1.0
121.93	2.0
122.44	3.0
122.94	4.0
123.43	1.0
123.93	2.0
124.43	3.0
124.93	4.0
125.43	1.0
125.92	2.0
126.42	3.0
126.89	4.0
127.37	1.0
127.87	2.0
128.36	3.0
128.85	4.0
129.34	1.0
129.84	2.0
130.33	3.0
130.83	4.0
131.34	1.0
131.82	2.0
132.32	3.0
132.81	4.0
133.31	1.0
133.81	2.0
134.3	3.0
134.81	4.0
135.31	1.0
135.81	2.0
136.31	3.0
136.8	4.0
137.29	1.0
137.78	2.0
138.28	3.0
138.78	4.0
139.27	1.0
139.75	2.0
140.26	3.0
140.76	4.0
141.25	1.0
141.74	2.0
142.23	3.0
142.72	4.0
143.2	1.0
143.7	2.0
144.19	3.0
144.68	4.0
145.18	1.0
145.68	2.0
146.17	3.0
146.68	4.0
147.16	1.0
147.66	2.0
148.16	3.0
148.66	4.0
149.17	1.0
149.67	2.0
150.15	3.0
150.65	4.0
151.13	1.0
151.62	2.0
152.13	3.0
152.62	4.0
153.12	1.0
153.61	2.0
154.11	3.0
154.61	4.0
155.1	1.0
155.61	2.0
156.11	3.0
156.62	4.0
157.14	1.0
