0.48	2.0
0.79	3.0
1.11	4.0
1.43	1.0
1.76	2.0
2.07	3.0
2.38	4.0
2.69	1.0
2.99	2.0
3.3	3.0
3.6	4.0
3.9	1.0
4.21	2.0
4.51	3.0
4.81	4.0
5.12	1.0
5.43	2.0
5.73	3.0
6.05	4.0
6.36	1.0
6.67	2.0
6.97	3.0
7.29	4.0
7.59	1.0
7.9	2.0
8.21	3.0
8.52	4.0
8.83	1.0
9.14	2.0
9.44	3.0
9.75	4.0
10.06	1.0
10.37	2.0
10.67	3.0
10.98	4.0
11.29	1.0
11.6	2.0
11.9	3.0
12.2	4.0
12.51	1.0
12.82	2.0
13.12	3.0
13.44	4.0
13.74	1.0
14.06	2.0
14.36	3.0
14.68	4.0
14.98	1.0
15.29	2.0
15.6	3.0
15.91	4.0
16.22	1.0
16.53	2.0
16.84	3.0
17.16	4.0
17.46	1.0
17.77	2.0
18.06	3.0
18.38	4.0
18.69	1.0
19.0	2.0
19.3	3.0
19.62	4.0
19.92	1.0
20.24	2.0
20.54	3.0
20.86	4.0
21.17	1.0
21.48	2.0
21.79	3.0
22.1	4.0
22.41	1.0
22.71	2.0
23.03	3.0
23.34	4.0
23.65	1.0
23.96	2.0
24.27	3.0
24.58	4.0
24.89	1.0
25.19	2.0
25.51	3.0
25.82	4.0
26.13	1.0
26.44	2.0
26.74	3.0
27.06	4.0
27.37	1.0
27.68	2.0
27.99	3.0
28.3	4.0
28.61	1.0
28.92	2.0
29.22	3.0
29.53	4.0
29.84	1.0
30.15	2.0
30.46	3.0
30.77	4.0
31.08	1.0
31.4	2.0
31.7	3.0
32.02	4.0
32.32	1.0
32.64	2.0
32.94	3.0
33.26	4.0
33.56	1.0
33.87	2.0
34.18	3.0
34.5	4.0
34.81	1.0
35.12	2.0
35.43	3.0
35.74	4.0
36.05	1.0
36.37	2.0
36.67	3.0
36.99	4.0
37.29	1.0
37.61	2.0
37.91	3.0
38.23	4.0
38.53	1.0
38.85	2.0
39.16	3.0
39.47	4.0
39.78	1.0
40.09	2.0
40.4	3.0
40.72	4.0
41.03	1.0
41.35	2.0
41.67	3.0
41.99	4.0
42.3	1.0
42.61	2.0
42.93	3.0
43.24	4.0
43.55	1.0
43.86	2.0
44.17	3.0
44.49	4.0
44.8	1.0
45.12	2.0
45.43	3.0
45.74	4.0
46.05	1.0
46.37	2.0
46.67	3.0
46.98	4.0
47.29	1.0
47.61	2.0
47.91	3.0
48.23	4.0
48.54	1.0
48.85	2.0
49.15	3.0
49.47	4.0
49.78	1.0
50.09	2.0
50.39	3.0
50.71	4.0
51.01	1.0
51.32	2.0
51.63	3.0
51.94	4.0
52.24	1.0
52.55	2.0
52.86	3.0
53.17	4.0
53.48	1.0
53.79	2.0
54.09	3.0
54.41	4.0
54.71	1.0
55.02	2.0
55.33	3.0
55.64	4.0
55.95	1.0
56.26	2.0
56.56	3.0
56.87	4.0
57.18	1.0
57.49	2.0
57.79	3.0
58.11	4.0
58.42	1.0
58.73	2.0
59.03	3.0
59.35	4.0
59.65	1.0
59.96	2.0
60.27	3.0
60.58	4.0
60.89	1.0
61.19	2.0
61.5	3.0
61.81	4.0
62.12	1.0
62.43	2.0
62.74	3.0
63.05	4.0
63.36	1.0
63.67	2.0
63.98	3.0
64.29	4.0
64.6	1.0
64.91	2.0
65.21	3.0
65.53	4.0
65.84	1.0
66.15	2.0
66.45	3.0
66.77	4.0
67.07	1.0
67.38	2.0
67.69	3.0
68.01	4.0
68.31	1.0
68.62	2.0
68.93	3.0
69.24	4.0
69.55	1.0
69.86	2.0
70.17	3.0
70.48	4.0
70.79	1.0
71.1	2.0
71.41	3.0
71.72	4.0
72.03	1.0
72.34	2.0
72.65	3.0
72.96	4.0
73.27	1.0
73.59	2.0
73.91	3.0
74.23	4.0
74.54	1.0
74.85	2.0
75.16	3.0
75.47	4.0
75.78	1.0
76.09	2.0
76.4	3.0
76.72	4.0
77.02	1.0
77.34	2.0
77.65	3.0
77.96	4.0
78.27	1.0
78.58	2.0
78.88	3.0
79.2	4.0
79.5	1.0
79.81	2.0
80.1	3.0
80.42	4.0
80.73	1.0
81.04	2.0
81.34	3.0
81.66	4.0
81.96	1.0
82.28	2.0
82.58	3.0
82.9	4.0
83.2	1.0
83.51	2.0
83.82	3.0
84.13	4.0
84.44	1.0
84.75	2.0
85.06	3.0
85.37	4.0
85.68	1.0
86.0	2.0
86.3	3.0
86.62	4.0
86.93	1.0
87.23	2.0
87.55	3.0
87.86	4.0
88.16	1.0
88.48	2.0
88.78	3.0
89.09	4.0
89.4	1.0
89.71	2.0
90.01	3.0
90.32	4.0
90.62	1.0
90.92	2.0
91.22	3.0
91.53	4.0
91.84	1.0
92.15	2.0
92.46	3.0
92.77	4.0
93.07	1.0
93.38	2.0
93.69	3.0
94.0	4.0
94.31	1.0
94.62	2.0
94.93	3.0
95.24	4.0
95.54	1.0
95.85	2.0
96.15	3.0
96.46	4.0
96.77	1.0
97.08	2.0
97.39	3.0
97.7	4.0
98.01	1.0
98.31	2.0
98.62	3.0
98.93	4.0
99.24	1.0
99.54	2.0
99.84	3.0
100.15	4.0
100.44	1.0
100.75	2.0
101.06	3.0
101.37	4.0
101.68	1.0
101.98	2.0
102.29	3.0
102.59	4.0
102.9	1.0
103.2	2.0
103.5	3.0
103.81	4.0
104.11	1.0
104.42	2.0
104.73	3.0
105.05	4.0
105.35	1.0
105.66	2.0
105.97	3.0
106.28	4.0
106.6	1.0
106.91	2.0
107.21	3.0
107.53	4.0
107.83	1.0
108.14	2.0
108.45	3.0
108.76	4.0
109.08	1.0
109.38	2.0
109.68	3.0
109.99	4.0
110.28	1.0
110.59	2.0
110.9	3.0
111.2	4.0
111.51	1.0
111.83	2.0
112.14	3.0
112.44	4.0
112.76	1.0
113.06	2.0
113.37	3.0
113.68	4.0
113.99	1.0
114.3	2.0
114.61	3.0
114.92	4.0
115.23	1.0
115.55	2.0
115.87	3.0
116.18	4.0
116.5	1.0
116.8	2.0
117.11	3.0
117.43	4.0
117.74	1.0
118.05	2.0
118.35	3.0
118.67	4.0
118.98	1.0
119.29	2.0
119.6	3.0
119.91	4.0
120.22	1.0
120.53	2.0
120.84	3.0
121.15	4.0
121.46	1.0
121.77	2.0
122.08	3.0
122.39	4.0
122.69	1.0
123.0	2.0
123.31	3.0
123.62	4.0
123.94	1.0
124.25	2.0
124.55	3.0
124.86	4.0
125.17	1.0
125.47	2.0
125.77	3.0
126.09	4.0
126.39	1.0
126.71	2.0
127.01	3.0
127.33	4.0
127.63	1.0
127.94	2.0
128.24	3.0
128.55	4.0
128.85	1.0
129.16	2.0
129.47	3.0
129.78	4.0
130.09	1.0
130.4	2.0
130.7	3.0
131.02	4.0
131.32	1.0
131.64	2.0
131.94	3.0
132.25	4.0
132.56	1.0
132.88	2.0
133.18	3.0
133.49	4.0
133.8	1.0
134.1	2.0
134.41	3.0
134.72	4.0
135.03	1.0
135.34	2.0
135.65	3.0
135.95	4.0
136.27	1.0
136.57	2.0
136.88	3.0
137.19	4.0
137.5	1.0
137.81	2.0
138.12	3.0
138.43	4.0
138.74	1.0
139.04	2.0
139.35	3.0
139.66	4.0
139.97	1.0
140.28	2.0
140.58	3.0
140.89	4.0
141.2	1.0
141.51	2.0
141.82	3.0
142.13	4.0
142.45	1.0
142.75	2.0
143.06	3.0
143.37	4.0
143.68	1.0
143.99	2.0
144.29	3.0
144.6	4.0
144.91	1.0
145.22	2.0
145.53	3.0
145.83	4.0
146.14	1.0
146.45	2.0
146.76	3.0
147.07	4.0
147.38	1.0
147.69	2.0
148.0	3.0
148.31	4.0
148.63	1.0
148.92	2.0
149.23	3.0
149.54	4.0
149.84	1.0
150.16	2.0
150.47	3.0
150.77	4.0
151.09	1.0
151.4	2.0
151.7	3.0
152.02	4.0
152.33	1.0
152.64	2.0
152.94	3.0
153.25	4.0
153.56	1.0
153.87	2.0
154.18	3.0
154.49	4.0
154.8	1.0
155.1	2.0
155.39	3.0
155.7	4.0
156.02	1.0
156.32	2.0
156.64	3.0
156.94	4.0
157.25	1.0
157.56	2.0
157.87	3.0
158.19	4.0
158.5	1.0
158.81	2.0
159.12	3.0
159.43	4.0
159.73	1.0
160.05	2.0
160.36	3.0
160.66	4.0
160.98	1.0
161.28	2.0
161.6	3.0
