0.41	1.0
0.76	2.0
1.1	3.0
1.44	4.0
1.79	1.0
2.11	2.0
2.44	3.0
2.78	4.0
3.12	1.0
3.47	2.0
3.83	3.0
4.16	4.0
4.49	1.0
4.84	2.0
5.19	3.0
5.51	4.0
5.86	1.0
6.2	2.0
6.55	3.0
6.88	4.0
7.23	1.0
7.59	2.0
7.94	3.0
8.28	4.0
8.65	1.0
9.0	2.0
9.35	3.0
9.69	4.0
10.05	1.0
10.39	2.0
10.75	3.0
11.08	4.0
11.44	1.0
11.78	2.0
12.14	3.0
12.48	4.0
12.84	1.0
13.16	2.0
13.52	3.0
13.85	4.0
14.21	1.0
14.55	2.0
14.91	3.0
15.24	4.0
15.59	1.0
15.95	2.0
16.3	3.0
16.65	4.0
17.01	1.0
17.35	2.0
17.71	3.0
18.05	4.0
18.42	1.0
18.78	2.0
19.12	3.0
19.47	4.0
19.83	1.0
20.18	2.0
20.51	3.0
20.86	4.0
21.21	1.0
21.55	2.0
21.91	3.0
22.24	4.0
22.58	1.0
22.93	2.0
23.3	3.0
23.63	4.0
23.99	1.0
24.33	2.0
24.7	3.0
25.03	4.0
25.38	1.0
25.71	2.0
26.07	3.0
26.39	4.0
26.75	1.0
27.08	2.0
27.44	3.0
27.78	4.0
28.14	1.0
28.48	2.0
28.83	3.0
29.17	4.0
29.53	1.0
29.87	2.0
30.22	3.0
30.58	4.0
30.93	1.0
31.27	2.0
31.62	3.0
31.96	4.0
32.3	1.0
32.64	2.0
33.0	3.0
33.33	4.0
33.69	1.0
34.04	2.0
34.4	3.0
34.73	4.0
35.09	1.0
35.42	2.0
35.77	3.0
36.1	4.0
36.46	1.0
36.8	2.0
37.16	3.0
37.49	4.0
37.86	1.0
38.19	2.0
38.56	3.0
38.9	4.0
39.26	1.0
39.6	2.0
39.96	3.0
40.29	4.0
40.64	1.0
40.98	2.0
41.33	3.0
41.67	4.0
42.03	1.0
42.37	2.0
42.73	3.0
43.06	4.0
43.42	1.0
43.76	2.0
44.12	3.0
44.46	4.0
44.82	1.0
45.17	2.0
45.52	3.0
45.85	4.0
46.2	1.0
46.55	2.0
46.9	3.0
47.24	4.0
47.6	1.0
47.94	2.0
48.3	3.0
48.64	4.0
49.0	1.0
49.35	2.0
49.71	3.0
50.04	4.0
50.4	1.0
50.75	2.0
51.12	3.0
51.46	4.0
51.81	1.0
52.15	2.0
52.52	3.0
52.85	4.0
53.21	1.0
53.55	2.0
53.91	3.0
54.25	4.0
54.61	1.0
54.95	2.0
55.31	3.0
55.66	4.0
56.01	1.0
56.35	2.0
56.72	3.0
57.05	4.0
57.4	1.0
57.75	2.0
58.1	3.0
58.45	4.0
58.8	1.0
59.15	2.0
59.51	3.0
59.86	4.0
60.21	1.0
60.57	2.0
60.92	3.0
61.27	4.0
61.62	1.0
61.98	2.0
62.34	3.0
62.69	4.0
63.03	1.0
63.38	2.0
63.73	3.0
64.07	4.0
64.44	1.0
64.76	2.0
65.12	3.0
65.45	4.0
65.82	1.0
66.16	2.0
66.52	3.0
66.86	4.0
67.22	1.0
67.57	2.0
67.92	3.0
68.26	4.0
68.61	1.0
68.96	2.0
69.31	3.0
69.66	4.0
70.01	1.0
70.38	2.0
70.74	3.0
71.08	4.0
71.44	1.0
71.78	2.0
72.14	3.0
72.48	4.0
72.84	1.0
73.19	2.0
73.55	3.0
73.88	4.0
74.25	1.0
74.59	2.0
74.95	3.0
75.29	4.0
75.66	1.0
76.0	2.0
76.36	3.0
76.71	4.0
77.07	1.0
77.42	2.0
77.78	3.0
78.12	4.0
78.47	1.0
78.82	2.0
79.18	3.0
79.51	4.0
79.87	1.0
80.22	2.0
80.58	3.0
80.91	4.0
81.27	1.0
81.62	2.0
81.97	3.0
82.32	4.0
82.68	1.0
83.04	2.0
83.4	3.0
83.75	4.0
84.1	1.0
84.46	2.0
84.82	3.0
85.15	4.0
85.52	1.0
85.87	2.0
86.2	3.0
86.55	4.0
86.92	1.0
87.25	2.0
87.61	3.0
87.95	4.0
88.31	1.0
88.66	2.0
89.02	3.0
89.36	4.0
89.73	1.0
90.07	2.0
90.43	3.0
90.78	4.0
91.14	1.0
91.48	2.0
91.84	3.0
92.18	4.0
92.53	1.0
92.89	2.0
93.24	3.0
93.59	4.0
93.94	1.0
94.28	2.0
94.64	3.0
94.98	4.0
95.33	1.0
95.69	2.0
96.05	3.0
96.39	4.0
96.73	1.0
97.09	2.0
97.45	3.0
97.79	4.0
98.15	1.0
98.5	2.0
98.85	3.0
99.19	4.0
99.54	1.0
99.9	2.0
100.25	3.0
100.59	4.0
100.95	1.0
101.29	2.0
101.64	3.0
101.98	4.0
102.35	1.0
102.69	2.0
103.05	3.0
103.38	4.0
103.73	1.0
104.08	2.0
104.44	3.0
104.78	4.0
105.13	1.0
105.46	2.0
105.82	3.0
106.15	4.0
106.51	1.0
106.85	2.0
107.2	3.0
107.54	4.0
107.9	1.0
108.24	2.0
108.6	3.0
108.94	4.0
109.31	1.0
109.65	2.0
110.01	3.0
110.35	4.0
110.71	1.0
111.05	2.0
111.41	3.0
111.74	4.0
112.11	1.0
112.44	2.0
112.81	3.0
113.14	4.0
113.5	1.0
113.84	2.0
114.2	3.0
114.53	4.0
114.89	1.0
115.23	2.0
115.58	3.0
115.92	4.0
116.28	1.0
116.61	2.0
116.97	3.0
117.32	4.0
117.67	1.0
118.03	2.0
118.38	3.0
118.71	4.0
119.06	1.0
119.42	2.0
119.78	3.0
120.12	4.0
120.48	1.0
120.83	2.0
121.19	3.0
121.53	4.0
121.89	1.0
122.24	2.0
122.6	3.0
122.93	4.0
123.29	1.0
123.63	2.0
124.0	3.0
124.33	4.0
124.69	1.0
125.03	2.0
125.4	3.0
125.75	4.0
126.1	1.0
126.46	2.0
126.82	3.0
127.15	4.0
127.51	1.0
127.85	2.0
128.21	3.0
128.55	4.0
128.9	1.0
129.25	2.0
129.62	3.0
129.95	4.0
130.31	1.0
130.67	2.0
131.03	3.0
131.38	4.0
131.71	1.0
132.06	2.0
132.42	3.0
132.77	4.0
133.11	1.0
133.47	2.0
133.82	3.0
134.16	4.0
134.52	1.0
134.87	2.0
135.23	3.0
135.56	4.0
135.92	1.0
136.26	2.0
136.62	3.0
136.95	4.0
137.31	1.0
137.66	2.0
138.01	3.0
138.35	4.0
138.71	1.0
139.05	2.0
139.41	3.0
139.75	4.0
140.1	1.0
140.46	2.0
140.81	3.0
141.16	4.0
141.52	1.0
141.87	2.0
142.21	3.0
142.55	4.0
142.91	1.0
143.26	2.0
