0.57	1.0
0.92	2.0
1.26	3.0
1.59	4.0
1.93	1.0
2.27	2.0
2.6	3.0
2.94	4.0
3.28	1.0
3.63	2.0
3.95	3.0
4.28	4.0
4.62	1.0
4.95	2.0
5.29	3.0
5.63	4.0
5.95	1.0
6.31	2.0
6.62	3.0
6.96	4.0
7.28	1.0
7.62	2.0
7.96	3.0
8.3	4.0
8.62	1.0
8.96	2.0
9.31	3.0
9.64	4.0
9.97	1.0
10.31	2.0
10.64	3.0
10.99	4.0
11.32	1.0
11.67	2.0
12.0	3.0
12.34	4.0
12.66	1.0
13.01	2.0
13.35	3.0
13.68	4.0
14.02	1.0
14.36	2.0
14.7	3.0
15.04	4.0
15.39	1.0
15.73	2.0
16.06	3.0
16.41	4.0
16.75	1.0
17.08	2.0
17.42	3.0
17.77	4.0
18.09	1.0
18.43	2.0
18.77	3.0
19.12	4.0
19.45	1.0
19.8	2.0
20.14	3.0
20.48	4.0
20.82	1.0
21.16	2.0
21.49	3.0
21.83	4.0
22.18	1.0
22.51	2.0
22.86	3.0
23.19	4.0
23.53	1.0
23.87	2.0
24.21	3.0
24.55	4.0
24.9	1.0
25.24	2.0
25.57	3.0
25.92	4.0
26.25	1.0
26.59	2.0
26.95	3.0
27.27	4.0
27.62	1.0
27.96	2.0
28.31	3.0
28.64	4.0
28.98	1.0
29.32	2.0
29.65	3.0
30.0	4.0
30.33	1.0
30.69	2.0
31.01	3.0
31.35	4.0
31.67	1.0
32.01	2.0
32.35	3.0
32.69	4.0
33.02	1.0
33.36	2.0
33.69	3.0
34.04	4.0
34.38	1.0
34.71	2.0
35.05	3.0
35.39	4.0
35.74	1.0
36.07	2.0
36.41	3.0
36.76	4.0
37.09	1.0
37.42	2.0
37.75	3.0
38.1	4.0
38.43	1.0
38.77	2.0
39.1	3.0
39.44	4.0
39.78	1.0
40.12	2.0
40.45	3.0
40.8	4.0
41.13	1.0
41.47	2.0
41.81	3.0
42.16	4.0
42.49	1.0
42.84	2.0
43.17	3.0
43.51	4.0
43.85	1.0
44.19	2.0
44.54	3.0
44.87	4.0
45.2	1.0
45.54	2.0
45.88	3.0
46.22	4.0
46.57	1.0
46.9	2.0
47.24	3.0
47.58	4.0
47.93	1.0
48.27	2.0
48.61	3.0
48.95	4.0
49.28	1.0
49.63	2.0
49.97	3.0
50.3	4.0
50.65	1.0
50.98	2.0
51.32	3.0
51.66	4.0
52.01	1.0
52.34	2.0
52.69	3.0
53.03	4.0
53.37	1.0
53.71	2.0
54.05	3.0
54.38	4.0
54.73	1.0
55.06	2.0
55.41	3.0
55.73	4.0
56.08	1.0
56.41	2.0
56.76	3.0
57.09	4.0
57.43	1.0
57.78	2.0
58.12	3.0
58.46	4.0
58.81	1.0
59.13	2.0
59.48	3.0
59.82	4.0
60.16	1.0
60.5	2.0
60.85	3.0
61.19	4.0
61.51	1.0
61.86	2.0
62.21	3.0
62.54	4.0
62.89	1.0
63.22	2.0
63.56	3.0
63.89	4.0
64.22	1.0
64.56	2.0
64.91	3.0
65.24	4.0
65.58	1.0
65.92	2.0
66.26	3.0
66.6	4.0
66.94	1.0
67.28	2.0
67.61	3.0
67.95	4.0
68.29	1.0
68.63	2.0
68.96	3.0
69.3	4.0
69.63	1.0
69.97	2.0
70.31	3.0
70.65	4.0
70.99	1.0
71.32	2.0
71.66	3.0
72.0	4.0
72.34	1.0
72.68	2.0
73.04	3.0
73.36	4.0
73.7	1.0
74.05	2.0
74.39	3.0
74.73	4.0
75.06	1.0
75.41	2.0
75.75	3.0
76.09	4.0
76.42	1.0
76.76	2.0
77.1	3.0
77.45	4.0
77.78	1.0
78.12	2.0
78.47	3.0
78.8	4.0
79.16	1.0
79.49	2.0
79.83	3.0
80.16	4.0
80.5	1.0
80.85	2.0
81.19	3.0
81.54	4.0
81.88	1.0
82.22	2.0
82.58	3.0
82.9	4.0
83.24	1.0
83.59	2.0
83.93	3.0
84.27	4.0
84.6	1.0
84.95	2.0
85.29	3.0
85.64	4.0
85.98	1.0
86.33	2.0
86.67	3.0
87.02	4.0
87.35	1.0
87.69	2.0
88.03	3.0
88.38	4.0
88.72	1.0
89.06	2.0
89.41	3.0
89.75	4.0
90.08	1.0
90.41	2.0
90.75	3.0
91.1	4.0
91.44	1.0
91.78	2.0
92.13	3.0
92.47	4.0
92.81	1.0
93.15	2.0
93.49	3.0
93.83	4.0
94.17	1.0
94.51	2.0
94.84	3.0
95.18	4.0
95.51	1.0
95.85	2.0
96.2	3.0
96.55	4.0
96.88	1.0
97.22	2.0
97.55	3.0
97.89	4.0
98.22	1.0
98.56	2.0
98.89	3.0
99.23	4.0
99.56	1.0
99.89	2.0
100.22	3.0
100.56	4.0
100.9	1.0
101.24	2.0
101.58	3.0
101.92	4.0
102.25	1.0
102.6	2.0
102.93	3.0
103.27	4.0
103.62	1.0
103.95	2.0
104.29	3.0
104.63	4.0
104.97	1.0
105.31	2.0
105.64	3.0
105.99	4.0
106.33	1.0
106.66	2.0
107.0	3.0
107.34	4.0
107.68	1.0
108.02	2.0
108.37	3.0
108.71	4.0
109.04	1.0
109.39	2.0
109.72	3.0
110.07	4.0
110.4	1.0
110.75	2.0
111.09	3.0
111.43	4.0
111.76	1.0
112.11	2.0
112.46	3.0
112.81	4.0
113.14	1.0
113.49	2.0
113.84	3.0
114.18	4.0
114.52	1.0
114.86	2.0
115.21	3.0
115.54	4.0
115.88	1.0
116.22	2.0
116.58	3.0
116.91	4.0
117.26	1.0
117.6	2.0
117.93	3.0
118.28	4.0
118.63	1.0
118.97	2.0
119.32	3.0
119.66	4.0
120.01	1.0
120.35	2.0
120.71	3.0
121.04	4.0
121.37	1.0
121.72	2.0
122.06	3.0
122.39	4.0
122.73	1.0
123.09	2.0
123.42	3.0
123.76	4.0
124.09	1.0
124.44	2.0
124.77	3.0
125.1	4.0
125.44	1.0
125.77	2.0
126.11	3.0
126.47	4.0
126.79	1.0
127.14	2.0
127.48	3.0
127.82	4.0
128.16	1.0
128.49	2.0
128.84	3.0
129.18	4.0
129.51	1.0
129.85	2.0
130.19	3.0
130.52	4.0
130.85	1.0
131.19	2.0
131.53	3.0
131.87	4.0
132.21	1.0
132.55	2.0
132.88	3.0
133.22	4.0
133.56	1.0
133.9	2.0
134.23	3.0
134.55	4.0
134.89	1.0
135.24	2.0
135.58	3.0
135.9	4.0
136.25	1.0
136.58	2.0
136.92	3.0
