0.31	1.0
0.84	2.0
1.34	3.0
1.84	4.0
2.33	1.0
2.81	2.0
3.29	3.0
3.77	4.0
4.26	1.0
4.73	2.0
5.23	3.0
5.72	4.0
6.2	1.0
6.68	2.0
7.16	3.0
7.64	4.0
8.12	1.0
8.61	2.0
9.09	3.0
9.57	4.0
10.06	1.0
10.54	2.0
11.03	3.0
11.51	4.0
12.0	1.0
12.48	2.0
12.97	3.0
13.46	4.0
13.95	1.0
14.44	2.0
14.9	3.0
15.37	4.0
15.85	1.0
16.34	2.0
16.82	3.0
17.31	4.0
17.81	1.0
18.3	2.0
18.79	3.0
19.27	4.0
19.75	1.0
20.24	2.0
20.72	3.0
21.21	4.0
21.69	1.0
22.19	2.0
22.67	3.0
23.15	4.0
23.63	1.0
24.11	2.0
24.61	3.0
25.09	4.0
25.59	1.0
26.07	2.0
26.56	3.0
27.04	4.0
27.53	1.0
28.02	2.0
28.51	3.0
28.99	4.0
29.48	1.0
29.97	2.0
30.45	3.0
30.94	4.0
31.42	1.0
31.91	2.0
32.39	3.0
32.88	4.0
33.37	1.0
33.86	2.0
34.35	3.0
34.84	4.0
35.33	1.0
35.81	2.0
36.29	3.0
36.78	4.0
37.28	1.0
37.77	2.0
38.25	3.0
38.73	4.0
39.22	1.0
39.71	2.0
40.2	3.0
40.68	4.0
41.17	1.0
41.64	2.0
42.13	3.0
42.61	4.0
43.1	1.0
43.58	2.0
44.07	3.0
44.55	4.0
45.04	1.0
45.53	2.0
46.02	3.0
46.5	4.0
46.98	1.0
47.46	2.0
47.95	3.0
48.44	4.0
48.93	1.0
49.41	2.0
49.89	3.0
50.37	4.0
50.86	1.0
51.35	2.0
51.84	3.0
52.32	4.0
52.81	1.0
53.3	2.0
53.79	3.0
54.28	4.0
54.76	1.0
55.25	2.0
55.73	3.0
56.22	4.0
56.7	1.0
57.18	2.0
57.67	3.0
58.17	4.0
58.66	1.0
59.15	2.0
59.63	3.0
60.12	4.0
60.62	1.0
61.11	2.0
61.6	3.0
62.08	4.0
62.57	1.0
63.04	2.0
63.52	3.0
64.01	4.0
64.5	1.0
64.98	2.0
65.48	3.0
65.96	4.0
66.45	1.0
66.94	2.0
67.43	3.0
67.91	4.0
68.39	1.0
68.88	2.0
69.37	3.0
69.85	4.0
70.34	1.0
70.82	2.0
71.3	3.0
71.78	4.0
72.28	1.0
72.75	2.0
73.24	3.0
73.72	4.0
74.21	1.0
74.69	2.0
75.18	3.0
75.67	4.0
76.16	1.0
76.65	2.0
77.13	3.0
77.61	4.0
78.11	1.0
78.59	2.0
79.08	3.0
79.55	4.0
80.05	1.0
80.53	2.0
81.02	3.0
81.51	4.0
82.0	1.0
82.48	2.0
82.95	3.0
83.44	4.0
83.92	1.0
84.41	2.0
84.9	3.0
85.37	4.0
85.84	1.0
86.34	2.0
86.82	3.0
87.3	4.0
87.78	1.0
88.27	2.0
88.76	3.0
89.24	4.0
89.72	1.0
90.21	2.0
90.68	3.0
91.16	4.0
91.66	1.0
92.15	2.0
92.63	3.0
93.12	4.0
93.61	1.0
94.11	2.0
94.59	3.0
95.09	4.0
95.56	1.0
96.04	2.0
96.51	3.0
96.99	4.0
97.47	1.0
97.94	2.0
98.42	3.0
98.91	4.0
99.38	1.0
99.86	2.0
100.34	3.0
100.8	4.0
101.28	1.0
101.75	2.0
102.22	3.0
102.7	4.0
103.15	1.0
103.63	2.0
104.09	3.0
104.56	4.0
105.05	1.0
105.54	2.0
105.99	3.0
106.45	4.0
106.91	1.0
107.35	2.0
107.76	3.0
108.19	4.0
108.62	1.0
109.05	2.0
109.52	3.0
110.0	4.0
110.48	1.0
110.98	2.0
111.46	3.0
111.94	4.0
112.43	1.0
112.91	2.0
113.39	3.0
113.87	4.0
114.37	1.0
114.84	2.0
115.33	3.0
115.81	4.0
116.29	1.0
116.77	2.0
117.24	3.0
117.73	4.0
118.22	1.0
118.71	2.0
119.2	3.0
119.68	4.0
120.16	1.0
120.64	2.0
121.12	3.0
121.61	4.0
122.11	1.0
122.58	2.0
123.07	3.0
123.56	4.0
124.06	1.0
124.53	2.0
125.01	3.0
125.5	4.0
126.0	1.0
126.49	2.0
126.98	3.0
127.46	4.0
127.93	1.0
128.4	2.0
128.89	3.0
129.38	4.0
129.87	1.0
130.35	2.0
130.84	3.0
131.33	4.0
131.83	1.0
132.31	2.0
132.79	3.0
133.29	4.0
133.77	1.0
134.26	2.0
134.75	3.0
135.24	4.0
135.72	1.0
136.21	2.0
136.69	3.0
137.18	4.0
137.68	1.0
138.16	2.0
138.65	3.0
139.13	4.0
139.61	1.0
140.09	2.0
140.57	3.0
141.07	4.0
141.55	1.0
142.04	2.0
142.52	3.0
143.01	4.0
143.49	1.0
143.97	2.0
144.44	3.0
144.94	4.0
145.44	1.0
145.92	2.0
146.4	3.0
146.89	4.0
147.37	1.0
147.86	2.0
148.34	3.0
148.83	4.0
149.33	1.0
149.82	2.0
150.31	3.0
150.79	4.0
151.29	1.0
151.78	2.0
152.25	3.0
152.73	4.0
153.23	1.0
153.71	2.0
154.2	3.0
154.69	4.0
155.17	1.0
155.66	2.0
156.15	3.0
156.63	4.0
157.11	1.0
157.61	2.0
158.09	3.0
158.58	4.0
159.06	1.0
159.54	2.0
160.02	3.0
160.51	4.0
160.99	1.0
161.48	2.0
161.96	3.0
162.45	4.0
162.92	1.0
163.42	2.0
163.9	3.0
164.38	4.0
164.87	1.0
165.37	2.0
165.85	3.0
166.34	4.0
166.83	1.0
167.31	2.0
167.8	3.0
168.3	4.0
168.78	1.0
169.26	2.0
169.75	3.0
170.25	4.0
170.74	1.0
171.21	2.0
171.69	3.0
172.18	4.0
172.66	1.0
173.14	2.0
173.63	3.0
174.12	4.0
174.6	1.0
175.08	2.0
175.57	3.0
176.06	4.0
176.55	1.0
177.04	2.0
177.54	3.0
178.03	4.0
178.53	1.0
179.01	2.0
179.48	3.0
179.95	4.0
180.43	1.0
180.93	2.0
181.42	3.0
181.9	4.0
182.38	1.0
182.86	2.0
183.35	3.0
183.83	4.0
184.31	1.0
184.78	2.0
185.29	3.0
185.77	4.0
186.26	1.0
186.74	2.0
187.22	3.0
187.7	4.0
188.18	1.0
188.66	2.0
189.15	3.0
189.63	4.0
190.11	1.0
190.59	2.0
191.06	3.0
191.55	4.0
192.03	1.0
192.51	2.0
193.0	3.0
193.49	4.0
193.98	1.0
194.46	2.0
194.93	3.0
195.41	4.0
195.9	1.0
196.38	2.0
196.87	3.0
197.37	4.0
197.84	1.0
198.31	2.0
198.79	3.0
199.27	4.0
199.76	1.0
200.24	2.0
200.73	3.0
201.2	4.0
201.68	1.0
202.15	2.0
202.63	3.0
203.15	4.0
203.68	1.0
204.16	2.0
204.62	3.0
205.12	4.0
205.59	1.0
206.03	2.0
206.48	3.0
206.93	4.0
207.37	1.0
207.81	2.0
208.27	3.0
208.71	4.0
209.14	1.0
