0.18	1.0
0.77	2.0
1.35	3.0
1.92	4.0
2.51	1.0
3.09	2.0
3.66	3.0
4.25	4.0
4.82	1.0
5.4	2.0
5.98	3.0
6.56	4.0
7.14	1.0
7.73	2.0
8.31	3.0
8.89	4.0
9.46	1.0
10.03	2.0
10.61	3.0
11.2	4.0
11.78	1.0
12.36	2.0
12.94	3.0
13.52	4.0
14.09	1.0
14.67	2.0
15.26	3.0
15.83	4.0
16.41	1.0
17.0	2.0
17.58	3.0
18.16	4.0
18.73	1.0
19.3	2.0
19.89	3.0
20.46	4.0
21.05	1.0
21.63	2.0
22.21	3.0
22.77	4.0
23.37	1.0
23.94	2.0
24.53	3.0
25.1	4.0
25.68	1.0
26.27	2.0
26.84	3.0
27.42	4.0
28.0	1.0
28.54	2.0
29.15	3.0
29.73	4.0
30.32	1.0
30.9	2.0
31.48	3.0
32.04	4.0
32.64	1.0
33.21	2.0
33.8	3.0
34.37	4.0
34.95	1.0
35.54	2.0
36.12	3.0
36.7	4.0
37.27	1.0
37.85	2.0
38.43	3.0
39.01	4.0
39.59	1.0
40.17	2.0
40.75	3.0
41.34	4.0
41.91	1.0
42.48	2.0
43.07	3.0
43.64	4.0
44.22	1.0
44.79	2.0
45.39	3.0
45.97	4.0
46.54	1.0
47.12	2.0
47.69	3.0
48.27	4.0
48.85	1.0
49.44	2.0
50.02	3.0
50.6	4.0
51.17	1.0
51.76	2.0
52.34	3.0
52.91	4.0
53.5	1.0
54.08	2.0
54.66	3.0
55.24	4.0
55.81	1.0
56.39	2.0
56.97	3.0
57.54	4.0
58.12	1.0
58.72	2.0
59.29	3.0
59.88	4.0
60.45	1.0
61.01	2.0
61.6	3.0
62.19	4.0
62.76	1.0
63.34	2.0
63.93	3.0
64.51	4.0
65.08	1.0
65.66	2.0
66.25	3.0
66.82	4.0
67.4	1.0
67.99	2.0
68.56	3.0
69.14	4.0
69.71	1.0
70.29	2.0
70.86	3.0
71.45	4.0
72.04	1.0
72.62	2.0
73.2	3.0
73.79	4.0
74.36	1.0
74.93	2.0
75.51	3.0
76.09	4.0
76.67	1.0
77.25	2.0
77.83	3.0
78.42	4.0
78.99	1.0
79.57	2.0
80.15	3.0
80.74	4.0
81.31	1.0
81.89	2.0
82.46	3.0
83.06	4.0
83.63	1.0
84.2	2.0
84.78	3.0
85.36	4.0
85.94	1.0
86.53	2.0
87.1	3.0
87.68	4.0
88.26	1.0
88.82	2.0
89.42	3.0
89.99	4.0
90.58	1.0
91.17	2.0
91.74	3.0
92.33	4.0
92.89	1.0
93.46	2.0
94.04	3.0
94.62	4.0
95.21	1.0
95.79	2.0
96.37	3.0
96.95	4.0
97.52	1.0
98.1	2.0
98.69	3.0
99.26	4.0
99.85	1.0
100.42	2.0
101.01	3.0
101.6	4.0
102.17	1.0
102.75	2.0
103.32	3.0
103.9	4.0
104.48	1.0
105.07	2.0
105.64	3.0
106.24	4.0
106.81	1.0
107.38	2.0
107.96	3.0
108.54	4.0
109.12	1.0
109.7	2.0
110.28	3.0
110.87	4.0
111.44	1.0
112.01	2.0
112.6	3.0
113.17	4.0
113.76	1.0
114.34	2.0
114.91	3.0
115.48	4.0
116.07	1.0
116.65	2.0
117.23	3.0
117.8	4.0
118.39	1.0
118.98	2.0
119.55	3.0
120.14	4.0
120.71	1.0
121.28	2.0
121.87	3.0
122.44	4.0
123.03	1.0
123.59	2.0
124.18	3.0
124.76	4.0
125.34	1.0
125.92	2.0
126.51	3.0
127.07	4.0
127.65	1.0
128.25	2.0
128.82	3.0
129.41	4.0
129.97	1.0
130.56	2.0
131.13	3.0
131.71	4.0
132.29	1.0
132.87	2.0
133.46	3.0
134.06	4.0
134.61	1.0
135.17	2.0
135.76	3.0
136.35	4.0
136.93	1.0
137.5	2.0
138.09	3.0
138.68	4.0
139.25	1.0
139.83	2.0
140.4	3.0
140.97	4.0
141.57	1.0
142.15	2.0
142.73	3.0
143.28	4.0
143.88	1.0
144.46	2.0
145.05	3.0
145.62	4.0
146.21	1.0
146.78	2.0
147.36	3.0
147.95	4.0
148.52	1.0
149.1	2.0
149.67	3.0
150.25	4.0
150.84	1.0
151.42	2.0
152.0	3.0
152.59	4.0
153.15	1.0
153.74	2.0
154.32	3.0
154.88	4.0
155.47	1.0
156.06	2.0
156.63	3.0
157.23	4.0
157.8	1.0
158.38	2.0
158.95	3.0
159.53	4.0
160.11	1.0
160.69	2.0
161.27	3.0
161.85	4.0
162.42	1.0
162.98	2.0
163.59	3.0
164.16	4.0
164.75	1.0
165.33	2.0
165.9	3.0
166.48	4.0
167.06	1.0
167.64	2.0
168.22	3.0
168.79	4.0
169.38	1.0
169.96	2.0
170.54	3.0
171.12	4.0
171.7	1.0
172.27	2.0
172.86	3.0
173.43	4.0
174.02	1.0
174.57	2.0
175.17	3.0
175.73	4.0
176.32	1.0
176.91	2.0
177.48	3.0
178.06	4.0
178.65	1.0
179.23	2.0
179.81	3.0
180.39	4.0
180.97	1.0
181.53	2.0
182.12	3.0
182.7	4.0
183.28	1.0
183.87	2.0
184.44	3.0
185.02	4.0
185.61	1.0
186.18	2.0
186.75	3.0
187.34	4.0
187.92	1.0
188.5	2.0
189.09	3.0
189.66	4.0
190.24	1.0
190.83	2.0
191.4	3.0
191.97	4.0
192.55	1.0
193.14	2.0
193.72	3.0
194.31	4.0
194.89	1.0
195.46	2.0
196.03	3.0
196.61	4.0
197.2	1.0
197.78	2.0
198.35	3.0
198.93	4.0
199.51	1.0
200.09	2.0
200.67	3.0
201.24	4.0
201.83	1.0
202.41	2.0
202.99	3.0
203.57	4.0
204.14	1.0
204.73	2.0
205.3	3.0
205.88	4.0
206.46	1.0
207.04	2.0
207.62	3.0
208.2	4.0
208.77	1.0
209.36	2.0
209.94	3.0
210.52	4.0
211.1	1.0
211.67	2.0
212.26	3.0
212.84	4.0
213.42	1.0
214.01	2.0
214.57	3.0
215.15	4.0
215.74	1.0
216.31	2.0
216.88	3.0
217.48	4.0
218.06	1.0
218.64	2.0
219.21	3.0
219.78	4.0
220.38	1.0
220.96	2.0
221.53	3.0
222.12	4.0
222.69	1.0
223.26	2.0
223.85	3.0
224.42	4.0
225.01	1.0
225.59	2.0
226.17	3.0
226.76	4.0
227.33	1.0
227.89	2.0
228.49	3.0
229.06	4.0
229.63	1.0
230.21	2.0
230.8	3.0
231.36	4.0
231.97	1.0
232.54	2.0
233.12	3.0
233.7	4.0
234.28	1.0
234.86	2.0
235.44	3.0
236.01	4.0
236.59	1.0
237.17	2.0
237.75	3.0
238.33	4.0
238.91	1.0
239.49	2.0
240.07	3.0
240.65	4.0
241.23	1.0
241.8	2.0
242.39	3.0
242.96	4.0
243.55	1.0
244.13	2.0
244.71	3.0
245.29	4.0
245.86	1.0
246.44	2.0
247.03	3.0
247.6	4.0
248.18	1.0
248.75	2.0
249.34	3.0
249.92	4.0
250.5	1.0
251.08	2.0
251.66	3.0
252.24	4.0
252.81	1.0
253.39	2.0
253.98	3.0
254.57	4.0
255.14	1.0
255.71	2.0
256.3	3.0
256.87	4.0
257.45	1.0
258.05	2.0
258.61	3.0
259.2	4.0
259.77	1.0
260.35	2.0
260.93	3.0
261.51	4.0
262.09	1.0
262.67	2.0
263.25	3.0
263.85	4.0
264.41	1.0
264.98	2.0
265.57	3.0
266.15	4.0
266.73	1.0
267.28	2.0
267.89	3.0
268.46	4.0
269.04	1.0
269.62	2.0
270.2	3.0
270.77	4.0
271.36	1.0
271.93	2.0
272.53	3.0
273.09	4.0
273.66	1.0
274.25	2.0
274.84	3.0
275.41	4.0
276.0	1.0
276.57	2.0
277.15	3.0
277.73	4.0
278.32	1.0
278.89	2.0
279.47	3.0
280.04	4.0
280.63	1.0
281.22	2.0
281.79	3.0
282.37	4.0
282.94	1.0
283.53	2.0
284.11	3.0
284.69	4.0
285.27	1.0
285.87	2.0
286.43	3.0
287.0	4.0
287.58	1.0
288.16	2.0
288.75	3.0
289.31	4.0
289.9	1.0
290.48	2.0
291.05	3.0
291.63	4.0
292.2	1.0
292.8	2.0
293.38	3.0
293.95	4.0
294.53	1.0
