0.21	1.0
0.82	2.0
1.43	3.0
2.01	4.0
2.64	1.0
3.26	2.0
3.9	3.0
4.49	4.0
5.12	1.0
5.72	2.0
6.33	3.0
6.93	4.0
7.55	1.0
8.17	2.0
8.8	3.0
9.39	4.0
10.02	1.0
10.63	2.0
11.24	3.0
11.82	4.0
12.46	1.0
13.07	2.0
13.71	3.0
14.3	4.0
14.93	1.0
15.53	2.0
16.14	3.0
16.72	4.0
17.36	1.0
17.98	2.0
18.61	3.0
19.2	4.0
19.82	1.0
20.44	2.0
21.04	3.0
21.66	4.0
22.27	1.0
22.89	2.0
23.51	3.0
24.11	4.0
24.75	1.0
25.35	2.0
25.95	3.0
26.56	4.0
27.19	1.0
27.8	2.0
28.42	3.0
29.02	4.0
29.65	1.0
30.26	2.0
30.86	3.0
31.47	4.0
32.1	1.0
32.7	2.0
33.3	3.0
33.92	4.0
34.54	1.0
35.16	2.0
35.79	3.0
36.39	4.0
37.02	1.0
37.62	2.0
38.24	3.0
38.84	4.0
39.46	1.0
40.07	2.0
40.69	3.0
41.29	4.0
41.91	1.0
42.51	2.0
43.11	3.0
43.75	4.0
44.39	1.0
44.99	2.0
45.57	3.0
46.2	4.0
46.79	1.0
47.38	2.0
47.97	3.0
48.55	4.0
49.16	1.0
49.76	2.0
50.36	3.0
50.94	4.0
51.52	1.0
52.12	2.0
52.71	3.0
53.28	4.0
53.89	1.0
54.48	2.0
55.07	3.0
55.65	4.0
56.26	1.0
56.83	2.0
57.43	3.0
58.01	4.0
58.62	1.0
59.2	2.0
59.8	3.0
60.37	4.0
60.97	1.0
61.55	2.0
62.14	3.0
62.73	4.0
63.32	1.0
63.9	2.0
64.51	3.0
65.09	4.0
65.66	1.0
66.26	2.0
66.84	3.0
67.44	4.0
68.04	1.0
68.62	2.0
69.23	3.0
69.8	4.0
70.39	1.0
70.98	2.0
71.55	3.0
72.15	4.0
72.75	1.0
73.34	2.0
73.94	3.0
74.53	4.0
75.12	1.0
75.71	2.0
76.3	3.0
76.88	4.0
77.46	1.0
78.06	2.0
78.65	3.0
79.22	4.0
79.79	1.0
80.37	2.0
80.95	3.0
81.52	4.0
82.1	1.0
82.69	2.0
83.27	3.0
83.84	4.0
84.41	1.0
85.0	2.0
85.59	3.0
86.14	4.0
86.71	1.0
87.3	2.0
87.87	3.0
88.43	4.0
89.0	1.0
89.58	2.0
90.14	3.0
90.69	4.0
91.26	1.0
91.83	2.0
92.4	3.0
92.95	4.0
93.51	1.0
94.09	2.0
94.66	3.0
95.22	4.0
95.77	1.0
96.35	2.0
96.92	3.0
97.49	4.0
98.06	1.0
98.63	2.0
99.19	3.0
99.75	4.0
100.31	1.0
100.9	2.0
101.47	3.0
102.03	4.0
102.58	1.0
103.16	2.0
103.73	3.0
104.3	4.0
104.86	1.0
105.43	2.0
106.0	3.0
106.56	4.0
107.13	1.0
107.7	2.0
108.27	3.0
108.83	4.0
109.38	1.0
109.96	2.0
110.53	3.0
111.09	4.0
111.66	1.0
112.25	2.0
112.82	3.0
113.38	4.0
113.94	1.0
114.51	2.0
115.08	3.0
115.65	4.0
116.22	1.0
116.78	2.0
117.34	3.0
117.92	4.0
118.49	1.0
119.05	2.0
119.61	3.0
120.18	4.0
120.74	1.0
121.33	2.0
121.89	3.0
122.45	4.0
123.01	1.0
123.59	2.0
124.16	3.0
124.72	4.0
125.27	1.0
125.87	2.0
126.43	3.0
127.0	4.0
127.56	1.0
128.13	2.0
128.69	3.0
129.25	4.0
129.82	1.0
130.42	2.0
130.99	3.0
131.55	4.0
132.1	1.0
132.67	2.0
133.24	3.0
133.79	4.0
134.36	1.0
134.94	2.0
135.51	3.0
136.07	4.0
136.63	1.0
137.2	2.0
137.76	3.0
138.32	4.0
138.88	1.0
139.46	2.0
140.03	3.0
140.6	4.0
141.16	1.0
141.73	2.0
142.29	3.0
142.84	4.0
143.41	1.0
143.99	2.0
144.55	3.0
145.12	4.0
145.69	1.0
146.27	2.0
146.84	3.0
147.4	4.0
147.95	1.0
148.54	2.0
149.11	3.0
149.68	4.0
150.26	1.0
150.84	2.0
151.39	3.0
151.94	4.0
152.52	1.0
153.08	2.0
153.64	3.0
154.21	4.0
154.78	1.0
155.35	2.0
155.92	3.0
156.49	4.0
157.05	1.0
157.61	2.0
158.17	3.0
158.73	4.0
159.3	1.0
159.88	2.0
160.46	3.0
161.01	4.0
161.58	1.0
162.15	2.0
162.71	3.0
163.26	4.0
163.85	1.0
164.42	2.0
165.0	3.0
165.58	4.0
166.15	1.0
166.71	2.0
167.27	3.0
167.83	4.0
168.39	1.0
168.96	2.0
169.52	3.0
170.09	4.0
170.67	1.0
171.25	2.0
171.82	3.0
172.39	4.0
172.95	1.0
173.5	2.0
174.07	3.0
174.6	4.0
175.17	1.0
175.77	2.0
176.34	3.0
176.9	4.0
177.46	1.0
178.03	2.0
178.59	3.0
179.14	4.0
179.71	1.0
180.3	2.0
180.87	3.0
181.44	4.0
182.01	1.0
182.56	2.0
183.12	3.0
183.68	4.0
184.25	1.0
184.85	2.0
185.41	3.0
185.98	4.0
186.55	1.0
187.12	2.0
187.68	3.0
188.25	4.0
188.81	1.0
189.39	2.0
189.96	3.0
190.51	4.0
191.07	1.0
191.64	2.0
192.21	3.0
192.76	4.0
193.33	1.0
193.91	2.0
194.48	3.0
195.04	4.0
195.6	1.0
196.17	2.0
196.74	3.0
197.3	4.0
197.85	1.0
198.43	2.0
199.0	3.0
199.57	4.0
200.13	1.0
200.71	2.0
201.28	3.0
201.85	4.0
202.43	1.0
203.01	2.0
203.57	3.0
204.13	4.0
204.68	1.0
205.27	2.0
205.84	3.0
206.39	4.0
206.96	1.0
207.52	2.0
208.09	3.0
208.63	4.0
209.2	1.0
209.79	2.0
210.36	3.0
210.92	4.0
211.48	1.0
212.05	2.0
212.62	3.0
213.19	4.0
213.75	1.0
214.33	2.0
214.9	3.0
215.45	4.0
216.01	1.0
216.59	2.0
217.17	3.0
217.73	4.0
218.28	1.0
218.87	2.0
219.42	3.0
219.96	4.0
220.55	1.0
221.14	2.0
221.71	3.0
222.29	4.0
222.83	1.0
223.42	2.0
223.99	3.0
224.54	4.0
225.11	1.0
225.67	2.0
226.23	3.0
226.8	4.0
227.38	1.0
227.93	2.0
228.5	3.0
229.06	4.0
229.63	1.0
230.18	2.0
230.75	3.0
231.32	4.0
231.89	1.0
232.45	2.0
233.01	3.0
233.57	4.0
234.15	1.0
234.7	2.0
235.26	3.0
235.83	4.0
236.4	1.0
236.96	2.0
237.53	3.0
238.09	4.0
238.65	1.0
239.21	2.0
239.78	3.0
240.35	4.0
240.91	1.0
241.47	2.0
242.04	3.0
242.6	4.0
243.17	1.0
243.73	2.0
244.29	3.0
244.86	4.0
245.43	1.0
245.99	2.0
246.56	3.0
247.1	4.0
247.67	1.0
248.25	2.0
