0.4	1.0
0.89	2.0
1.36	3.0
1.84	4.0
2.32	1.0
2.79	2.0
3.27	3.0
3.75	4.0
4.21	1.0
4.69	2.0
5.17	3.0
5.65	4.0
6.13	1.0
6.6	2.0
7.08	3.0
7.57	4.0
8.05	1.0
8.53	2.0
9.0	3.0
9.47	4.0
9.94	1.0
10.42	2.0
10.91	3.0
11.39	4.0
11.86	1.0
12.34	2.0
12.81	3.0
13.29	4.0
13.78	1.0
14.26	2.0
14.74	3.0
15.21	4.0
15.7	1.0
16.18	2.0
16.65	3.0
17.13	4.0
17.61	1.0
18.1	2.0
18.57	3.0
19.05	4.0
19.53	1.0
20.01	2.0
20.49	3.0
20.96	4.0
21.44	1.0
21.91	2.0
22.39	3.0
22.87	4.0
23.35	1.0
23.83	2.0
24.31	3.0
24.79	4.0
25.26	1.0
25.75	2.0
26.23	3.0
26.7	4.0
27.19	1.0
27.67	2.0
28.15	3.0
28.62	4.0
29.1	1.0
29.59	2.0
30.07	3.0
30.55	4.0
31.03	1.0
31.51	2.0
31.99	3.0
32.46	4.0
32.93	1.0
33.41	2.0
33.89	3.0
34.36	4.0
34.84	1.0
35.33	2.0
35.8	3.0
36.27	4.0
36.75	1.0
37.22	2.0
37.7	3.0
38.18	4.0
38.66	1.0
39.13	2.0
39.61	3.0
40.1	4.0
40.58	1.0
41.06	2.0
41.54	3.0
42.01	4.0
42.5	1.0
42.98	2.0
43.46	3.0
43.94	4.0
44.42	1.0
44.89	2.0
45.36	3.0
45.84	4.0
46.32	1.0
46.81	2.0
47.28	3.0
47.76	4.0
48.23	1.0
48.71	2.0
49.19	3.0
49.67	4.0
50.15	1.0
50.62	2.0
51.1	3.0
51.58	4.0
52.06	1.0
52.53	2.0
53.0	3.0
53.47	4.0
53.96	1.0
54.45	2.0
54.93	3.0
55.41	4.0
55.89	1.0
56.37	2.0
56.85	3.0
57.33	4.0
57.81	1.0
58.29	2.0
58.76	3.0
59.24	4.0
59.72	1.0
60.19	2.0
60.66	3.0
61.14	4.0
61.63	1.0
62.11	2.0
62.58	3.0
63.05	4.0
63.53	1.0
64.01	2.0
64.49	3.0
64.96	4.0
65.44	1.0
65.92	2.0
66.39	3.0
66.87	4.0
67.35	1.0
67.82	2.0
68.3	3.0
68.77	4.0
69.24	1.0
69.74	2.0
70.22	3.0
70.71	4.0
71.19	1.0
71.67	2.0
72.14	3.0
72.63	4.0
73.12	1.0
73.6	2.0
74.08	3.0
74.57	4.0
75.05	1.0
75.53	2.0
76.01	3.0
76.48	4.0
76.97	1.0
77.44	2.0
77.91	3.0
78.39	4.0
78.87	1.0
79.35	2.0
79.82	3.0
80.3	4.0
80.78	1.0
81.25	2.0
81.73	3.0
82.21	4.0
82.68	1.0
83.17	2.0
83.64	3.0
84.11	4.0
84.6	1.0
85.09	2.0
85.56	3.0
86.04	4.0
86.52	1.0
87.0	2.0
87.48	3.0
87.95	4.0
88.43	1.0
88.9	2.0
89.38	3.0
89.86	4.0
90.34	1.0
90.83	2.0
91.3	3.0
91.78	4.0
92.25	1.0
92.74	2.0
93.22	3.0
93.7	4.0
94.17	1.0
94.65	2.0
95.13	3.0
95.61	4.0
96.08	1.0
96.56	2.0
97.03	3.0
97.51	4.0
97.98	1.0
98.46	2.0
98.94	3.0
99.43	4.0
99.9	1.0
100.38	2.0
100.85	3.0
101.34	4.0
101.81	1.0
102.28	2.0
102.76	3.0
103.24	4.0
103.72	1.0
104.2	2.0
104.67	3.0
105.15	4.0
105.62	1.0
106.1	2.0
106.58	3.0
107.04	4.0
107.52	1.0
108.01	2.0
108.49	3.0
108.97	4.0
109.45	1.0
109.92	2.0
110.39	3.0
110.87	4.0
111.35	1.0
111.82	2.0
112.29	3.0
112.78	4.0
113.25	1.0
113.73	2.0
114.19	3.0
114.66	4.0
115.13	1.0
115.62	2.0
116.09	3.0
116.58	4.0
117.05	1.0
117.53	2.0
118.01	3.0
118.49	4.0
118.96	1.0
119.44	2.0
119.92	3.0
120.4	4.0
120.87	1.0
121.35	2.0
121.82	3.0
122.3	4.0
122.78	1.0
123.26	2.0
123.73	3.0
124.21	4.0
124.68	1.0
125.17	2.0
125.64	3.0
126.12	4.0
126.6	1.0
127.07	2.0
127.55	3.0
128.02	4.0
128.49	1.0
128.96	2.0
129.44	3.0
129.91	4.0
130.39	1.0
130.87	2.0
131.35	3.0
131.84	4.0
132.32	1.0
132.8	2.0
133.28	3.0
133.76	4.0
134.24	1.0
134.72	2.0
135.2	3.0
135.68	4.0
136.16	1.0
136.64	2.0
137.11	3.0
137.57	4.0
138.06	1.0
138.54	2.0
139.01	3.0
139.49	4.0
139.97	1.0
140.44	2.0
140.91	3.0
141.4	4.0
141.87	1.0
142.36	2.0
142.84	3.0
143.32	4.0
143.79	1.0
144.27	2.0
144.74	3.0
145.22	4.0
145.7	1.0
146.19	2.0
146.66	3.0
147.15	4.0
147.62	1.0
148.1	2.0
148.58	3.0
149.05	4.0
149.53	1.0
150.01	2.0
150.49	3.0
150.97	4.0
151.44	1.0
151.92	2.0
152.4	3.0
152.87	4.0
153.34	1.0
153.82	2.0
154.3	3.0
154.78	4.0
155.24	1.0
155.73	2.0
156.21	3.0
156.69	4.0
157.17	1.0
157.64	2.0
158.13	3.0
158.61	4.0
159.08	1.0
159.56	2.0
160.04	3.0
160.52	4.0
161.0	1.0
161.48	2.0
161.96	3.0
162.44	4.0
162.91	1.0
163.4	2.0
163.87	3.0
164.34	4.0
164.81	1.0
165.29	2.0
165.76	3.0
166.25	4.0
166.72	1.0
167.2	2.0
167.67	3.0
168.16	4.0
168.63	1.0
169.11	2.0
169.58	3.0
170.06	4.0
170.53	1.0
171.01	2.0
171.49	3.0
171.97	4.0
172.45	1.0
172.92	2.0
173.39	3.0
173.87	4.0
174.34	1.0
174.82	2.0
175.3	3.0
175.78	4.0
176.26	1.0
176.74	2.0
177.22	3.0
177.7	4.0
178.19	1.0
178.66	2.0
179.14	3.0
179.62	4.0
180.09	1.0
180.58	2.0
181.05	3.0
181.53	4.0
182.0	1.0
182.48	2.0
182.95	3.0
183.43	4.0
183.91	1.0
184.39	2.0
184.86	3.0
185.34	4.0
185.81	1.0
186.29	2.0
186.76	3.0
187.23	4.0
187.71	1.0
188.19	2.0
188.66	3.0
189.14	4.0
189.61	1.0
190.08	2.0
190.56	3.0
191.03	4.0
191.51	1.0
192.0	2.0
192.48	3.0
192.96	4.0
193.43	1.0
193.91	2.0
194.38	3.0
194.87	4.0
195.35	1.0
195.83	2.0
196.29	3.0
196.76	4.0
197.22	1.0
197.71	2.0
198.18	3.0
198.63	4.0
199.12	1.0
199.57	2.0
200.04	3.0
