1.03	1.0
1.65	2.0
2.24	3.0
2.86	4.0
3.52	1.0
4.15	2.0
4.77	3.0
5.38	4.0
6.04	1.0
6.67	2.0
7.28	3.0
7.91	4.0
8.46	1.0
8.97	2.0
9.47	3.0
9.94	4.0
10.46	1.0
10.95	2.0
11.48	3.0
12.0	4.0
12.54	1.0
13.06	2.0
13.58	3.0
14.13	4.0
14.66	1.0
15.18	2.0
15.72	3.0
16.25	4.0
16.78	1.0
17.31	2.0
17.84	3.0
18.37	4.0
18.91	1.0
19.45	2.0
20.0	3.0
20.56	4.0
21.11	1.0
21.64	2.0
22.17	3.0
22.72	4.0
23.27	1.0
23.81	2.0
24.35	3.0
24.88	4.0
25.41	1.0
25.95	2.0
26.48	3.0
27.02	4.0
27.57	1.0
28.1	2.0
28.64	3.0
29.19	4.0
29.73	1.0
30.27	2.0
30.81	3.0
31.35	4.0
31.88	1.0
32.41	2.0
32.96	3.0
33.5	4.0
34.05	1.0
34.58	2.0
35.13	3.0
35.67	4.0
36.2	1.0
36.74	2.0
37.28	3.0
37.83	4.0
38.36	1.0
38.88	2.0
39.42	3.0
39.95	4.0
40.49	1.0
41.03	2.0
41.57	3.0
42.1	4.0
42.64	1.0
43.17	2.0
43.71	3.0
44.26	4.0
44.8	1.0
45.34	2.0
45.87	3.0
46.67	4.0
47.49	1.0
48.32	2.0
49.13	3.0
49.69	4.0
50.24	1.0
50.76	2.0
51.3	3.0
51.86	4.0
52.41	1.0
52.95	2.0
53.5	3.0
54.04	4.0
54.57	1.0
55.12	2.0
55.66	3.0
56.2	4.0
56.75	1.0
57.29	2.0
57.83	3.0
58.38	4.0
58.93	1.0
59.48	2.0
60.03	3.0
60.58	4.0
61.11	1.0
61.65	2.0
62.19	3.0
62.74	4.0
63.28	1.0
63.82	2.0
64.36	3.0
64.9	4.0
65.45	1.0
65.99	2.0
66.53	3.0
67.07	4.0
67.62	1.0
68.16	2.0
68.71	3.0
69.26	4.0
69.82	1.0
70.38	2.0
70.92	3.0
71.46	4.0
72.0	1.0
72.55	2.0
73.09	3.0
73.63	4.0
74.17	1.0
74.72	2.0
75.28	3.0
75.81	4.0
76.36	1.0
76.89	2.0
77.44	3.0
78.0	4.0
78.53	1.0
79.07	2.0
79.61	3.0
80.16	4.0
80.72	1.0
81.27	2.0
81.81	3.0
82.35	4.0
82.89	1.0
83.43	2.0
83.99	3.0
84.54	4.0
85.07	1.0
85.6	2.0
86.14	3.0
86.69	4.0
87.25	1.0
87.81	2.0
88.34	3.0
88.88	4.0
89.41	1.0
89.92	2.0
90.46	3.0
91.01	4.0
91.56	1.0
92.11	2.0
92.65	3.0
93.19	4.0
93.76	1.0
94.31	2.0
94.86	3.0
95.4	4.0
95.95	1.0
96.51	2.0
97.07	3.0
97.61	4.0
98.17	1.0
98.72	2.0
99.27	3.0
99.81	4.0
100.36	1.0
100.91	2.0
101.45	3.0
101.99	4.0
102.53	1.0
103.05	2.0
103.6	3.0
104.13	4.0
104.66	1.0
105.21	2.0
105.77	3.0
106.33	4.0
106.89	1.0
107.44	2.0
107.98	3.0
108.55	4.0
109.11	1.0
109.65	2.0
110.19	3.0
110.75	4.0
111.29	1.0
111.84	2.0
112.38	3.0
112.92	4.0
113.47	1.0
114.01	2.0
114.56	3.0
115.12	4.0
115.67	1.0
116.23	2.0
116.78	3.0
117.32	4.0
117.87	1.0
118.42	2.0
118.97	3.0
119.52	4.0
120.06	1.0
120.59	2.0
121.14	3.0
121.7	4.0
122.25	1.0
123.07	2.0
123.9	3.0
124.45	4.0
125.0	1.0
125.53	2.0
126.08	3.0
126.64	4.0
127.21	1.0
127.77	2.0
128.32	3.0
128.86	4.0
129.41	1.0
129.97	2.0
130.53	3.0
131.07	4.0
131.62	1.0
132.17	2.0
132.72	3.0
133.26	4.0
133.83	1.0
134.41	2.0
134.95	3.0
135.5	4.0
136.04	1.0
136.57	2.0
137.13	3.0
137.68	4.0
138.24	1.0
138.83	2.0
139.39	3.0
139.94	4.0
140.52	1.0
141.07	2.0
141.62	3.0
142.15	4.0
142.72	1.0
143.29	2.0
143.84	3.0
144.39	4.0
144.94	1.0
145.5	2.0
146.04	3.0
146.58	4.0
147.15	1.0
147.7	2.0
148.25	3.0
148.8	4.0
149.35	1.0
149.89	2.0
150.43	3.0
150.93	4.0
151.49	1.0
152.03	2.0
152.58	3.0
153.14	4.0
153.69	1.0
154.25	2.0
154.79	3.0
155.35	4.0
155.91	1.0
156.47	2.0
157.02	3.0
157.58	4.0
158.13	1.0
158.69	2.0
159.25	3.0
159.81	4.0
160.36	1.0
160.92	2.0
161.47	3.0
162.04	4.0
162.58	1.0
163.13	2.0
163.69	3.0
164.25	4.0
164.8	1.0
165.36	2.0
165.93	3.0
166.48	4.0
167.04	1.0
167.59	2.0
168.14	3.0
168.71	4.0
169.26	1.0
169.8	2.0
170.35	3.0
170.91	4.0
171.47	1.0
172.02	2.0
172.58	3.0
173.14	4.0
173.7	1.0
174.27	2.0
174.84	3.0
175.41	4.0
175.96	1.0
176.52	2.0
177.08	3.0
177.65	4.0
178.21	1.0
178.76	2.0
179.31	3.0
179.88	4.0
180.43	1.0
181.0	2.0
181.56	3.0
182.11	4.0
182.66	1.0
183.21	2.0
183.77	3.0
184.32	4.0
184.88	1.0
185.42	2.0
185.97	3.0
186.53	4.0
187.06	1.0
187.63	2.0
188.19	3.0
188.74	4.0
189.3	1.0
189.85	2.0
190.38	3.0
190.93	4.0
191.48	1.0
192.05	2.0
192.6	3.0
193.15	4.0
193.71	1.0
194.27	2.0
194.82	3.0
195.36	4.0
195.92	1.0
196.47	2.0
197.02	3.0
197.57	4.0
198.12	1.0
198.67	2.0
199.21	3.0
199.75	4.0
200.29	1.0
200.83	2.0
201.38	3.0
201.93	4.0
202.48	1.0
203.04	2.0
203.6	3.0
204.15	4.0
204.7	1.0
205.24	2.0
205.79	3.0
206.34	4.0
206.88	1.0
207.43	2.0
207.99	3.0
208.53	4.0
209.08	1.0
209.61	2.0
210.16	3.0
210.71	4.0
211.26	1.0
211.83	2.0
212.37	3.0
212.91	4.0
