2.21	1.0
2.71	2.0
3.23	3.0
3.71	1.0
4.2	2.0
4.68	3.0
5.18	1.0
5.63	2.0
6.12	3.0
6.57	1.0
7.0	2.0
7.45	3.0
7.91	1.0
8.36	2.0
8.81	3.0
9.27	1.0
9.7	2.0
10.16	3.0
10.64	1.0
11.09	2.0
11.56	3.0
12.04	1.0
12.51	2.0
12.99	3.0
13.46	1.0
13.93	2.0
14.4	3.0
14.88	1.0
15.34	2.0
15.81	3.0
16.28	1.0
16.75	2.0
17.23	3.0
17.7	1.0
18.16	2.0
18.64	3.0
19.09	1.0
19.57	2.0
20.03	3.0
20.51	1.0
20.98	2.0
21.48	3.0
22.02	1.0
22.51	2.0
23.01	3.0
23.54	1.0
24.05	2.0
24.54	3.0
25.07	1.0
25.59	2.0
26.09	3.0
26.58	1.0
27.11	2.0
27.63	3.0
28.15	1.0
28.66	2.0
29.16	3.0
29.64	1.0
30.15	2.0
30.67	3.0
31.19	1.0
31.68	2.0
32.2	3.0
32.72	1.0
33.23	2.0
33.78	3.0
34.28	1.0
34.82	2.0
35.36	3.0
35.88	1.0
36.38	2.0
36.92	3.0
37.42	1.0
37.95	2.0
38.49	3.0
39.0	1.0
39.5	2.0
39.98	3.0
40.52	1.0
41.03	2.0
41.57	3.0
42.11	1.0
42.65	2.0
43.15	3.0
43.68	1.0
44.19	2.0
44.71	3.0
45.27	1.0
45.79	2.0
46.31	3.0
46.83	1.0
47.38	2.0
47.92	3.0
48.43	1.0
48.98	2.0
49.49	3.0
50.0	1.0
50.49	2.0
51.04	3.0
51.53	1.0
52.07	2.0
52.6	3.0
53.1	1.0
53.59	2.0
54.13	3.0
54.62	1.0
55.14	2.0
55.7	3.0
56.22	1.0
56.75	2.0
57.26	3.0
57.73	1.0
58.22	2.0
58.73	3.0
59.23	1.0
59.73	2.0
60.23	3.0
60.73	1.0
61.24	2.0
61.77	3.0
62.28	1.0
62.77	2.0
63.29	3.0
63.81	1.0
64.31	2.0
64.8	3.0
65.26	1.0
65.74	2.0
66.22	3.0
66.72	1.0
67.21	2.0
67.7	3.0
68.18	1.0
68.68	2.0
69.17	3.0
69.66	1.0
70.2	2.0
70.73	3.0
71.25	1.0
71.74	2.0
72.27	3.0
72.84	1.0
73.37	2.0
73.95	3.0
74.55	1.0
75.13	2.0
75.67	3.0
76.25	1.0
76.75	2.0
77.29	3.0
77.8	1.0
78.32	2.0
78.84	3.0
79.37	1.0
79.92	2.0
80.43	3.0
80.98	1.0
81.5	2.0
82.01	3.0
82.54	1.0
83.08	2.0
83.57	3.0
84.11	1.0
84.61	2.0
85.12	3.0
85.65	1.0
86.15	2.0
86.64	3.0
87.18	1.0
87.72	2.0
88.23	3.0
88.78	1.0
89.28	2.0
89.83	3.0
90.32	1.0
90.87	2.0
91.38	3.0
91.94	1.0
92.46	2.0
92.98	3.0
93.49	1.0
94.01	2.0
94.51	3.0
95.01	1.0
95.53	2.0
96.03	3.0
96.58	1.0
97.09	2.0
97.62	3.0
98.13	1.0
98.65	2.0
99.16	3.0
99.69	1.0
100.23	2.0
100.75	3.0
101.28	1.0
101.82	2.0
102.32	3.0
102.84	1.0
103.38	2.0
103.87	3.0
104.42	1.0
104.94	2.0
105.45	3.0
105.96	1.0
106.49	2.0
106.99	3.0
107.51	1.0
108.04	2.0
108.56	3.0
109.07	1.0
109.59	2.0
110.11	3.0
110.64	1.0
111.18	2.0
111.68	3.0
112.19	1.0
112.73	2.0
113.23	3.0
113.77	1.0
114.28	2.0
114.75	3.0
115.28	1.0
115.76	2.0
116.27	3.0
116.79	1.0
117.3	2.0
117.82	3.0
118.34	1.0
118.86	2.0
119.37	3.0
119.87	1.0
120.38	2.0
120.86	3.0
121.33	1.0
121.79	2.0
122.27	3.0
122.78	1.0
123.27	2.0
123.75	3.0
124.24	1.0
124.72	2.0
125.21	3.0
125.7	1.0
126.24	2.0
126.74	3.0
127.31	1.0
127.88	2.0
128.49	3.0
129.07	1.0
129.64	2.0
130.23	3.0
130.71	1.0
131.21	2.0
131.67	3.0
132.16	1.0
132.69	2.0
133.2	3.0
133.7	1.0
134.22	2.0
134.71	3.0
135.23	1.0
135.75	2.0
136.26	3.0
136.78	1.0
137.3	2.0
137.79	3.0
138.3	1.0
138.82	2.0
139.33	3.0
139.86	1.0
140.35	2.0
140.86	3.0
141.36	1.0
141.87	2.0
142.38	3.0
142.91	1.0
143.42	2.0
143.92	3.0
144.43	1.0
144.95	2.0
145.45	3.0
145.97	1.0
146.48	2.0
146.97	3.0
147.49	1.0
148.02	2.0
148.51	3.0
149.03	1.0
149.53	2.0
150.01	3.0
150.49	1.0
151.0	2.0
151.47	3.0
151.96	1.0
152.49	2.0
152.98	3.0
153.51	1.0
154.04	2.0
154.53	3.0
155.05	1.0
155.57	2.0
156.09	3.0
156.61	1.0
157.16	2.0
157.67	3.0
158.19	1.0
158.71	2.0
159.24	3.0
159.76	1.0
160.27	2.0
160.78	3.0
161.29	1.0
161.84	2.0
162.36	3.0
162.87	1.0
163.37	2.0
163.87	3.0
164.39	1.0
164.9	2.0
165.42	3.0
165.95	1.0
166.47	2.0
166.99	3.0
167.5	1.0
168.01	2.0
168.54	3.0
169.06	1.0
169.56	2.0
170.06	3.0
170.55	1.0
171.04	2.0
171.54	3.0
172.06	1.0
172.56	2.0
173.1	3.0
173.61	1.0
174.17	2.0
174.69	3.0
175.21	1.0
175.75	2.0
176.28	3.0
176.82	1.0
177.36	2.0
177.89	3.0
178.41	1.0
178.96	2.0
179.51	3.0
180.05	1.0
180.59	2.0
181.11	3.0
181.65	1.0
182.19	2.0
182.7	3.0
183.23	1.0
183.79	2.0
184.32	3.0
184.82	1.0
185.35	2.0
185.86	3.0
186.39	1.0
186.93	2.0
187.45	3.0
187.97	1.0
188.52	2.0
189.03	3.0
189.55	1.0
190.08	2.0
190.6	3.0
191.11	1.0
191.62	2.0
192.14	3.0
192.63	1.0
193.15	2.0
193.66	3.0
194.18	1.0
194.7	2.0
195.21	3.0
195.74	1.0
196.24	2.0
196.75	3.0
197.22	1.0
197.72	2.0
198.2	3.0
198.7	1.0
199.21	2.0
199.69	3.0
200.19	1.0
200.68	2.0
201.17	3.0
201.68	1.0
202.23	2.0
202.82	3.0
203.4	1.0
203.97	2.0
204.54	3.0
205.14	1.0
205.73	2.0
206.27	3.0
206.76	1.0
207.25	2.0
207.73	3.0
208.19	1.0
208.67	2.0
209.16	3.0
209.63	1.0
210.11	2.0
210.59	3.0
211.07	1.0
211.55	2.0
212.04	3.0
212.51	1.0
213.0	2.0
213.47	3.0
213.96	1.0
214.45	2.0
214.92	3.0
215.4	1.0
215.89	2.0
216.36	3.0
216.84	1.0
217.33	2.0
217.8	3.0
218.29	1.0
218.77	2.0
219.26	3.0
219.75	1.0
220.23	2.0
220.75	3.0
221.24	1.0
221.85	2.0
222.4	3.0
222.98	1.0
223.59	2.0
224.17	3.0
224.73	1.0
225.33	2.0
225.89	3.0
226.52	1.0
227.12	2.0
227.69	3.0
228.32	1.0
228.9	2.0
229.49	3.0
