0.38	3.0
0.79	4.0
1.23	1.0
1.62	2.0
2.03	3.0
2.42	4.0
2.83	1.0
3.21	2.0
3.63	3.0
4.04	4.0
4.45	1.0
4.85	2.0
5.24	3.0
5.65	4.0
6.04	1.0
6.47	2.0
6.86	3.0
7.27	4.0
7.68	1.0
8.09	2.0
8.48	3.0
8.9	4.0
9.29	1.0
9.7	2.0
10.11	3.0
10.53	4.0
10.95	1.0
11.34	2.0
11.73	3.0
12.1	4.0
12.49	1.0
12.89	2.0
13.31	3.0
13.71	4.0
14.1	1.0
14.48	2.0
14.88	3.0
15.27	4.0
15.69	1.0
16.07	2.0
16.48	3.0
16.89	4.0
17.27	1.0
17.65	2.0
18.04	3.0
18.44	4.0
18.84	1.0
19.25	2.0
19.64	3.0
20.03	4.0
20.42	1.0
20.82	2.0
21.21	3.0
21.58	4.0
21.97	1.0
22.36	2.0
22.75	3.0
23.15	4.0
23.55	1.0
23.95	2.0
24.36	3.0
24.76	4.0
25.15	1.0
25.54	2.0
25.94	3.0
26.34	4.0
26.76	1.0
27.16	2.0
27.55	3.0
27.94	4.0
28.35	1.0
28.74	2.0
29.13	3.0
29.51	4.0
29.91	1.0
30.32	2.0
30.72	3.0
31.13	4.0
31.51	1.0
31.91	2.0
32.3	3.0
32.71	4.0
33.09	1.0
33.49	2.0
33.89	3.0
34.3	4.0
34.71	1.0
35.13	2.0
35.51	3.0
35.91	4.0
36.32	1.0
36.73	2.0
37.11	3.0
37.51	4.0
37.91	1.0
38.32	2.0
38.73	3.0
39.13	4.0
39.51	1.0
39.93	2.0
40.33	3.0
40.75	4.0
41.15	1.0
41.56	2.0
41.97	3.0
42.37	4.0
42.75	1.0
43.16	2.0
43.55	3.0
43.97	4.0
44.36	1.0
44.76	2.0
45.15	3.0
45.56	4.0
45.95	1.0
46.34	2.0
46.73	3.0
47.13	4.0
47.51	1.0
47.91	2.0
48.3	3.0
48.7	4.0
49.09	1.0
49.48	2.0
49.88	3.0
50.3	4.0
50.7	1.0
51.09	2.0
51.47	3.0
51.87	4.0
52.26	1.0
52.65	2.0
53.03	3.0
53.44	4.0
53.82	1.0
54.21	2.0
54.61	3.0
55.0	4.0
55.38	1.0
55.77	2.0
56.17	3.0
56.57	4.0
56.96	1.0
57.35	2.0
57.75	3.0
58.13	4.0
58.52	1.0
58.93	2.0
59.32	3.0
59.71	4.0
60.11	1.0
60.51	2.0
60.9	3.0
61.3	4.0
61.68	1.0
62.07	2.0
62.45	3.0
62.87	4.0
63.26	1.0
63.66	2.0
64.05	3.0
64.46	4.0
64.84	1.0
65.23	2.0
65.63	3.0
66.02	4.0
66.41	1.0
66.82	2.0
67.22	3.0
67.62	4.0
68.01	1.0
68.4	2.0
68.8	3.0
69.2	4.0
69.6	1.0
69.99	2.0
70.37	3.0
70.76	4.0
71.12	1.0
71.5	2.0
71.9	3.0
72.28	4.0
72.67	1.0
73.09	2.0
73.48	3.0
73.87	4.0
74.26	1.0
74.65	2.0
75.04	3.0
75.44	4.0
75.82	1.0
76.23	2.0
76.62	3.0
77.01	4.0
77.4	1.0
77.8	2.0
78.18	3.0
78.58	4.0
78.97	1.0
79.36	2.0
79.72	3.0
79.99	4.0
80.28	1.0
80.55	2.0
80.84	3.0
81.11	4.0
81.39	1.0
81.73	2.0
82.09	3.0
82.49	4.0
82.87	1.0
83.25	2.0
83.65	3.0
84.04	4.0
84.43	1.0
84.83	2.0
85.21	3.0
85.61	4.0
86.02	1.0
86.42	2.0
86.8	3.0
87.19	4.0
87.58	1.0
87.97	2.0
88.38	3.0
88.78	4.0
89.17	1.0
89.57	2.0
89.96	3.0
90.36	4.0
90.76	1.0
91.13	2.0
91.54	3.0
91.95	4.0
92.34	1.0
92.74	2.0
93.13	3.0
93.52	4.0
93.9	1.0
94.3	2.0
94.67	3.0
95.06	4.0
95.47	1.0
95.88	2.0
96.26	3.0
96.68	4.0
97.07	1.0
97.48	2.0
97.86	3.0
98.27	4.0
98.67	1.0
99.06	2.0
99.45	3.0
99.86	4.0
100.26	1.0
100.67	2.0
101.05	3.0
101.46	4.0
101.86	1.0
102.26	2.0
102.65	3.0
103.06	4.0
103.45	1.0
103.87	2.0
104.26	3.0
104.67	4.0
105.05	1.0
105.46	2.0
105.86	3.0
106.27	4.0
106.64	1.0
107.04	2.0
107.41	3.0
107.8	4.0
108.19	1.0
108.57	2.0
108.97	3.0
109.37	4.0
109.77	1.0
110.18	2.0
110.56	3.0
110.96	4.0
111.36	1.0
111.75	2.0
112.14	3.0
112.54	4.0
112.93	1.0
113.33	2.0
113.7	3.0
114.1	4.0
114.48	1.0
114.88	2.0
115.27	3.0
115.66	4.0
116.06	1.0
116.44	2.0
116.83	3.0
117.24	4.0
117.63	1.0
118.02	2.0
118.4	3.0
118.81	4.0
119.19	1.0
119.58	2.0
119.96	3.0
120.37	4.0
120.75	1.0
121.15	2.0
121.51	3.0
121.9	4.0
122.28	1.0
122.66	2.0
123.05	3.0
123.44	4.0
123.83	1.0
124.2	2.0
124.6	3.0
125.0	4.0
125.39	1.0
125.76	2.0
126.15	3.0
126.54	4.0
126.93	1.0
127.34	2.0
127.72	3.0
128.11	4.0
128.5	1.0
128.9	2.0
129.29	3.0
129.67	4.0
130.07	1.0
130.46	2.0
130.84	3.0
131.22	4.0
131.63	1.0
132.0	2.0
132.4	3.0
132.77	4.0
133.16	1.0
133.55	2.0
133.92	3.0
134.32	4.0
134.7	1.0
135.09	2.0
135.46	3.0
135.84	4.0
136.23	1.0
136.6	2.0
136.98	3.0
137.37	4.0
137.76	1.0
138.15	2.0
138.53	3.0
138.91	4.0
139.31	1.0
139.7	2.0
140.08	3.0
140.49	4.0
140.88	1.0
141.29	2.0
141.67	3.0
142.04	4.0
142.43	1.0
142.81	2.0
143.19	3.0
143.57	4.0
143.97	1.0
144.37	2.0
144.75	3.0
145.14	4.0
145.52	1.0
145.9	2.0
146.29	3.0
146.68	4.0
147.07	1.0
147.49	2.0
147.89	3.0
148.28	4.0
148.67	1.0
149.06	2.0
149.44	3.0
149.83	4.0
150.22	1.0
150.6	2.0
150.99	3.0
151.39	4.0
151.75	1.0
152.15	2.0
152.51	3.0
152.91	4.0
153.33	1.0
153.73	2.0
154.1	3.0
154.5	4.0
154.89	1.0
155.29	2.0
155.68	3.0
156.07	4.0
156.44	1.0
156.84	2.0
157.23	3.0
157.63	4.0
158.02	1.0
158.42	2.0
158.81	3.0
159.21	4.0
159.6	1.0
160.01	2.0
160.39	3.0
160.79	4.0
161.17	1.0
161.58	2.0
161.97	3.0
162.39	4.0
162.78	1.0
163.17	2.0
163.57	3.0
163.97	4.0
164.34	1.0
164.72	2.0
165.1	3.0
165.49	4.0
165.87	1.0
166.26	2.0
166.64	3.0
167.04	4.0
167.42	1.0
167.82	2.0
168.2	3.0
168.59	4.0
168.97	1.0
169.37	2.0
169.75	3.0
170.16	4.0
170.54	1.0
170.93	2.0
171.31	3.0
171.7	4.0
172.09	1.0
172.48	2.0
172.87	3.0
173.26	4.0
173.65	1.0
174.03	2.0
174.43	3.0
174.82	4.0
175.2	1.0
175.59	2.0
175.97	3.0
176.36	4.0
176.74	1.0
177.15	2.0
177.52	3.0
177.93	4.0
178.31	1.0
178.71	2.0
179.09	3.0
179.48	4.0
179.86	1.0
180.25	2.0
180.62	3.0
181.01	4.0
181.4	1.0
181.77	2.0
182.15	3.0
182.56	4.0
182.94	1.0
183.33	2.0
183.71	3.0
184.1	4.0
184.5	1.0
184.89	2.0
185.27	3.0
185.67	4.0
186.05	1.0
186.42	2.0
186.79	3.0
187.17	4.0
187.57	1.0
187.96	2.0
188.33	3.0
188.74	4.0
189.12	1.0
189.52	2.0
189.9	3.0
190.29	4.0
190.68	1.0
191.06	2.0
191.47	3.0
191.86	4.0
192.24	1.0
192.64	2.0
193.02	3.0
193.41	4.0
193.8	1.0
194.22	2.0
194.59	3.0
194.99	4.0
195.37	1.0
195.77	2.0
196.17	3.0
196.55	4.0
196.93	1.0
197.33	2.0
197.7	3.0
198.08	4.0
198.47	1.0
198.85	2.0
199.23	3.0
199.63	4.0
200.0	1.0
200.41	2.0
200.79	3.0
201.18	4.0
201.56	1.0
201.94	2.0
202.33	3.0
202.71	4.0
203.09	1.0
203.48	2.0
203.86	3.0
204.23	4.0
204.62	1.0
204.99	2.0
205.36	3.0
205.77	4.0
206.15	1.0
206.55	2.0
206.93	3.0
207.32	4.0
207.7	1.0
208.09	2.0
208.48	3.0
208.86	4.0
209.25	1.0
209.63	2.0
210.01	3.0
210.38	4.0
210.77	1.0
211.15	2.0
211.52	3.0
211.91	4.0
212.31	1.0
212.69	2.0
213.06	3.0
213.44	4.0
213.82	1.0
214.21	2.0
214.59	3.0
214.96	4.0
215.34	1.0
215.74	2.0
216.11	3.0
216.49	4.0
216.86	1.0
217.24	2.0
217.62	3.0
218.0	4.0
218.39	1.0
218.78	2.0
219.15	3.0
219.54	4.0
219.92	1.0
220.31	2.0
220.69	3.0
221.07	4.0
221.45	1.0
221.84	2.0
222.22	3.0
222.6	4.0
222.99	1.0
