0.52	3.0
0.86	4.0
1.2	1.0
1.54	2.0
1.89	3.0
2.23	4.0
2.58	1.0
2.9	2.0
3.25	3.0
3.6	4.0
3.98	1.0
4.33	2.0
4.7	3.0
5.06	4.0
5.39	1.0
5.73	2.0
6.07	3.0
6.42	4.0
6.77	1.0
7.12	2.0
7.46	3.0
7.83	4.0
8.18	1.0
8.5	2.0
8.85	3.0
9.21	4.0
9.54	1.0
9.9	2.0
10.24	3.0
10.58	4.0
10.92	1.0
11.26	2.0
11.59	3.0
11.94	4.0
12.28	1.0
12.61	2.0
12.96	3.0
13.3	4.0
13.65	1.0
13.96	2.0
14.29	3.0
14.63	4.0
14.97	1.0
15.33	2.0
15.67	3.0
16.03	4.0
16.36	1.0
16.7	2.0
17.05	3.0
17.39	4.0
17.72	1.0
18.06	2.0
18.41	3.0
18.74	4.0
19.08	1.0
19.42	2.0
19.75	3.0
20.1	4.0
20.43	1.0
20.74	2.0
21.08	3.0
21.44	4.0
21.76	1.0
22.11	2.0
22.46	3.0
22.78	4.0
23.13	1.0
23.48	2.0
23.82	3.0
24.16	4.0
24.49	1.0
24.81	2.0
25.14	3.0
25.48	4.0
25.81	1.0
26.16	2.0
26.49	3.0
26.83	4.0
27.17	1.0
27.52	2.0
27.86	3.0
28.19	4.0
28.52	1.0
28.84	2.0
29.17	3.0
29.5	4.0
29.83	1.0
30.16	2.0
30.49	3.0
30.82	4.0
31.15	1.0
31.51	2.0
31.83	3.0
32.18	4.0
32.53	1.0
32.86	2.0
33.19	3.0
33.54	4.0
33.87	1.0
34.22	2.0
34.56	3.0
34.89	4.0
35.24	1.0
35.72	2.0
36.2	3.0
36.71	4.0
37.18	1.0
37.66	2.0
38.12	3.0
38.58	4.0
39.04	1.0
39.52	2.0
39.99	3.0
40.47	4.0
40.93	1.0
41.4	2.0
41.85	3.0
42.3	4.0
42.75	1.0
43.23	2.0
43.69	3.0
44.16	4.0
44.62	1.0
45.1	2.0
45.54	3.0
46.01	4.0
46.47	1.0
46.95	2.0
47.42	3.0
47.89	4.0
48.34	1.0
48.82	2.0
49.26	3.0
49.7	4.0
50.16	1.0
50.63	2.0
51.09	3.0
51.55	4.0
51.99	1.0
52.46	2.0
52.9	3.0
53.36	4.0
53.79	1.0
54.26	2.0
54.72	3.0
55.19	4.0
55.64	1.0
56.12	2.0
56.6	3.0
57.07	4.0
57.57	1.0
57.95	2.0
58.28	3.0
58.64	4.0
59.0	1.0
59.32	2.0
59.67	3.0
60.02	4.0
60.35	1.0
60.69	2.0
61.02	3.0
61.34	4.0
61.68	1.0
62.02	2.0
62.35	3.0
62.66	4.0
62.99	1.0
63.31	2.0
63.63	3.0
63.96	4.0
64.27	1.0
64.6	2.0
64.93	3.0
65.24	4.0
65.57	1.0
65.91	2.0
66.23	3.0
66.56	4.0
66.9	1.0
67.22	2.0
67.56	3.0
67.89	4.0
68.2	1.0
68.53	2.0
68.85	3.0
69.16	4.0
69.5	1.0
69.83	2.0
70.14	3.0
70.48	4.0
70.81	1.0
71.12	2.0
71.45	3.0
71.79	4.0
72.1	1.0
72.45	2.0
72.76	3.0
73.09	4.0
73.41	1.0
73.74	2.0
74.06	3.0
74.38	4.0
74.7	1.0
75.01	2.0
75.33	3.0
75.65	4.0
75.97	1.0
76.31	2.0
76.63	3.0
76.96	4.0
77.28	1.0
77.6	2.0
77.92	3.0
78.24	4.0
78.56	1.0
78.87	2.0
79.19	3.0
79.51	4.0
79.83	1.0
80.15	2.0
80.48	3.0
80.79	4.0
81.14	1.0
81.49	2.0
81.82	3.0
82.17	4.0
82.51	1.0
82.85	2.0
83.18	3.0
83.53	4.0
83.85	1.0
84.21	2.0
84.55	3.0
84.87	4.0
85.22	1.0
85.71	2.0
86.19	3.0
86.69	4.0
87.16	1.0
87.65	2.0
88.11	3.0
88.57	4.0
89.03	1.0
89.51	2.0
89.98	3.0
90.46	4.0
90.91	1.0
91.39	2.0
91.84	3.0
92.29	4.0
92.73	1.0
93.22	2.0
93.67	3.0
94.15	4.0
94.61	1.0
95.08	2.0
95.52	3.0
96.0	4.0
96.45	1.0
96.93	2.0
97.4	3.0
97.87	4.0
98.32	1.0
98.8	2.0
99.24	3.0
99.69	4.0
100.15	1.0
100.62	2.0
101.07	3.0
101.53	4.0
101.97	1.0
102.44	2.0
102.89	3.0
103.34	4.0
103.77	1.0
104.24	2.0
104.71	3.0
105.17	4.0
105.62	1.0
106.1	2.0
106.58	3.0
107.22	4.0
107.92	1.0
108.62	2.0
109.65	3.0
110.67	4.0
111.66	1.0
112.64	2.0
113.61	3.0
114.59	4.0
115.54	1.0
116.54	2.0
117.54	3.0
118.51	4.0
119.47	1.0
120.46	2.0
121.43	3.0
122.42	4.0
123.39	1.0
124.36	2.0
125.31	3.0
126.26	4.0
127.27	1.0
128.22	2.0
129.17	3.0
130.13	4.0
131.11	1.0
132.13	2.0
133.11	3.0
134.09	4.0
135.09	1.0
136.11	2.0
137.05	3.0
138.03	4.0
138.95	1.0
139.95	2.0
140.88	3.0
