0.44	1.0
1.21	2.0
1.93	3.0
2.64	4.0
3.36	1.0
4.13	2.0
4.86	3.0
5.56	4.0
6.3	1.0
7.08	2.0
7.85	3.0
8.56	4.0
9.3	1.0
10.03	2.0
10.78	3.0
11.48	4.0
12.2	1.0
12.91	2.0
13.66	3.0
14.36	4.0
15.12	1.0
15.82	2.0
16.56	3.0
17.27	4.0
18.02	1.0
18.76	2.0
19.48	3.0
20.22	4.0
20.95	1.0
21.69	2.0
22.43	3.0
23.19	4.0
23.89	1.0
24.66	2.0
25.39	3.0
26.13	4.0
26.87	1.0
27.59	2.0
28.32	3.0
29.03	4.0
29.72	1.0
30.47	2.0
31.19	3.0
31.92	4.0
32.67	1.0
33.42	2.0
34.17	3.0
34.88	4.0
35.59	1.0
36.35	2.0
37.06	3.0
37.78	4.0
38.52	1.0
39.25	2.0
39.95	3.0
40.68	4.0
41.37	1.0
42.14	2.0
42.87	3.0
43.6	4.0
44.33	1.0
45.08	2.0
45.81	3.0
46.53	4.0
47.26	1.0
48.0	2.0
48.71	3.0
49.43	4.0
50.15	1.0
50.87	2.0
51.58	3.0
52.29	4.0
53.0	1.0
53.75	2.0
54.48	3.0
55.18	4.0
55.91	1.0
56.64	2.0
57.36	3.0
58.07	4.0
58.78	1.0
59.52	2.0
60.22	3.0
60.92	4.0
61.64	1.0
62.34	2.0
63.05	3.0
63.73	4.0
64.44	1.0
65.16	2.0
65.89	3.0
66.6	4.0
67.34	1.0
68.09	2.0
68.82	3.0
69.54	4.0
70.25	1.0
71.01	2.0
71.72	3.0
72.43	4.0
73.15	1.0
73.87	2.0
74.59	3.0
75.3	4.0
75.97	1.0
76.71	2.0
77.44	3.0
78.16	4.0
78.9	1.0
79.61	2.0
80.33	3.0
81.05	4.0
81.78	1.0
82.5	2.0
83.24	3.0
83.96	4.0
84.72	1.0
85.47	2.0
86.25	3.0
86.98	4.0
87.7	1.0
88.4	2.0
89.12	3.0
89.83	4.0
90.54	1.0
91.32	2.0
92.05	3.0
92.76	4.0
93.5	1.0
94.23	2.0
94.94	3.0
95.67	4.0
96.4	1.0
97.14	2.0
97.85	3.0
98.57	4.0
99.29	1.0
100.01	2.0
100.71	3.0
101.41	4.0
102.12	1.0
102.86	2.0
103.59	3.0
104.31	4.0
105.06	1.0
105.78	2.0
106.51	3.0
107.22	4.0
107.93	1.0
108.67	2.0
109.41	3.0
110.1	4.0
110.82	1.0
111.56	2.0
112.26	3.0
112.95	4.0
113.63	1.0
114.37	2.0
115.1	3.0
115.84	4.0
116.6	1.0
117.34	2.0
118.06	3.0
118.78	4.0
119.5	1.0
120.25	2.0
120.94	3.0
121.65	4.0
122.38	1.0
123.1	2.0
123.81	3.0
124.52	4.0
125.24	1.0
125.97	2.0
126.69	3.0
127.42	4.0
128.14	1.0
128.86	2.0
129.58	3.0
130.31	4.0
131.04	1.0
131.76	2.0
132.48	3.0
133.2	4.0
133.91	1.0
134.64	2.0
135.35	3.0
136.06	4.0
136.78	1.0
137.5	2.0
138.22	3.0
138.92	4.0
139.63	1.0
140.35	2.0
141.08	3.0
141.76	4.0
142.46	1.0
143.22	2.0
143.94	3.0
144.66	4.0
145.36	1.0
146.11	2.0
146.83	3.0
147.55	4.0
148.26	1.0
149.0	2.0
149.72	3.0
150.46	4.0
151.18	1.0
151.9	2.0
152.63	3.0
153.36	4.0
154.09	1.0
154.81	2.0
155.51	3.0
156.22	4.0
156.95	1.0
157.66	2.0
158.37	3.0
159.08	4.0
159.79	1.0
160.52	2.0
161.24	3.0
161.95	4.0
162.67	1.0
163.38	2.0
164.1	3.0
164.8	4.0
165.51	1.0
166.29	2.0
167.01	3.0
167.75	4.0
168.48	1.0
169.23	2.0
169.95	3.0
170.67	4.0
171.39	1.0
172.12	2.0
172.86	3.0
173.56	4.0
174.29	1.0
175.01	2.0
175.72	3.0
176.45	4.0
177.16	1.0
177.9	2.0
178.62	3.0
179.33	4.0
180.04	1.0
180.78	2.0
181.5	3.0
182.21	4.0
182.94	1.0
183.68	2.0
184.39	3.0
185.09	4.0
185.82	1.0
186.55	2.0
187.26	3.0
187.97	4.0
188.7	1.0
189.44	2.0
190.14	3.0
190.85	4.0
191.56	1.0
192.28	2.0
192.99	3.0
193.7	4.0
194.41	1.0
195.13	2.0
195.84	3.0
196.53	4.0
197.23	1.0
197.93	2.0
198.63	3.0
199.32	4.0
200.03	1.0
200.72	2.0
201.44	3.0
202.15	4.0
202.85	1.0
203.55	2.0
204.26	3.0
204.99	4.0
205.71	1.0
206.45	2.0
207.23	3.0
208.01	4.0
208.75	1.0
209.49	2.0
210.27	3.0
211.0	4.0
211.7	1.0
212.39	2.0
213.02	3.0
