0.39	2.0
0.72	3.0
1.07	4.0
1.38	1.0
1.73	2.0
2.05	3.0
2.38	4.0
2.72	1.0
3.03	2.0
3.37	3.0
3.69	4.0
4.02	1.0
4.34	2.0
4.66	3.0
4.99	4.0
5.32	1.0
5.64	2.0
5.96	3.0
6.28	4.0
6.61	1.0
6.93	2.0
7.26	3.0
7.58	4.0
7.9	1.0
8.22	2.0
8.54	3.0
8.87	4.0
9.18	1.0
9.51	2.0
9.83	3.0
10.17	4.0
10.5	1.0
10.82	2.0
11.15	3.0
11.48	4.0
11.81	1.0
12.14	2.0
12.46	3.0
12.79	4.0
13.11	1.0
13.43	2.0
13.76	3.0
14.09	4.0
14.41	1.0
14.74	2.0
15.06	3.0
15.39	4.0
15.72	1.0
16.04	2.0
16.37	3.0
16.69	4.0
17.03	1.0
17.35	2.0
17.68	3.0
18.0	4.0
18.33	1.0
18.65	2.0
18.97	3.0
19.3	4.0
19.61	1.0
19.96	2.0
20.28	3.0
20.6	4.0
20.95	1.0
21.27	2.0
21.59	3.0
21.94	4.0
22.26	1.0
22.59	2.0
22.93	3.0
23.26	4.0
23.59	1.0
23.91	2.0
24.25	3.0
24.56	4.0
24.89	1.0
25.22	2.0
25.55	3.0
25.87	4.0
26.19	1.0
26.51	2.0
26.83	3.0
27.16	4.0
27.49	1.0
27.81	2.0
28.14	3.0
28.46	4.0
28.78	1.0
29.1	2.0
29.43	3.0
29.75	4.0
30.08	1.0
30.42	2.0
30.75	3.0
31.07	4.0
31.39	1.0
31.74	2.0
32.06	3.0
32.39	4.0
32.72	1.0
33.05	2.0
33.38	3.0
33.7	4.0
34.03	1.0
34.36	2.0
34.68	3.0
35.01	4.0
35.34	1.0
35.67	2.0
36.01	3.0
36.33	4.0
36.66	1.0
36.98	2.0
37.31	3.0
37.63	4.0
37.97	1.0
38.3	2.0
38.62	3.0
38.95	4.0
39.28	1.0
39.61	2.0
39.94	3.0
40.27	4.0
40.6	1.0
40.94	2.0
41.27	3.0
41.61	4.0
41.94	1.0
42.28	2.0
42.6	3.0
42.95	4.0
43.28	1.0
43.63	2.0
43.97	3.0
44.3	4.0
44.63	1.0
44.95	2.0
45.27	3.0
45.6	4.0
45.93	1.0
46.26	2.0
46.58	3.0
46.92	4.0
47.25	1.0
47.58	2.0
47.9	3.0
48.24	4.0
48.58	1.0
48.9	2.0
49.22	3.0
49.55	4.0
49.88	1.0
50.2	2.0
50.53	3.0
50.84	4.0
51.17	1.0
51.5	2.0
51.83	3.0
52.16	4.0
52.49	1.0
52.82	2.0
53.15	3.0
53.47	4.0
53.8	1.0
54.14	2.0
54.46	3.0
54.8	4.0
55.12	1.0
55.46	2.0
55.78	3.0
56.12	4.0
56.46	1.0
56.78	2.0
57.11	3.0
57.45	4.0
57.78	1.0
58.1	2.0
58.44	3.0
58.76	4.0
59.11	1.0
59.43	2.0
59.77	3.0
60.11	4.0
60.45	1.0
60.77	2.0
61.09	3.0
61.42	4.0
61.76	1.0
62.09	2.0
62.43	3.0
62.74	4.0
63.07	1.0
63.4	2.0
63.73	3.0
64.06	4.0
64.39	1.0
64.73	2.0
65.05	3.0
65.37	4.0
65.7	1.0
66.03	2.0
66.36	3.0
66.68	4.0
67.02	1.0
67.34	2.0
67.67	3.0
68.0	4.0
68.34	1.0
68.65	2.0
68.98	3.0
69.3	4.0
69.65	1.0
69.98	2.0
70.31	3.0
70.64	4.0
70.95	1.0
71.3	2.0
71.61	3.0
71.94	4.0
72.27	1.0
72.6	2.0
72.94	3.0
73.27	4.0
73.6	1.0
73.92	2.0
74.25	3.0
74.58	4.0
74.9	1.0
75.23	2.0
75.56	3.0
75.88	4.0
76.2	1.0
76.54	2.0
76.87	3.0
77.2	4.0
77.53	1.0
77.85	2.0
78.2	3.0
78.51	4.0
78.85	1.0
79.18	2.0
79.5	3.0
79.82	4.0
80.15	1.0
80.48	2.0
80.81	3.0
81.13	4.0
81.46	1.0
81.79	2.0
82.11	3.0
82.45	4.0
82.78	1.0
83.12	2.0
83.45	3.0
83.78	4.0
84.13	1.0
84.46	2.0
84.77	3.0
85.12	4.0
85.44	1.0
85.78	2.0
86.11	3.0
86.43	4.0
86.74	1.0
87.07	2.0
87.39	3.0
87.71	4.0
88.05	1.0
88.37	2.0
88.69	3.0
89.01	4.0
89.34	1.0
89.66	2.0
89.98	3.0
90.31	4.0
90.63	1.0
90.96	2.0
91.29	3.0
91.6	4.0
91.92	1.0
92.24	2.0
92.55	3.0
92.86	4.0
93.17	1.0
93.51	2.0
93.85	3.0
94.17	4.0
94.5	1.0
94.83	2.0
95.15	3.0
95.48	4.0
95.81	1.0
96.15	2.0
96.47	3.0
96.8	4.0
97.13	1.0
97.46	2.0
97.79	3.0
98.1	4.0
98.42	1.0
98.75	2.0
99.07	3.0
99.41	4.0
99.74	1.0
100.06	2.0
100.39	3.0
100.72	4.0
101.05	1.0
101.37	2.0
101.7	3.0
102.02	4.0
102.34	1.0
102.67	2.0
102.99	3.0
103.31	4.0
103.64	1.0
103.96	2.0
104.29	3.0
104.61	4.0
104.97	1.0
105.31	2.0
105.64	3.0
105.96	4.0
106.3	1.0
106.64	2.0
106.97	3.0
107.29	4.0
107.63	1.0
107.96	2.0
108.27	3.0
108.6	4.0
108.93	1.0
109.25	2.0
109.58	3.0
109.91	4.0
110.24	1.0
110.56	2.0
110.89	3.0
111.22	4.0
111.56	1.0
111.88	2.0
112.22	3.0
112.54	4.0
112.86	1.0
113.19	2.0
113.52	3.0
113.85	4.0
114.18	1.0
114.51	2.0
114.84	3.0
115.17	4.0
115.51	1.0
115.84	2.0
116.17	3.0
116.5	4.0
116.84	1.0
117.17	2.0
117.51	3.0
117.83	4.0
118.17	1.0
118.51	2.0
118.83	3.0
119.17	4.0
119.5	1.0
119.84	2.0
120.17	3.0
120.5	4.0
120.82	1.0
121.16	2.0
121.49	3.0
121.82	4.0
122.16	1.0
122.5	2.0
122.84	3.0
123.17	4.0
123.5	1.0
123.85	2.0
124.16	3.0
124.5	4.0
124.83	1.0
125.16	2.0
125.5	3.0
125.82	4.0
126.16	1.0
126.48	2.0
126.82	3.0
127.14	4.0
127.48	1.0
127.81	2.0
128.15	3.0
128.49	4.0
128.82	1.0
129.15	2.0
129.48	3.0
129.81	4.0
130.14	1.0
130.47	2.0
130.8	3.0
131.13	4.0
131.46	1.0
131.78	2.0
132.13	3.0
132.46	4.0
132.79	1.0
133.13	2.0
133.46	3.0
133.78	4.0
134.12	1.0
134.43	2.0
134.77	3.0
135.1	4.0
135.42	1.0
135.76	2.0
136.09	3.0
136.42	4.0
136.76	1.0
137.09	2.0
137.42	3.0
137.76	4.0
138.09	1.0
138.43	2.0
138.77	3.0
139.11	4.0
139.44	1.0
139.77	2.0
140.1	3.0
140.44	4.0
140.77	1.0
141.11	2.0
141.44	3.0
141.77	4.0
142.11	1.0
142.44	2.0
142.77	3.0
143.1	4.0
143.43	1.0
143.76	2.0
144.08	3.0
144.41	4.0
144.74	1.0
145.07	2.0
145.39	3.0
145.74	4.0
146.06	1.0
146.4	2.0
146.72	3.0
147.04	4.0
147.39	1.0
147.71	2.0
148.02	3.0
148.34	4.0
148.68	1.0
149.02	2.0
149.35	3.0
149.68	4.0
150.0	1.0
150.33	2.0
150.66	3.0
150.98	4.0
151.3	1.0
151.63	2.0
151.96	3.0
152.3	4.0
152.64	1.0
152.96	2.0
153.28	3.0
153.61	4.0
153.94	1.0
154.29	2.0
154.61	3.0
154.95	4.0
155.28	1.0
155.61	2.0
155.93	3.0
156.27	4.0
156.59	1.0
156.94	2.0
157.27	3.0
157.6	4.0
157.93	1.0
158.27	2.0
158.59	3.0
158.92	4.0
159.26	1.0
159.59	2.0
159.92	3.0
160.25	4.0
160.6	1.0
160.93	2.0
161.29	3.0
161.63	4.0
161.96	1.0
162.28	2.0
162.59	3.0
162.88	4.0
163.18	1.0
163.49	2.0
163.78	3.0
164.07	4.0
164.36	1.0
164.65	2.0
164.94	3.0
165.22	4.0
165.51	1.0
165.8	2.0
166.09	3.0
166.39	4.0
166.68	1.0
166.96	2.0
167.25	3.0
167.54	4.0
167.84	1.0
168.13	2.0
168.41	3.0
168.71	4.0
169.0	1.0
169.28	2.0
169.58	3.0
