0.83	1.0
1.65	2.0
2.5	3.0
3.32	4.0
4.19	1.0
5.06	2.0
5.93	3.0
6.86	4.0
7.74	1.0
8.62	2.0
9.44	3.0
10.33	4.0
11.17	1.0
12.06	2.0
12.94	3.0
13.81	4.0
14.68	1.0
15.55	2.0
16.43	3.0
17.31	4.0
18.19	1.0
19.07	2.0
19.98	3.0
20.86	4.0
21.75	1.0
22.65	2.0
23.55	3.0
24.45	4.0
25.36	1.0
26.25	2.0
27.17	3.0
28.07	4.0
28.97	1.0
29.89	2.0
30.77	3.0
31.72	4.0
32.6	1.0
33.48	2.0
34.38	3.0
35.24	4.0
36.16	1.0
37.03	2.0
37.99	3.0
38.87	4.0
39.81	1.0
40.7	2.0
41.62	3.0
42.48	4.0
43.4	1.0
44.31	2.0
45.21	3.0
46.08	4.0
46.96	1.0
47.86	2.0
48.74	3.0
49.62	4.0
50.54	1.0
51.48	2.0
52.39	3.0
53.31	4.0
54.19	1.0
55.08	2.0
55.99	3.0
56.86	4.0
57.79	1.0
58.69	2.0
59.6	3.0
60.53	4.0
61.45	1.0
62.34	2.0
63.25	3.0
64.14	4.0
65.04	1.0
65.95	2.0
66.85	3.0
67.76	4.0
68.64	1.0
69.54	2.0
70.45	3.0
71.36	4.0
72.27	1.0
73.18	2.0
74.08	3.0
75.05	4.0
75.95	1.0
76.89	2.0
77.79	3.0
78.69	4.0
79.62	1.0
80.55	2.0
81.48	3.0
82.43	4.0
83.35	1.0
84.28	2.0
85.18	3.0
86.07	4.0
87.02	1.0
87.94	2.0
88.81	3.0
89.71	4.0
90.6	1.0
91.49	2.0
92.38	3.0
93.27	4.0
94.18	1.0
95.08	2.0
95.97	3.0
96.87	4.0
97.76	1.0
98.64	2.0
99.53	3.0
100.41	4.0
101.34	1.0
102.26	2.0
103.15	3.0
104.03	4.0
104.92	1.0
105.82	2.0
106.71	3.0
107.63	4.0
108.53	1.0
109.44	2.0
110.32	3.0
111.24	4.0
112.12	1.0
113.02	2.0
113.94	3.0
114.81	4.0
115.66	1.0
116.57	2.0
117.49	3.0
118.39	4.0
119.3	1.0
120.2	2.0
121.12	3.0
122.01	4.0
122.96	1.0
123.84	2.0
124.79	3.0
125.72	4.0
126.63	1.0
127.58	2.0
128.51	3.0
129.41	4.0
130.35	1.0
131.29	2.0
132.18	3.0
133.11	4.0
134.03	1.0
134.96	2.0
135.87	3.0
136.79	4.0
137.73	1.0
138.63	2.0
139.57	3.0
140.48	4.0
141.41	1.0
142.34	2.0
143.27	3.0
144.14	4.0
145.08	1.0
146.03	2.0
146.92	3.0
147.8	4.0
148.71	1.0
149.59	2.0
150.51	3.0
151.4	4.0
152.29	1.0
153.19	2.0
154.08	3.0
154.97	4.0
155.86	1.0
156.74	2.0
157.64	3.0
158.53	4.0
159.44	1.0
160.36	2.0
161.26	3.0
162.11	4.0
163.02	1.0
163.92	2.0
164.79	3.0
165.69	4.0
166.59	1.0
167.52	2.0
168.4	3.0
169.33	4.0
170.24	1.0
171.17	2.0
172.09	3.0
173.02	4.0
173.95	1.0
174.87	2.0
175.76	3.0
176.7	4.0
177.63	1.0
178.55	2.0
179.44	3.0
180.35	4.0
181.25	1.0
182.16	2.0
183.1	3.0
184.01	4.0
184.92	1.0
185.83	2.0
186.71	3.0
187.59	4.0
188.49	1.0
189.41	2.0
190.31	3.0
191.25	4.0
192.17	1.0
193.06	2.0
193.97	3.0
194.89	4.0
195.83	1.0
196.76	2.0
197.69	3.0
198.62	4.0
199.58	1.0
200.49	2.0
201.42	3.0
202.3	4.0
203.23	1.0
204.2	2.0
205.11	3.0
206.05	4.0
206.96	1.0
207.84	2.0
208.74	3.0
209.62	4.0
210.55	1.0
211.45	2.0
212.32	3.0
