1.27	2.0
2.31	3.0
3.42	4.0
4.49	1.0
5.6	2.0
6.71	3.0
7.79	4.0
8.77	1.0
9.82	2.0
10.84	3.0
11.77	4.0
12.65	1.0
13.56	2.0
14.37	3.0
15.21	4.0
15.95	1.0
16.68	2.0
17.27	3.0
17.89	4.0
18.49	1.0
19.13	2.0
19.74	3.0
20.22	4.0
20.73	1.0
21.23	2.0
21.73	3.0
22.2	4.0
22.69	1.0
23.18	2.0
23.67	3.0
24.15	4.0
24.64	1.0
25.12	2.0
25.6	3.0
26.08	4.0
26.55	1.0
27.03	2.0
27.53	3.0
28.02	4.0
28.51	1.0
29.0	2.0
29.49	3.0
29.98	4.0
30.47	1.0
30.95	2.0
31.44	3.0
31.92	4.0
32.42	1.0
32.89	2.0
33.38	3.0
33.86	4.0
34.34	1.0
34.83	2.0
35.31	3.0
35.79	4.0
36.27	1.0
36.76	2.0
37.24	3.0
37.72	4.0
38.21	1.0
38.7	2.0
39.18	3.0
39.65	4.0
40.14	1.0
40.62	2.0
41.1	3.0
41.58	4.0
42.06	1.0
42.55	2.0
43.02	3.0
43.51	4.0
44.0	1.0
44.47	2.0
44.95	3.0
45.44	4.0
45.91	1.0
46.4	2.0
46.88	3.0
47.37	4.0
47.86	1.0
48.36	2.0
48.84	3.0
49.32	4.0
49.8	1.0
50.28	2.0
50.77	3.0
51.26	4.0
51.76	1.0
52.23	2.0
52.72	3.0
53.22	4.0
53.7	1.0
54.16	2.0
54.64	3.0
55.14	4.0
55.62	1.0
56.09	2.0
56.57	3.0
57.04	4.0
57.53	1.0
58.01	2.0
58.48	3.0
58.96	4.0
59.45	1.0
59.94	2.0
60.42	3.0
60.92	4.0
61.4	1.0
61.89	2.0
62.37	3.0
62.87	4.0
63.35	1.0
63.84	2.0
64.34	3.0
64.83	4.0
65.32	1.0
65.8	2.0
66.29	3.0
66.78	4.0
67.27	1.0
67.75	2.0
68.24	3.0
68.72	4.0
69.19	1.0
69.67	2.0
70.16	3.0
70.64	4.0
71.13	1.0
71.61	2.0
72.1	3.0
72.59	4.0
73.08	1.0
73.57	2.0
74.06	3.0
74.56	4.0
75.07	1.0
75.54	2.0
76.03	3.0
76.5	4.0
76.99	1.0
77.46	2.0
77.95	3.0
78.42	4.0
78.91	1.0
79.4	2.0
79.88	3.0
80.37	4.0
80.85	1.0
81.33	2.0
81.82	3.0
82.33	4.0
82.84	1.0
83.31	2.0
83.83	3.0
84.32	4.0
84.8	1.0
85.27	2.0
85.78	3.0
86.27	4.0
86.75	1.0
87.24	2.0
87.71	3.0
88.19	4.0
88.7	1.0
89.2	2.0
89.72	3.0
90.22	4.0
90.72	1.0
91.22	2.0
91.7	3.0
92.17	4.0
92.67	1.0
93.15	2.0
93.63	3.0
94.12	4.0
94.61	1.0
95.09	2.0
95.58	3.0
96.06	4.0
96.55	1.0
97.04	2.0
97.52	3.0
98.01	4.0
98.51	1.0
99.0	2.0
99.49	3.0
100.0	4.0
100.49	1.0
100.98	2.0
101.46	3.0
101.93	4.0
102.41	1.0
102.9	2.0
103.39	3.0
103.89	4.0
104.38	1.0
104.87	2.0
105.36	3.0
105.85	4.0
106.36	1.0
106.85	2.0
107.35	3.0
107.85	4.0
108.35	1.0
108.85	2.0
109.34	3.0
109.82	4.0
110.31	1.0
110.79	2.0
111.29	3.0
111.77	4.0
112.27	1.0
112.76	2.0
113.25	3.0
113.74	4.0
114.22	1.0
114.72	2.0
115.21	3.0
115.69	4.0
116.18	1.0
116.67	2.0
117.16	3.0
117.66	4.0
118.15	1.0
118.64	2.0
119.13	3.0
119.63	4.0
120.11	1.0
120.6	2.0
121.09	3.0
121.58	4.0
122.07	1.0
122.56	2.0
123.05	3.0
123.53	4.0
124.03	1.0
124.51	2.0
125.0	3.0
125.47	4.0
125.96	1.0
126.45	2.0
126.93	3.0
127.42	4.0
127.9	1.0
128.39	2.0
128.88	3.0
129.37	4.0
129.85	1.0
130.33	2.0
130.83	3.0
131.33	4.0
131.83	1.0
132.3	2.0
132.78	3.0
133.28	4.0
133.77	1.0
134.23	2.0
134.71	3.0
135.2	4.0
135.68	1.0
136.17	2.0
136.64	3.0
137.12	4.0
137.6	1.0
138.08	2.0
138.56	3.0
139.04	4.0
139.52	1.0
140.01	2.0
140.47	3.0
140.96	4.0
141.44	1.0
141.93	2.0
142.42	3.0
142.9	4.0
143.37	1.0
143.86	2.0
144.34	3.0
144.83	4.0
145.32	1.0
145.81	2.0
146.3	3.0
146.8	4.0
147.29	1.0
147.78	2.0
148.26	3.0
148.74	4.0
149.22	1.0
149.7	2.0
150.2	3.0
150.68	4.0
151.17	1.0
151.66	2.0
152.14	3.0
152.62	4.0
153.1	1.0
153.59	2.0
154.09	3.0
154.6	4.0
155.1	1.0
155.57	2.0
156.07	3.0
156.54	4.0
157.02	1.0
157.48	2.0
157.97	3.0
158.44	4.0
158.92	1.0
159.4	2.0
159.88	3.0
160.36	4.0
160.83	1.0
161.31	2.0
161.77	3.0
162.24	4.0
162.73	1.0
163.19	2.0
163.67	3.0
164.16	4.0
164.63	1.0
165.08	2.0
165.56	3.0
166.04	4.0
166.5	1.0
166.98	2.0
167.46	3.0
167.94	4.0
168.43	1.0
168.92	2.0
169.51	3.0
170.16	4.0
170.78	1.0
171.4	2.0
172.06	3.0
172.69	4.0
173.29	1.0
173.94	2.0
174.6	3.0
175.21	4.0
175.85	1.0
176.54	2.0
177.17	3.0
177.82	4.0
178.48	1.0
179.08	2.0
179.74	3.0
180.35	4.0
180.93	1.0
181.57	2.0
182.16	3.0
182.7	4.0
183.28	1.0
183.84	2.0
184.39	3.0
