0.63	1.0
1.1	2.0
1.58	3.0
2.06	4.0
2.56	1.0
3.03	2.0
3.53	3.0
4.04	4.0
4.54	1.0
5.02	2.0
5.49	3.0
5.96	4.0
6.44	1.0
6.94	2.0
7.42	3.0
7.89	4.0
8.38	1.0
8.89	2.0
9.38	3.0
9.85	4.0
10.34	1.0
10.82	2.0
11.29	3.0
11.78	4.0
12.26	1.0
12.75	2.0
13.24	3.0
13.73	4.0
14.21	1.0
14.68	2.0
15.16	3.0
15.63	4.0
16.11	1.0
16.63	2.0
17.12	3.0
17.61	4.0
18.09	1.0
18.57	2.0
19.06	3.0
19.54	4.0
20.02	1.0
20.49	2.0
21.0	3.0
21.5	4.0
22.01	1.0
22.49	2.0
23.0	3.0
23.48	4.0
23.95	1.0
24.45	2.0
24.93	3.0
25.42	4.0
25.91	1.0
26.4	2.0
26.88	3.0
27.38	4.0
27.87	1.0
28.36	2.0
28.85	3.0
29.33	4.0
29.82	1.0
30.3	2.0
30.76	3.0
31.25	4.0
31.73	1.0
32.22	2.0
32.71	3.0
33.2	4.0
33.69	1.0
34.18	2.0
34.66	3.0
35.15	4.0
35.64	1.0
36.12	2.0
36.61	3.0
37.1	4.0
37.58	1.0
38.07	2.0
38.57	3.0
39.06	4.0
39.56	1.0
40.03	2.0
40.51	3.0
41.0	4.0
41.5	1.0
41.98	2.0
42.46	3.0
42.95	4.0
43.43	1.0
43.92	2.0
44.41	3.0
44.91	4.0
45.4	1.0
45.88	2.0
46.36	3.0
46.84	4.0
47.33	1.0
47.83	2.0
48.32	3.0
48.81	4.0
49.3	1.0
49.8	2.0
50.28	3.0
50.76	4.0
51.26	1.0
51.75	2.0
52.24	3.0
52.73	4.0
53.22	1.0
53.7	2.0
54.18	3.0
54.67	4.0
55.15	1.0
55.66	2.0
56.15	3.0
56.64	4.0
57.13	1.0
57.63	2.0
58.13	3.0
58.62	4.0
59.1	1.0
59.61	2.0
60.09	3.0
60.57	4.0
61.05	1.0
61.51	2.0
61.99	3.0
62.47	4.0
62.95	1.0
63.46	2.0
63.96	3.0
64.45	4.0
64.94	1.0
65.44	2.0
65.93	3.0
66.43	4.0
66.92	1.0
67.42	2.0
67.92	3.0
68.4	4.0
68.88	1.0
69.37	2.0
69.85	3.0
70.32	4.0
70.81	1.0
71.3	2.0
71.8	3.0
72.29	4.0
72.78	1.0
73.28	2.0
73.77	3.0
74.25	4.0
74.72	1.0
75.21	2.0
75.71	3.0
76.2	4.0
76.69	1.0
77.18	2.0
77.67	3.0
78.15	4.0
78.64	1.0
79.13	2.0
79.65	3.0
80.42	4.0
81.13	1.0
81.86	2.0
82.58	3.0
83.09	4.0
83.58	1.0
84.08	2.0
84.56	3.0
85.06	4.0
85.55	1.0
86.04	2.0
86.53	3.0
87.02	4.0
87.52	1.0
88.0	2.0
88.48	3.0
88.97	4.0
89.43	1.0
89.93	2.0
90.4	3.0
90.89	4.0
91.38	1.0
91.87	2.0
92.36	3.0
92.85	4.0
93.34	1.0
93.83	2.0
94.32	3.0
94.82	4.0
95.32	1.0
95.79	2.0
96.28	3.0
96.77	4.0
97.26	1.0
97.75	2.0
98.24	3.0
98.73	4.0
99.24	1.0
99.72	2.0
100.21	3.0
100.7	4.0
101.18	1.0
101.68	2.0
102.16	3.0
102.65	4.0
103.14	1.0
103.63	2.0
104.12	3.0
104.6	4.0
105.09	1.0
105.59	2.0
106.07	3.0
106.55	4.0
107.02	1.0
107.51	2.0
108.01	3.0
108.5	4.0
108.98	1.0
109.47	2.0
109.95	3.0
110.45	4.0
110.93	1.0
111.43	2.0
111.92	3.0
112.41	4.0
112.9	1.0
113.39	2.0
113.87	3.0
114.35	4.0
114.83	1.0
115.34	2.0
115.83	3.0
116.32	4.0
116.81	1.0
117.3	2.0
117.79	3.0
118.27	4.0
118.76	1.0
119.26	2.0
119.75	3.0
120.23	4.0
120.7	1.0
121.16	2.0
121.62	3.0
122.11	4.0
122.58	1.0
123.07	2.0
123.58	3.0
124.07	4.0
124.57	1.0
125.05	2.0
125.54	3.0
126.03	4.0
126.52	1.0
127.01	2.0
127.52	3.0
128.01	4.0
128.49	1.0
128.97	2.0
129.46	3.0
129.94	4.0
130.42	1.0
130.92	2.0
131.4	3.0
131.89	4.0
132.39	1.0
132.88	2.0
133.36	3.0
133.85	4.0
134.33	1.0
134.82	2.0
135.32	3.0
135.81	4.0
136.29	1.0
136.77	2.0
137.25	3.0
137.74	4.0
138.22	1.0
138.7	2.0
139.2	3.0
139.69	4.0
140.18	1.0
140.65	2.0
141.14	3.0
141.61	4.0
142.11	1.0
142.61	2.0
143.12	3.0
143.6	4.0
144.09	1.0
144.57	2.0
145.06	3.0
145.54	4.0
146.03	1.0
146.52	2.0
147.03	3.0
147.51	4.0
148.0	1.0
148.48	2.0
148.96	3.0
149.44	4.0
149.93	1.0
150.43	2.0
150.92	3.0
151.39	4.0
151.89	1.0
152.37	2.0
152.86	3.0
153.34	4.0
153.82	1.0
154.32	2.0
154.83	3.0
155.32	4.0
155.81	1.0
156.33	2.0
156.83	3.0
157.33	4.0
157.83	1.0
158.32	2.0
158.8	3.0
159.28	4.0
159.78	1.0
160.25	2.0
160.74	3.0
161.23	4.0
161.7	1.0
162.22	2.0
162.72	3.0
163.24	4.0
163.73	1.0
164.25	2.0
164.76	3.0
165.23	4.0
165.7	1.0
166.2	2.0
166.69	3.0
167.17	4.0
167.65	1.0
168.15	2.0
168.66	3.0
169.13	4.0
169.63	1.0
170.12	2.0
170.63	3.0
171.12	4.0
171.61	1.0
172.11	2.0
172.6	3.0
173.08	4.0
173.54	1.0
174.02	2.0
174.49	3.0
174.98	4.0
175.44	1.0
175.95	2.0
176.44	3.0
176.93	4.0
177.42	1.0
177.91	2.0
178.39	3.0
178.87	4.0
179.35	1.0
179.85	2.0
180.35	3.0
180.85	4.0
181.33	1.0
181.82	2.0
182.3	3.0
182.77	4.0
183.26	1.0
183.76	2.0
184.25	3.0
184.75	4.0
185.24	1.0
185.72	2.0
186.22	3.0
186.71	4.0
187.2	1.0
187.68	2.0
188.19	3.0
188.67	4.0
189.17	1.0
189.65	2.0
190.14	3.0
190.61	4.0
191.08	1.0
191.56	2.0
192.07	3.0
192.55	4.0
193.04	1.0
193.52	2.0
194.0	3.0
194.49	4.0
194.97	1.0
195.46	2.0
195.95	3.0
196.45	4.0
196.93	1.0
197.42	2.0
197.89	3.0
198.38	4.0
198.86	1.0
199.35	2.0
199.84	3.0
200.34	4.0
200.82	1.0
201.29	2.0
201.77	3.0
202.23	4.0
202.71	1.0
203.21	2.0
203.69	3.0
204.18	4.0
204.66	1.0
205.13	2.0
205.59	3.0
206.06	4.0
206.56	1.0
207.04	2.0
207.54	3.0
208.04	4.0
208.53	1.0
209.01	2.0
209.5	3.0
209.97	4.0
210.47	1.0
210.94	2.0
211.44	3.0
211.93	4.0
212.42	1.0
212.9	2.0
213.39	3.0
213.87	4.0
214.36	1.0
214.84	2.0
215.36	3.0
215.83	4.0
216.33	1.0
216.81	2.0
217.3	3.0
217.77	4.0
218.26	1.0
218.75	2.0
219.25	3.0
219.73	4.0
220.23	1.0
220.71	2.0
221.19	3.0
221.67	4.0
