0.86	1.0
1.49	2.0
2.11	3.0
2.73	4.0
3.37	1.0
3.97	2.0
4.54	3.0
5.13	4.0
5.71	1.0
6.33	2.0
6.93	3.0
7.55	4.0
8.14	1.0
8.76	2.0
9.35	3.0
9.94	4.0
10.52	1.0
11.12	2.0
11.71	3.0
12.32	4.0
12.91	1.0
13.52	2.0
14.11	3.0
14.71	4.0
15.29	1.0
15.89	2.0
16.47	3.0
17.07	4.0
17.65	1.0
18.25	2.0
18.85	3.0
19.42	4.0
20.0	1.0
20.6	2.0
21.19	3.0
21.78	4.0
22.37	1.0
22.97	2.0
23.57	3.0
24.17	4.0
24.77	1.0
25.37	2.0
25.98	3.0
26.57	4.0
27.16	1.0
27.77	2.0
28.35	3.0
28.97	4.0
29.55	1.0
30.16	2.0
30.75	3.0
31.35	4.0
31.94	1.0
32.53	2.0
33.13	3.0
33.74	4.0
34.32	1.0
34.92	2.0
35.52	3.0
36.11	4.0
36.71	1.0
37.31	2.0
37.91	3.0
38.51	4.0
39.09	1.0
39.69	2.0
40.3	3.0
40.9	4.0
41.5	1.0
42.09	2.0
42.68	3.0
43.28	4.0
43.87	1.0
44.48	2.0
45.08	3.0
45.69	4.0
46.28	1.0
46.89	2.0
47.48	3.0
48.1	4.0
48.69	1.0
49.31	2.0
49.91	3.0
50.52	4.0
51.11	1.0
51.72	2.0
52.31	3.0
52.91	4.0
53.48	1.0
54.11	2.0
54.7	3.0
55.3	4.0
55.91	1.0
56.52	2.0
57.11	3.0
57.67	4.0
58.26	1.0
58.88	2.0
59.47	3.0
60.05	4.0
60.63	1.0
61.23	2.0
61.82	3.0
62.41	4.0
63.0	1.0
63.59	2.0
64.18	3.0
64.77	4.0
65.35	1.0
65.94	2.0
66.51	3.0
67.08	4.0
67.65	1.0
68.24	2.0
68.83	3.0
69.41	4.0
69.97	1.0
70.58	2.0
71.18	3.0
71.79	4.0
72.38	1.0
72.98	2.0
73.57	3.0
74.16	4.0
74.73	1.0
75.32	2.0
75.92	3.0
76.53	4.0
77.13	1.0
77.71	2.0
78.29	3.0
78.91	4.0
79.5	1.0
80.11	2.0
80.7	3.0
81.32	4.0
81.91	1.0
82.51	2.0
83.11	3.0
83.72	4.0
84.31	1.0
84.92	2.0
85.51	3.0
86.12	4.0
86.72	1.0
87.33	2.0
87.92	3.0
88.51	4.0
89.09	1.0
89.69	2.0
90.28	3.0
90.87	4.0
91.46	1.0
92.06	2.0
92.64	3.0
93.24	4.0
93.81	1.0
94.41	2.0
95.01	3.0
95.58	4.0
96.17	1.0
96.76	2.0
97.34	3.0
97.91	4.0
98.47	1.0
99.07	2.0
99.67	3.0
100.24	4.0
100.83	1.0
101.41	2.0
101.96	3.0
102.53	4.0
103.08	1.0
103.7	2.0
104.28	3.0
104.89	4.0
105.47	1.0
106.06	2.0
106.67	3.0
107.27	4.0
107.86	1.0
108.47	2.0
109.07	3.0
109.69	4.0
110.29	1.0
110.9	2.0
111.51	3.0
112.1	4.0
112.69	1.0
113.3	2.0
113.89	3.0
114.49	4.0
115.08	1.0
115.69	2.0
116.29	3.0
116.88	4.0
117.49	1.0
118.1	2.0
118.7	3.0
119.3	4.0
119.91	1.0
120.52	2.0
121.12	3.0
121.73	4.0
122.31	1.0
122.91	2.0
123.51	3.0
124.11	4.0
124.71	1.0
125.3	2.0
125.9	3.0
126.5	4.0
127.08	1.0
127.68	2.0
128.27	3.0
128.87	4.0
129.46	1.0
130.05	2.0
130.65	3.0
131.25	4.0
131.82	1.0
132.42	2.0
133.01	3.0
133.62	4.0
134.23	1.0
134.84	2.0
135.43	3.0
136.03	4.0
136.63	1.0
137.25	2.0
137.85	3.0
138.47	4.0
139.07	1.0
139.68	2.0
140.28	3.0
140.87	4.0
141.45	1.0
142.05	2.0
142.65	3.0
143.24	4.0
143.85	1.0
144.43	2.0
145.02	3.0
145.63	4.0
146.21	1.0
146.81	2.0
147.41	3.0
148.02	4.0
148.61	1.0
149.22	2.0
149.8	3.0
150.41	4.0
151.0	1.0
151.63	2.0
152.22	3.0
152.82	4.0
153.42	1.0
154.01	2.0
154.6	3.0
155.19	4.0
155.78	1.0
156.38	2.0
156.98	3.0
157.58	4.0
158.17	1.0
158.77	2.0
159.35	3.0
159.94	4.0
160.51	1.0
161.12	2.0
161.71	3.0
162.3	4.0
162.89	1.0
163.47	2.0
164.06	3.0
164.66	4.0
165.27	1.0
165.87	2.0
166.46	3.0
167.06	4.0
167.65	1.0
168.26	2.0
168.84	3.0
169.45	4.0
170.04	1.0
170.64	2.0
171.23	3.0
171.83	4.0
172.42	1.0
173.03	2.0
173.62	3.0
174.21	4.0
174.78	1.0
175.37	2.0
175.98	3.0
176.57	4.0
177.16	1.0
177.75	2.0
178.34	3.0
178.92	4.0
179.49	1.0
180.09	2.0
180.67	3.0
181.28	4.0
181.86	1.0
182.46	2.0
183.06	3.0
183.66	4.0
184.25	1.0
184.85	2.0
185.45	3.0
186.05	4.0
186.64	1.0
187.25	2.0
187.84	3.0
188.44	4.0
189.0	1.0
189.6	2.0
190.19	3.0
190.79	4.0
191.39	1.0
191.97	2.0
192.55	3.0
193.15	4.0
193.71	1.0
194.32	2.0
194.91	3.0
195.5	4.0
196.08	1.0
196.68	2.0
197.27	3.0
197.86	4.0
198.43	1.0
199.04	2.0
199.64	3.0
200.23	4.0
200.83	1.0
201.43	2.0
202.01	3.0
202.62	4.0
203.2	1.0
203.79	2.0
204.38	3.0
204.98	4.0
205.58	1.0
206.17	2.0
206.76	3.0
207.35	4.0
207.93	1.0
208.52	2.0
209.12	3.0
209.72	4.0
210.31	1.0
210.9	2.0
211.51	3.0
212.1	4.0
212.69	1.0
213.27	2.0
213.86	3.0
214.44	4.0
215.02	1.0
215.61	2.0
216.2	3.0
216.77	4.0
217.33	1.0
217.92	2.0
218.52	3.0
219.12	4.0
219.72	1.0
220.32	2.0
220.9	3.0
221.48	4.0
222.05	1.0
222.65	2.0
223.23	3.0
223.79	4.0
224.37	1.0
224.96	2.0
225.56	3.0
226.16	4.0
226.74	1.0
227.34	2.0
227.94	3.0
228.55	4.0
229.14	1.0
229.74	2.0
230.35	3.0
230.94	4.0
231.55	1.0
232.15	2.0
232.76	3.0
233.36	4.0
233.97	1.0
234.57	2.0
235.17	3.0
235.77	4.0
236.35	1.0
236.96	2.0
237.55	3.0
238.14	4.0
238.74	1.0
239.34	2.0
239.93	3.0
240.52	4.0
241.11	1.0
241.7	2.0
242.29	3.0
242.9	4.0
243.49	1.0
244.1	2.0
244.7	3.0
245.3	4.0
245.87	1.0
246.47	2.0
247.07	3.0
247.68	4.0
248.28	1.0
248.89	2.0
249.48	3.0
250.08	4.0
250.67	1.0
251.27	2.0
251.86	3.0
252.46	4.0
253.06	1.0
253.67	2.0
254.27	3.0
254.86	4.0
255.46	1.0
256.05	2.0
256.65	3.0
257.23	4.0
257.84	1.0
258.45	2.0
259.05	3.0
259.65	4.0
260.24	1.0
260.85	2.0
261.46	3.0
262.05	4.0
262.65	1.0
263.25	2.0
263.84	3.0
