0.19	1.0
1.12	2.0
2.03	3.0
2.9	4.0
3.83	1.0
4.76	2.0
5.68	3.0
6.56	4.0
7.49	1.0
8.39	2.0
9.34	3.0
10.24	4.0
11.15	1.0
12.09	2.0
12.98	3.0
13.91	4.0
14.83	1.0
15.74	2.0
16.66	3.0
17.52	4.0
18.45	1.0
19.36	2.0
20.27	3.0
21.22	4.0
22.16	1.0
23.03	2.0
23.98	3.0
24.88	4.0
25.81	1.0
26.75	2.0
27.67	3.0
28.54	4.0
29.46	1.0
30.36	2.0
31.28	3.0
32.19	4.0
33.11	1.0
34.0	2.0
34.96	3.0
35.84	4.0
36.76	1.0
37.7	2.0
38.61	3.0
39.52	4.0
40.41	1.0
41.34	2.0
42.24	3.0
43.16	4.0
44.06	1.0
45.0	2.0
45.9	3.0
46.77	4.0
47.72	1.0
48.61	2.0
49.55	3.0
50.48	4.0
51.41	1.0
52.31	2.0
53.21	3.0
54.1	4.0
55.05	1.0
55.97	2.0
56.89	3.0
57.79	4.0
58.69	1.0
59.66	2.0
60.55	3.0
61.43	4.0
62.34	1.0
63.25	2.0
64.19	3.0
65.09	4.0
66.03	1.0
66.91	2.0
67.83	3.0
68.79	4.0
69.7	1.0
70.57	2.0
71.48	3.0
72.43	4.0
73.35	1.0
74.26	2.0
75.18	3.0
76.09	4.0
77.01	1.0
77.92	2.0
78.84	3.0
79.75	4.0
80.66	1.0
81.58	2.0
82.5	3.0
83.4	4.0
84.33	1.0
85.24	2.0
86.15	3.0
87.06	4.0
87.98	1.0
88.89	2.0
89.81	3.0
90.72	4.0
91.64	1.0
92.55	2.0
93.47	3.0
94.37	4.0
95.3	1.0
96.21	2.0
97.12	3.0
98.02	4.0
98.95	1.0
99.87	2.0
100.78	3.0
101.69	4.0
102.61	1.0
103.52	2.0
104.43	3.0
105.35	4.0
106.26	1.0
107.18	2.0
108.1	3.0
109.0	4.0
109.92	1.0
110.83	2.0
111.75	3.0
112.66	4.0
113.58	1.0
114.49	2.0
115.41	3.0
116.32	4.0
117.24	1.0
118.15	2.0
119.06	3.0
119.98	4.0
120.89	1.0
121.81	2.0
122.72	3.0
123.63	4.0
124.55	1.0
125.47	2.0
126.38	3.0
127.29	4.0
128.21	1.0
129.12	2.0
130.04	3.0
130.95	4.0
131.87	1.0
132.78	2.0
133.7	3.0
134.61	4.0
135.53	1.0
136.44	2.0
137.35	3.0
138.26	4.0
139.18	1.0
140.1	2.0
141.01	3.0
141.92	4.0
142.84	1.0
143.75	2.0
144.67	3.0
145.58	4.0
146.5	1.0
147.41	2.0
148.33	3.0
149.24	4.0
150.15	1.0
151.07	2.0
151.98	3.0
152.89	4.0
153.81	1.0
154.73	2.0
155.64	3.0
156.55	4.0
157.47	1.0
158.37	2.0
159.3	3.0
160.19	4.0
161.09	1.0
161.99	2.0
162.93	3.0
163.84	4.0
164.78	1.0
165.7	2.0
166.61	3.0
167.52	4.0
168.44	1.0
169.35	2.0
170.27	3.0
171.18	4.0
172.1	1.0
173.01	2.0
173.93	3.0
174.84	4.0
175.75	1.0
176.67	2.0
177.58	3.0
178.49	4.0
179.41	1.0
180.32	2.0
181.24	3.0
182.15	4.0
183.07	1.0
183.98	2.0
184.9	3.0
185.81	4.0
186.73	1.0
187.64	2.0
188.55	3.0
189.47	4.0
190.38	1.0
191.29	2.0
192.21	3.0
193.12	4.0
194.05	1.0
194.95	2.0
195.87	3.0
196.78	4.0
197.7	1.0
198.61	2.0
199.53	3.0
200.44	4.0
201.36	1.0
202.27	2.0
203.18	3.0
204.09	4.0
205.01	1.0
205.93	2.0
206.84	3.0
207.76	4.0
208.67	1.0
209.58	2.0
210.5	3.0
211.41	4.0
212.33	1.0
213.24	2.0
214.16	3.0
215.07	4.0
215.99	1.0
216.9	2.0
217.81	3.0
218.73	4.0
219.64	1.0
220.56	2.0
221.46	3.0
222.35	4.0
223.21	1.0
224.11	2.0
225.07	3.0
225.97	4.0
226.92	1.0
227.85	2.0
228.77	3.0
229.68	4.0
230.59	1.0
231.45	2.0
232.4	3.0
233.38	4.0
234.27	1.0
235.21	2.0
236.2	3.0
237.13	4.0
237.95	1.0
238.59	2.0
239.15	3.0
239.69	4.0
240.24	1.0
240.83	2.0
241.34	3.0
241.8	4.0
242.28	1.0
242.76	2.0
243.25	3.0
243.74	4.0
244.22	1.0
244.68	2.0
245.18	3.0
245.64	4.0
246.14	1.0
246.6	2.0
247.04	3.0
247.5	4.0
247.98	1.0
248.44	2.0
248.89	3.0
249.34	4.0
249.81	1.0
250.27	2.0
250.72	3.0
251.18	4.0
251.64	1.0
252.1	2.0
252.55	3.0
253.01	4.0
253.47	1.0
253.92	2.0
254.38	3.0
254.83	4.0
255.3	1.0
255.75	2.0
256.21	3.0
256.66	4.0
257.12	1.0
257.58	2.0
258.03	3.0
258.49	4.0
258.95	1.0
259.41	2.0
259.86	3.0
260.32	4.0
260.78	1.0
261.24	2.0
261.7	3.0
262.15	4.0
262.61	1.0
263.07	2.0
263.52	3.0
263.98	4.0
264.44	1.0
264.87	2.0
265.35	3.0
265.81	4.0
266.27	1.0
266.73	2.0
267.18	3.0
267.63	4.0
268.09	1.0
268.55	2.0
269.01	3.0
269.47	4.0
269.92	1.0
270.38	2.0
270.84	3.0
271.3	4.0
271.75	1.0
272.21	2.0
272.66	3.0
273.12	4.0
273.58	1.0
274.04	2.0
274.49	3.0
274.96	4.0
275.41	1.0
275.87	2.0
276.32	3.0
276.78	4.0
277.24	1.0
277.69	2.0
278.15	3.0
278.61	4.0
279.07	1.0
279.52	2.0
279.98	3.0
280.44	4.0
280.89	1.0
281.35	2.0
281.81	3.0
282.27	4.0
282.72	1.0
283.18	2.0
283.64	3.0
284.1	4.0
284.55	1.0
285.01	2.0
285.46	3.0
285.93	4.0
286.38	1.0
286.83	2.0
287.3	3.0
287.75	4.0
288.21	1.0
288.67	2.0
289.12	3.0
289.58	4.0
290.03	1.0
290.49	2.0
290.95	3.0
291.41	4.0
291.86	1.0
292.32	2.0
292.78	3.0
293.24	4.0
293.69	1.0
294.15	2.0
294.61	3.0
295.06	4.0
295.52	1.0
295.98	2.0
296.44	3.0
296.89	4.0
297.35	1.0
297.8	2.0
298.27	3.0
298.72	4.0
299.18	1.0
299.64	2.0
300.09	3.0
300.56	4.0
301.01	1.0
301.47	2.0
301.92	3.0
302.39	4.0
302.84	1.0
303.29	2.0
303.75	3.0
304.21	4.0
304.67	1.0
305.11	2.0
305.58	3.0
306.04	4.0
306.5	1.0
306.96	2.0
307.41	3.0
307.87	4.0
308.32	1.0
308.78	2.0
309.24	3.0
309.7	4.0
310.15	1.0
310.61	2.0
311.06	3.0
311.53	4.0
311.98	1.0
312.44	2.0
312.9	3.0
313.35	4.0
313.81	1.0
314.27	2.0
314.72	3.0
315.18	4.0
315.64	1.0
316.1	2.0
316.55	3.0
317.01	4.0
317.47	1.0
317.93	2.0
318.38	3.0
318.84	4.0
319.29	1.0
319.75	2.0
320.21	3.0
320.67	4.0
321.13	1.0
321.58	2.0
322.04	3.0
322.49	4.0
322.95	1.0
323.41	2.0
323.87	3.0
324.33	4.0
324.78	1.0
325.24	2.0
325.69	3.0
326.15	4.0
326.61	1.0
327.06	2.0
327.52	3.0
327.98	4.0
328.44	1.0
328.89	2.0
329.35	3.0
329.81	4.0
330.27	1.0
330.73	2.0
331.18	3.0
331.65	4.0
332.1	1.0
332.56	2.0
333.01	3.0
333.47	4.0
333.93	1.0
334.38	2.0
334.84	3.0
335.3	4.0
335.75	1.0
336.2	2.0
336.67	3.0
337.12	4.0
337.58	1.0
338.04	2.0
338.49	3.0
338.95	4.0
339.41	1.0
339.87	2.0
340.32	3.0
340.79	4.0
341.24	1.0
341.7	2.0
342.15	3.0
342.61	4.0
343.07	1.0
343.53	2.0
343.98	3.0
344.44	4.0
344.9	1.0
345.36	2.0
345.81	3.0
346.27	4.0
346.73	1.0
347.19	2.0
347.64	3.0
348.1	4.0
348.55	1.0
349.02	2.0
349.47	3.0
349.92	4.0
350.38	1.0
350.84	2.0
351.29	3.0
351.75	4.0
352.2	1.0
352.66	2.0
353.12	3.0
353.59	4.0
354.04	1.0
354.49	2.0
354.95	3.0
355.41	4.0
355.86	1.0
356.32	2.0
356.78	3.0
357.24	4.0
357.69	1.0
358.15	2.0
358.61	3.0
359.07	4.0
359.52	1.0
359.98	2.0
360.44	3.0
360.9	4.0
361.35	1.0
361.81	2.0
362.26	3.0
362.73	4.0
363.18	1.0
363.64	2.0
364.09	3.0
364.56	4.0
365.01	1.0
365.47	2.0
365.92	3.0
366.38	4.0
366.84	1.0
367.3	2.0
367.75	3.0
368.21	4.0
368.67	1.0
369.13	2.0
369.58	3.0
370.04	4.0
370.49	1.0
370.95	2.0
371.41	3.0
371.87	4.0
372.32	1.0
372.78	2.0
373.24	3.0
373.7	4.0
374.15	1.0
374.61	2.0
375.07	3.0
375.54	4.0
375.98	1.0
376.44	2.0
376.89	3.0
377.36	4.0
377.81	1.0
378.28	2.0
378.73	3.0
379.19	4.0
379.64	1.0
380.1	2.0
380.55	3.0
381.02	4.0
381.47	1.0
381.93	2.0
382.38	3.0
382.85	4.0
383.29	1.0
383.75	2.0
384.21	3.0
384.67	4.0
385.12	1.0
385.58	2.0
386.04	3.0
386.5	4.0
386.95	1.0
387.42	2.0
387.87	3.0
388.34	4.0
388.78	1.0
389.24	2.0
389.69	3.0
390.16	4.0
390.61	1.0
391.06	2.0
391.52	3.0
