0.23	4.0
0.68	1.0
1.11	2.0
1.52	3.0
1.96	4.0
2.4	1.0
2.82	2.0
3.24	3.0
3.68	4.0
4.11	1.0
4.53	2.0
4.97	3.0
5.41	4.0
5.86	1.0
6.31	2.0
6.75	3.0
7.18	4.0
7.59	1.0
8.03	2.0
8.48	3.0
8.92	4.0
9.35	1.0
9.78	2.0
10.2	3.0
10.63	4.0
11.06	1.0
11.51	2.0
11.92	3.0
12.35	4.0
12.79	1.0
13.21	2.0
13.67	3.0
14.11	4.0
14.53	1.0
14.97	2.0
15.42	3.0
15.87	4.0
16.31	1.0
16.74	2.0
17.17	3.0
17.59	4.0
18.02	1.0
18.46	2.0
18.89	3.0
19.33	4.0
19.75	1.0
20.19	2.0
20.61	3.0
21.06	4.0
21.49	1.0
21.93	2.0
22.37	3.0
22.8	4.0
23.25	1.0
23.66	2.0
24.09	3.0
24.53	4.0
24.97	1.0
25.4	2.0
25.84	3.0
26.27	4.0
26.7	1.0
27.13	2.0
27.56	3.0
28.0	4.0
28.44	1.0
28.87	2.0
29.3	3.0
29.74	4.0
30.17	1.0
30.61	2.0
31.04	3.0
31.48	4.0
31.91	1.0
32.35	2.0
32.78	3.0
33.21	4.0
33.64	1.0
34.08	2.0
34.51	3.0
34.95	4.0
35.39	1.0
35.81	2.0
36.25	3.0
36.68	4.0
37.11	1.0
37.55	2.0
37.99	3.0
38.42	4.0
38.85	1.0
39.29	2.0
39.72	3.0
40.15	4.0
40.59	1.0
41.02	2.0
41.46	3.0
41.89	4.0
42.32	1.0
42.76	2.0
43.19	3.0
43.63	4.0
44.06	1.0
44.5	2.0
44.94	3.0
45.36	4.0
45.8	1.0
46.23	2.0
46.66	3.0
47.1	4.0
47.53	1.0
47.97	2.0
48.41	3.0
48.86	4.0
49.27	1.0
49.71	2.0
50.14	3.0
50.57	4.0
51.0	1.0
51.44	2.0
51.87	3.0
52.3	4.0
52.74	1.0
53.17	2.0
53.61	3.0
54.04	4.0
54.48	1.0
54.91	2.0
55.35	3.0
55.78	4.0
56.21	1.0
56.64	2.0
57.08	3.0
57.51	4.0
57.94	1.0
58.38	2.0
58.8	3.0
59.25	4.0
59.68	1.0
60.11	2.0
60.55	3.0
60.98	4.0
61.42	1.0
61.85	2.0
62.28	3.0
62.72	4.0
63.15	1.0
63.58	2.0
64.02	3.0
64.46	4.0
64.89	1.0
65.32	2.0
65.76	3.0
66.19	4.0
66.63	1.0
67.06	2.0
67.49	3.0
67.93	4.0
68.36	1.0
68.8	2.0
69.22	3.0
69.66	4.0
70.1	1.0
70.53	2.0
70.96	3.0
71.4	4.0
71.83	1.0
72.27	2.0
72.7	3.0
73.13	4.0
73.57	1.0
74.0	2.0
74.43	3.0
74.87	4.0
75.3	1.0
75.74	2.0
76.17	3.0
76.6	4.0
77.04	1.0
77.47	2.0
77.91	3.0
78.34	4.0
78.78	1.0
79.21	2.0
79.64	3.0
80.08	4.0
80.51	1.0
80.94	2.0
81.38	3.0
81.81	4.0
82.25	1.0
82.68	2.0
83.12	3.0
83.55	4.0
83.98	1.0
84.42	2.0
84.86	3.0
85.29	4.0
85.72	1.0
86.16	2.0
86.6	3.0
87.01	4.0
87.46	1.0
87.89	2.0
88.32	3.0
88.76	4.0
89.19	1.0
89.63	2.0
90.06	3.0
90.49	4.0
90.93	1.0
91.36	2.0
91.79	3.0
92.23	4.0
92.66	1.0
93.09	2.0
93.53	3.0
93.96	4.0
94.39	1.0
94.83	2.0
95.26	3.0
95.7	4.0
96.13	1.0
96.57	2.0
97.0	3.0
97.43	4.0
97.87	1.0
98.3	2.0
98.74	3.0
99.17	4.0
99.61	1.0
100.04	2.0
100.48	3.0
100.91	4.0
101.34	1.0
101.77	2.0
102.21	3.0
102.64	4.0
103.06	1.0
103.51	2.0
103.94	3.0
104.38	4.0
104.81	1.0
105.25	2.0
105.68	3.0
106.11	4.0
106.55	1.0
106.98	2.0
107.42	3.0
107.85	4.0
108.28	1.0
108.72	2.0
109.15	3.0
109.59	4.0
110.01	1.0
110.45	2.0
110.88	3.0
111.32	4.0
111.75	1.0
112.19	2.0
112.62	3.0
113.06	4.0
113.49	1.0
113.91	2.0
114.35	3.0
114.79	4.0
115.23	1.0
115.66	2.0
116.1	3.0
116.53	4.0
116.97	1.0
117.39	2.0
117.83	3.0
118.26	4.0
118.7	1.0
119.13	2.0
119.56	3.0
119.99	4.0
120.42	1.0
120.85	2.0
121.28	3.0
121.74	4.0
122.16	1.0
122.58	2.0
123.01	3.0
123.44	4.0
123.88	1.0
124.33	2.0
124.77	3.0
125.19	4.0
125.64	1.0
126.08	2.0
126.5	3.0
126.93	4.0
127.36	1.0
127.81	2.0
128.25	3.0
128.68	4.0
129.11	1.0
129.55	2.0
129.99	3.0
130.42	4.0
130.85	1.0
131.28	2.0
131.72	3.0
132.15	4.0
132.58	1.0
133.01	2.0
133.45	3.0
133.89	4.0
134.32	1.0
134.75	2.0
135.18	3.0
135.62	4.0
136.06	1.0
136.49	2.0
136.93	3.0
137.36	4.0
137.79	1.0
138.23	2.0
138.66	3.0
139.09	4.0
139.53	1.0
139.96	2.0
140.39	3.0
140.83	4.0
141.26	1.0
141.69	2.0
142.13	3.0
142.57	4.0
143.0	1.0
143.44	2.0
143.87	3.0
144.3	4.0
144.74	1.0
145.17	2.0
145.61	3.0
146.04	4.0
146.47	1.0
146.9	2.0
147.33	3.0
147.77	4.0
148.2	1.0
148.64	2.0
149.07	3.0
149.5	4.0
149.94	1.0
150.38	2.0
150.81	3.0
151.24	4.0
151.67	1.0
152.11	2.0
152.55	3.0
152.98	4.0
153.41	1.0
153.84	2.0
154.28	3.0
154.71	4.0
155.14	1.0
155.58	2.0
156.02	3.0
156.45	4.0
156.88	1.0
157.32	2.0
157.75	3.0
158.19	4.0
158.62	1.0
159.05	2.0
159.49	3.0
159.93	4.0
160.36	1.0
160.79	2.0
161.23	3.0
161.66	4.0
162.09	1.0
162.53	2.0
162.96	3.0
163.4	4.0
163.83	1.0
164.26	2.0
164.7	3.0
165.13	4.0
165.56	1.0
166.0	2.0
166.43	3.0
166.86	4.0
167.29	1.0
167.73	2.0
168.17	3.0
168.6	4.0
169.03	1.0
169.47	2.0
169.9	3.0
170.34	4.0
170.77	1.0
171.2	2.0
171.64	3.0
172.07	4.0
172.51	1.0
172.94	2.0
173.38	3.0
173.81	4.0
174.22	1.0
174.68	2.0
175.11	3.0
175.55	4.0
175.98	1.0
176.42	2.0
176.85	3.0
177.28	4.0
177.71	1.0
178.15	2.0
178.58	3.0
179.02	4.0
179.45	1.0
179.89	2.0
180.32	3.0
180.75	4.0
181.19	1.0
181.62	2.0
182.05	3.0
182.49	4.0
182.92	1.0
183.36	2.0
183.79	3.0
184.23	4.0
184.66	1.0
185.09	2.0
185.53	3.0
185.96	4.0
186.39	1.0
186.83	2.0
187.26	3.0
187.69	4.0
188.12	1.0
188.57	2.0
189.0	3.0
189.43	4.0
189.86	1.0
190.3	2.0
190.74	3.0
191.16	4.0
191.59	1.0
192.04	2.0
192.47	3.0
192.9	4.0
193.34	1.0
193.77	2.0
194.21	3.0
194.64	4.0
195.07	1.0
195.51	2.0
195.94	3.0
196.38	4.0
196.81	1.0
197.25	2.0
197.68	3.0
198.11	4.0
198.54	1.0
198.98	2.0
199.42	3.0
199.85	4.0
200.28	1.0
200.72	2.0
201.15	3.0
201.58	4.0
202.02	1.0
202.45	2.0
202.89	3.0
203.32	4.0
203.75	1.0
204.19	2.0
204.62	3.0
205.06	4.0
205.49	1.0
205.92	2.0
206.36	3.0
206.79	4.0
207.22	1.0
207.66	2.0
208.09	3.0
208.53	4.0
208.96	1.0
209.4	2.0
209.83	3.0
210.26	4.0
210.69	1.0
211.13	2.0
211.57	3.0
212.0	4.0
212.43	1.0
212.86	2.0
213.3	3.0
213.73	4.0
214.17	1.0
214.6	2.0
215.04	3.0
215.47	4.0
