0.61	4.0
0.96	1.0
1.31	2.0
1.67	3.0
2.03	4.0
2.39	1.0
2.77	2.0
3.14	3.0
3.51	4.0
3.88	1.0
4.24	2.0
4.6	3.0
4.96	4.0
5.32	1.0
5.68	2.0
6.05	3.0
6.43	4.0
6.8	1.0
7.16	2.0
7.51	3.0
7.88	4.0
8.24	1.0
8.61	2.0
8.98	3.0
9.35	4.0
9.72	1.0
10.09	2.0
10.46	3.0
10.84	4.0
11.2	1.0
11.58	2.0
11.95	3.0
12.32	4.0
12.71	1.0
13.07	2.0
13.45	3.0
13.8	4.0
14.17	1.0
14.54	2.0
14.91	3.0
15.29	4.0
15.67	1.0
16.03	2.0
16.4	3.0
16.76	4.0
17.13	1.0
17.5	2.0
17.88	3.0
18.26	4.0
18.63	1.0
18.99	2.0
19.36	3.0
19.74	4.0
20.1	1.0
20.48	2.0
20.86	3.0
21.24	4.0
21.61	1.0
21.99	2.0
22.36	3.0
22.73	4.0
23.09	1.0
23.47	2.0
23.85	3.0
24.22	4.0
24.6	1.0
24.97	2.0
25.34	3.0
25.71	4.0
26.06	1.0
26.42	2.0
26.78	3.0
27.15	4.0
27.51	1.0
27.89	2.0
28.26	3.0
28.64	4.0
29.02	1.0
29.39	2.0
29.77	3.0
30.15	4.0
30.52	1.0
30.9	2.0
31.27	3.0
31.64	4.0
32.03	1.0
32.4	2.0
32.78	3.0
33.15	4.0
33.53	1.0
33.92	2.0
34.3	3.0
34.67	4.0
35.04	1.0
35.43	2.0
35.8	3.0
36.17	4.0
36.54	1.0
36.92	2.0
37.31	3.0
37.67	4.0
38.06	1.0
38.44	2.0
38.8	3.0
39.17	4.0
39.54	1.0
39.92	2.0
40.31	3.0
40.69	4.0
41.06	1.0
41.45	2.0
41.83	3.0
42.22	4.0
42.6	1.0
42.98	2.0
43.36	3.0
43.74	4.0
44.11	1.0
44.5	2.0
44.88	3.0
45.24	4.0
45.63	1.0
46.02	2.0
46.39	3.0
46.76	4.0
47.13	1.0
47.5	2.0
47.88	3.0
48.26	4.0
48.65	1.0
49.0	2.0
49.33	3.0
49.69	4.0
50.07	1.0
50.45	2.0
50.83	3.0
51.21	4.0
51.59	1.0
51.97	2.0
52.35	3.0
52.73	4.0
53.1	1.0
53.48	2.0
53.85	3.0
54.22	4.0
54.62	1.0
54.98	2.0
55.37	3.0
55.72	4.0
56.1	1.0
56.48	2.0
56.87	3.0
57.24	4.0
57.62	1.0
58.0	2.0
58.37	3.0
58.75	4.0
59.12	1.0
59.5	2.0
59.88	3.0
60.26	4.0
60.64	1.0
61.02	2.0
61.4	3.0
61.78	4.0
62.16	1.0
62.53	2.0
62.89	3.0
63.27	4.0
63.66	1.0
64.04	2.0
64.42	3.0
64.8	4.0
65.17	1.0
65.54	2.0
65.92	3.0
66.32	4.0
66.7	1.0
67.07	2.0
67.45	3.0
67.82	4.0
68.21	1.0
68.59	2.0
68.97	3.0
69.36	4.0
69.73	1.0
70.13	2.0
70.5	3.0
70.87	4.0
71.24	1.0
71.62	2.0
72.0	3.0
72.37	4.0
72.76	1.0
73.14	2.0
73.51	3.0
73.89	4.0
74.25	1.0
74.62	2.0
74.98	3.0
75.36	4.0
75.75	1.0
76.13	2.0
76.51	3.0
76.9	4.0
77.28	1.0
77.67	2.0
78.05	3.0
78.44	4.0
78.82	1.0
79.2	2.0
79.57	3.0
79.96	4.0
80.35	1.0
80.73	2.0
81.1	3.0
81.48	4.0
81.86	1.0
82.25	2.0
82.62	3.0
83.01	4.0
83.39	1.0
83.78	2.0
84.16	3.0
84.53	4.0
84.9	1.0
85.3	2.0
85.68	3.0
86.06	4.0
86.44	1.0
86.82	2.0
87.18	3.0
87.56	4.0
87.95	1.0
88.33	2.0
88.73	3.0
89.11	4.0
89.49	1.0
89.88	2.0
90.27	3.0
90.65	4.0
91.02	1.0
91.42	2.0
91.81	3.0
92.19	4.0
92.57	1.0
92.94	2.0
93.33	3.0
93.7	4.0
94.08	1.0
94.47	2.0
94.85	3.0
95.22	4.0
95.59	1.0
95.97	2.0
96.36	3.0
96.74	4.0
97.13	1.0
97.5	2.0
97.88	3.0
98.25	4.0
98.61	1.0
98.98	2.0
99.35	3.0
99.73	4.0
100.12	1.0
100.49	2.0
100.87	3.0
101.25	4.0
101.63	1.0
102.02	2.0
102.4	3.0
102.79	4.0
103.17	1.0
103.56	2.0
103.94	3.0
104.33	4.0
104.71	1.0
105.1	2.0
105.49	3.0
105.87	4.0
106.25	1.0
106.66	2.0
107.03	3.0
107.44	4.0
107.8	1.0
108.2	2.0
108.57	3.0
108.94	4.0
109.32	1.0
109.7	2.0
110.09	3.0
110.47	4.0
110.84	1.0
111.23	2.0
111.59	3.0
111.97	4.0
112.35	1.0
112.73	2.0
113.12	3.0
113.5	4.0
113.88	1.0
114.27	2.0
114.63	3.0
115.01	4.0
115.4	1.0
115.79	2.0
116.18	3.0
116.55	4.0
116.94	1.0
117.32	2.0
117.69	3.0
118.09	4.0
118.45	1.0
118.85	2.0
119.21	3.0
119.61	4.0
119.98	1.0
120.38	2.0
120.75	3.0
121.15	4.0
121.54	1.0
121.92	2.0
122.3	3.0
122.68	4.0
123.04	1.0
123.42	2.0
123.78	3.0
124.16	4.0
124.52	1.0
124.91	2.0
125.29	3.0
125.68	4.0
126.05	1.0
126.42	2.0
126.81	3.0
127.19	4.0
127.58	1.0
127.95	2.0
128.32	3.0
128.7	4.0
129.05	1.0
129.44	2.0
129.8	3.0
130.18	4.0
130.56	1.0
130.94	2.0
131.32	3.0
131.7	4.0
132.08	1.0
132.46	2.0
132.84	3.0
133.23	4.0
133.6	1.0
133.99	2.0
134.36	3.0
134.74	4.0
135.11	1.0
135.48	2.0
135.84	3.0
136.23	4.0
136.6	1.0
137.0	2.0
137.38	3.0
137.76	4.0
138.13	1.0
138.5	2.0
138.89	3.0
139.27	4.0
139.66	1.0
140.04	2.0
140.41	3.0
140.76	4.0
141.14	1.0
141.51	2.0
141.88	3.0
142.24	4.0
142.62	1.0
143.01	2.0
143.4	3.0
143.78	4.0
144.15	1.0
144.52	2.0
144.9	3.0
145.29	4.0
145.67	1.0
146.06	2.0
