0.73	4.0
1.22	1.0
1.68	2.0
2.16	3.0
2.65	4.0
3.13	1.0
3.59	2.0
4.08	3.0
4.54	4.0
5.01	1.0
5.5	2.0
5.96	3.0
6.44	4.0
6.91	1.0
7.39	2.0
7.85	3.0
8.33	4.0
8.8	1.0
9.26	2.0
9.74	3.0
10.18	4.0
10.63	1.0
11.09	2.0
11.56	3.0
12.01	4.0
12.46	1.0
12.94	2.0
13.4	3.0
13.85	4.0
14.31	1.0
14.76	2.0
15.22	3.0
15.67	4.0
16.13	1.0
16.58	2.0
17.04	3.0
17.48	4.0
17.93	1.0
18.38	2.0
18.83	3.0
19.28	4.0
19.74	1.0
20.2	2.0
20.66	3.0
21.12	4.0
21.57	1.0
22.03	2.0
22.49	3.0
22.93	4.0
23.38	1.0
23.84	2.0
24.29	3.0
24.74	4.0
25.19	1.0
25.64	2.0
26.1	3.0
26.54	4.0
27.0	1.0
27.45	2.0
27.91	3.0
28.35	4.0
28.81	1.0
29.25	2.0
29.7	3.0
30.15	4.0
30.61	1.0
31.06	2.0
31.53	3.0
31.97	4.0
32.42	1.0
32.88	2.0
33.33	3.0
33.78	4.0
34.24	1.0
34.7	2.0
35.15	3.0
35.61	4.0
36.06	1.0
36.51	2.0
36.96	3.0
37.41	4.0
37.86	1.0
38.31	2.0
38.76	3.0
39.22	4.0
39.68	1.0
40.12	2.0
40.58	3.0
41.02	4.0
41.48	1.0
41.93	2.0
42.38	3.0
42.83	4.0
43.28	1.0
43.74	2.0
44.2	3.0
44.65	4.0
45.12	1.0
45.57	2.0
46.03	3.0
46.48	4.0
46.94	1.0
47.39	2.0
47.84	3.0
48.3	4.0
48.75	1.0
49.19	2.0
49.66	3.0
50.11	4.0
50.56	1.0
51.02	2.0
51.48	3.0
51.94	4.0
52.41	1.0
52.86	2.0
53.31	3.0
53.77	4.0
54.24	1.0
54.68	2.0
55.12	3.0
55.57	4.0
56.03	1.0
56.48	2.0
56.94	3.0
57.4	4.0
57.85	1.0
58.32	2.0
58.77	3.0
59.22	4.0
59.67	1.0
60.12	2.0
60.58	3.0
61.03	4.0
61.48	1.0
61.93	2.0
62.39	3.0
62.83	4.0
63.29	1.0
63.74	2.0
64.2	3.0
64.65	4.0
65.1	1.0
65.55	2.0
66.0	3.0
66.45	4.0
66.91	1.0
67.36	2.0
67.81	3.0
68.26	4.0
68.72	1.0
69.16	2.0
69.59	3.0
70.04	4.0
70.49	1.0
70.95	2.0
71.4	3.0
71.85	4.0
72.31	1.0
72.76	2.0
73.22	3.0
73.68	4.0
74.15	1.0
74.6	2.0
75.06	3.0
75.51	4.0
75.97	1.0
76.43	2.0
76.89	3.0
77.33	4.0
77.8	1.0
78.24	2.0
78.71	3.0
79.16	4.0
79.62	1.0
80.08	2.0
80.53	3.0
80.99	4.0
81.46	1.0
81.92	2.0
82.37	3.0
82.82	4.0
83.28	1.0
83.74	2.0
84.2	3.0
84.66	4.0
85.13	1.0
85.58	2.0
86.04	3.0
86.49	4.0
86.96	1.0
87.41	2.0
87.87	3.0
88.33	4.0
88.77	1.0
89.23	2.0
89.69	3.0
90.14	4.0
90.59	1.0
91.05	2.0
91.51	3.0
91.96	4.0
92.41	1.0
92.86	2.0
93.31	3.0
93.76	4.0
94.21	1.0
94.67	2.0
95.12	3.0
95.57	4.0
96.03	1.0
96.48	2.0
96.94	3.0
97.39	4.0
97.85	1.0
98.3	2.0
98.74	3.0
99.2	4.0
99.66	1.0
100.1	2.0
100.56	3.0
101.0	4.0
101.46	1.0
101.92	2.0
102.39	3.0
102.82	4.0
103.28	1.0
103.73	2.0
104.19	3.0
104.64	4.0
105.1	1.0
105.55	2.0
106.01	3.0
106.45	4.0
106.91	1.0
107.36	2.0
107.81	3.0
108.25	4.0
108.71	1.0
109.16	2.0
109.63	3.0
110.08	4.0
110.53	1.0
110.98	2.0
111.45	3.0
111.89	4.0
112.36	1.0
112.82	2.0
113.27	3.0
113.73	4.0
114.19	1.0
114.64	2.0
115.1	3.0
115.55	4.0
116.01	1.0
116.47	2.0
116.92	3.0
117.37	4.0
117.84	1.0
118.3	2.0
118.75	3.0
119.22	4.0
119.67	1.0
120.13	2.0
120.59	3.0
121.04	4.0
121.49	1.0
121.96	2.0
122.41	3.0
122.87	4.0
123.34	1.0
123.8	2.0
124.25	3.0
124.7	4.0
125.18	1.0
125.63	2.0
126.1	3.0
126.55	4.0
127.0	1.0
127.47	2.0
127.93	3.0
128.4	4.0
128.86	1.0
129.32	2.0
129.78	3.0
130.23	4.0
130.69	1.0
131.15	2.0
131.61	3.0
132.06	4.0
132.53	1.0
132.99	2.0
133.46	3.0
