0.46	1.0
0.98	2.0
1.49	3.0
2.01	4.0
2.53	1.0
3.04	2.0
3.56	3.0
4.08	4.0
4.61	1.0
5.1	2.0
5.64	3.0
6.14	4.0
6.67	1.0
7.18	2.0
7.71	3.0
8.23	4.0
8.77	1.0
9.29	2.0
9.82	3.0
10.37	4.0
10.89	1.0
11.41	2.0
11.93	3.0
12.47	4.0
13.0	1.0
13.54	2.0
14.07	3.0
14.6	4.0
15.13	1.0
15.66	2.0
16.19	3.0
16.72	4.0
17.26	1.0
17.78	2.0
18.3	3.0
18.86	4.0
19.39	1.0
19.92	2.0
20.46	3.0
21.0	4.0
21.53	1.0
22.04	2.0
22.58	3.0
23.1	4.0
23.62	1.0
24.16	2.0
24.7	3.0
25.21	4.0
25.74	1.0
26.27	2.0
26.79	3.0
27.33	4.0
27.86	1.0
28.37	2.0
28.9	3.0
29.45	4.0
29.99	1.0
30.51	2.0
31.07	3.0
31.6	4.0
32.13	1.0
32.66	2.0
33.19	3.0
33.73	4.0
34.26	1.0
34.79	2.0
35.31	3.0
35.84	4.0
36.37	1.0
36.89	2.0
37.45	3.0
37.98	4.0
38.51	1.0
39.05	2.0
39.6	3.0
40.11	4.0
40.65	1.0
41.18	2.0
41.71	3.0
42.24	4.0
42.76	1.0
43.29	2.0
43.85	3.0
44.36	4.0
44.89	1.0
45.41	2.0
45.97	3.0
46.48	4.0
47.01	1.0
47.55	2.0
48.08	3.0
48.61	4.0
49.14	1.0
49.66	2.0
50.21	3.0
50.74	4.0
51.26	1.0
51.8	2.0
52.34	3.0
52.87	4.0
53.4	1.0
53.93	2.0
54.46	3.0
54.99	4.0
55.52	1.0
56.02	2.0
56.58	3.0
57.09	4.0
57.62	1.0
58.14	2.0
58.69	3.0
59.21	4.0
59.73	1.0
60.27	2.0
60.79	3.0
61.34	4.0
61.86	1.0
62.38	2.0
62.93	3.0
63.46	4.0
63.98	1.0
64.5	2.0
65.03	3.0
65.56	4.0
66.08	1.0
66.61	2.0
67.16	3.0
67.69	4.0
68.21	1.0
68.74	2.0
69.27	3.0
69.83	4.0
70.36	1.0
70.88	2.0
71.4	3.0
71.94	4.0
72.46	1.0
73.0	2.0
73.55	3.0
74.07	4.0
74.61	1.0
75.12	2.0
75.67	3.0
76.2	4.0
76.73	1.0
77.26	2.0
77.8	3.0
78.31	4.0
78.84	1.0
79.36	2.0
79.91	3.0
80.43	4.0
80.96	1.0
81.5	2.0
82.02	3.0
82.55	4.0
83.07	1.0
83.58	2.0
84.13	3.0
84.66	4.0
85.18	1.0
85.72	2.0
86.26	3.0
86.76	4.0
87.29	1.0
87.82	2.0
88.38	3.0
88.89	4.0
89.42	1.0
89.97	2.0
90.49	3.0
91.03	4.0
91.56	1.0
92.09	2.0
92.63	3.0
93.16	4.0
93.69	1.0
94.22	2.0
94.75	3.0
95.28	4.0
95.81	1.0
96.35	2.0
96.89	3.0
97.43	4.0
97.98	1.0
98.49	2.0
99.04	3.0
99.56	4.0
100.1	1.0
100.63	2.0
101.15	3.0
101.67	4.0
102.19	1.0
102.7	2.0
103.23	3.0
103.75	4.0
104.28	1.0
104.81	2.0
105.34	3.0
105.85	4.0
106.39	1.0
106.91	2.0
107.45	3.0
107.94	4.0
108.47	1.0
109.0	2.0
109.54	3.0
110.05	4.0
110.57	1.0
