0.79	1.0
1.15	2.0
1.49	3.0
1.85	4.0
2.23	1.0
2.58	2.0
2.92	3.0
3.23	4.0
3.55	1.0
3.87	2.0
4.19	3.0
4.52	4.0
4.84	1.0
5.15	2.0
5.47	3.0
5.79	4.0
6.11	1.0
6.44	2.0
6.75	3.0
7.08	4.0
7.4	1.0
7.71	2.0
8.04	3.0
8.36	4.0
8.68	1.0
8.99	2.0
9.31	3.0
9.65	4.0
9.99	1.0
10.34	2.0
10.67	3.0
11.01	4.0
11.35	1.0
11.7	2.0
12.04	3.0
12.39	4.0
12.73	1.0
13.08	2.0
13.42	3.0
13.75	4.0
14.08	1.0
14.43	2.0
14.78	3.0
15.1	4.0
15.44	1.0
15.79	2.0
16.12	3.0
16.47	4.0
16.81	1.0
17.15	2.0
17.48	3.0
17.84	4.0
18.18	1.0
18.54	2.0
18.88	3.0
19.21	4.0
19.55	1.0
19.89	2.0
20.23	3.0
20.57	4.0
20.92	1.0
21.27	2.0
21.61	3.0
21.94	4.0
22.28	1.0
22.63	2.0
22.95	3.0
23.3	4.0
23.65	1.0
23.99	2.0
24.32	3.0
24.67	4.0
25.01	1.0
25.38	2.0
25.71	3.0
26.05	4.0
26.39	1.0
26.74	2.0
27.07	3.0
27.42	4.0
27.77	1.0
28.12	2.0
28.46	3.0
28.8	4.0
29.14	1.0
29.49	2.0
29.81	3.0
30.16	4.0
30.5	1.0
30.84	2.0
31.17	3.0
31.51	4.0
31.85	1.0
32.2	2.0
32.53	3.0
32.87	4.0
33.21	1.0
33.56	2.0
33.89	3.0
34.23	4.0
34.57	1.0
34.92	2.0
35.25	3.0
35.59	4.0
35.93	1.0
36.28	2.0
36.62	3.0
36.95	4.0
37.29	1.0
37.64	2.0
37.98	3.0
38.32	4.0
38.67	1.0
39.01	2.0
39.34	3.0
39.69	4.0
40.03	1.0
40.38	2.0
40.71	3.0
41.05	4.0
41.4	1.0
41.74	2.0
42.07	3.0
42.41	4.0
42.76	1.0
43.11	2.0
43.44	3.0
43.78	4.0
44.12	1.0
44.47	2.0
44.79	3.0
45.14	4.0
45.48	1.0
45.83	2.0
46.15	3.0
46.49	4.0
46.83	1.0
47.17	2.0
47.51	3.0
47.86	4.0
48.2	1.0
48.55	2.0
48.89	3.0
49.23	4.0
49.57	1.0
49.91	2.0
50.24	3.0
50.59	4.0
50.92	1.0
51.27	2.0
51.6	3.0
51.94	4.0
52.29	1.0
52.62	2.0
52.95	3.0
53.28	4.0
53.61	1.0
53.96	2.0
54.28	3.0
54.63	4.0
54.96	1.0
55.3	2.0
55.64	3.0
55.97	4.0
56.31	1.0
56.65	2.0
56.98	3.0
57.31	4.0
57.64	1.0
57.99	2.0
58.33	3.0
58.66	4.0
59.01	1.0
59.35	2.0
59.69	3.0
60.02	4.0
60.36	1.0
60.71	2.0
61.05	3.0
61.37	4.0
61.71	1.0
62.07	2.0
62.39	3.0
62.74	4.0
63.07	1.0
63.42	2.0
63.75	3.0
64.1	4.0
64.43	1.0
64.77	2.0
65.11	3.0
65.43	4.0
65.77	1.0
66.12	2.0
66.45	3.0
66.79	4.0
67.14	1.0
67.49	2.0
67.83	3.0
68.16	4.0
68.51	1.0
68.86	2.0
69.2	3.0
69.55	4.0
69.89	1.0
70.23	2.0
70.57	3.0
70.91	4.0
71.24	1.0
71.59	2.0
71.92	3.0
72.26	4.0
72.59	1.0
72.93	2.0
73.26	3.0
73.6	4.0
73.93	1.0
74.27	2.0
74.62	3.0
74.94	4.0
75.29	1.0
75.63	2.0
75.96	3.0
76.3	4.0
76.63	1.0
76.97	2.0
77.28	3.0
77.63	4.0
77.97	1.0
78.31	2.0
78.64	3.0
78.98	4.0
79.32	1.0
79.67	2.0
80.01	3.0
80.35	4.0
80.69	1.0
81.04	2.0
81.37	3.0
81.72	4.0
82.06	1.0
82.4	2.0
82.74	3.0
83.09	4.0
83.44	1.0
83.78	2.0
84.11	3.0
84.46	4.0
84.81	1.0
85.15	2.0
85.49	3.0
85.83	4.0
86.14	1.0
86.49	2.0
86.82	3.0
87.15	4.0
87.49	1.0
87.83	2.0
88.17	3.0
88.5	4.0
88.84	1.0
89.18	2.0
89.54	3.0
89.86	4.0
90.21	1.0
90.54	2.0
90.89	3.0
91.22	4.0
91.56	1.0
91.91	2.0
92.25	3.0
92.59	4.0
92.93	1.0
93.26	2.0
93.61	3.0
93.94	4.0
94.28	1.0
94.62	2.0
94.97	3.0
95.28	4.0
95.61	1.0
95.95	2.0
96.3	3.0
96.63	4.0
96.98	1.0
97.32	2.0
97.66	3.0
97.99	4.0
98.33	1.0
98.68	2.0
99.01	3.0
99.36	4.0
99.69	1.0
100.05	2.0
100.39	3.0
100.72	4.0
101.05	1.0
101.38	2.0
101.7	3.0
102.05	4.0
102.39	1.0
102.73	2.0
103.06	3.0
103.4	4.0
103.75	1.0
104.09	2.0
104.42	3.0
104.77	4.0
105.11	1.0
105.45	2.0
105.78	3.0
106.12	4.0
106.46	1.0
106.8	2.0
107.13	3.0
107.47	4.0
107.78	1.0
108.14	2.0
108.47	3.0
108.81	4.0
109.16	1.0
109.48	2.0
109.82	3.0
110.16	4.0
110.49	1.0
110.83	2.0
111.16	3.0
111.51	4.0
111.85	1.0
112.19	2.0
112.52	3.0
112.86	4.0
113.22	1.0
113.55	2.0
113.88	3.0
114.22	4.0
114.57	1.0
114.91	2.0
115.25	3.0
115.58	4.0
115.92	1.0
116.27	2.0
116.62	3.0
116.96	4.0
117.3	1.0
117.64	2.0
117.98	3.0
118.31	4.0
118.64	1.0
118.99	2.0
119.34	3.0
119.67	4.0
120.01	1.0
120.35	2.0
120.7	3.0
121.04	4.0
121.38	1.0
121.72	2.0
122.06	3.0
122.4	4.0
122.73	1.0
123.07	2.0
123.41	3.0
123.75	4.0
124.09	1.0
124.43	2.0
124.77	3.0
125.12	4.0
125.46	1.0
125.8	2.0
126.13	3.0
126.48	4.0
126.82	1.0
127.16	2.0
127.48	3.0
127.84	4.0
128.17	1.0
128.51	2.0
128.84	3.0
129.18	4.0
129.52	1.0
129.87	2.0
130.2	3.0
130.55	4.0
130.87	1.0
131.22	2.0
131.53	3.0
131.89	4.0
132.23	1.0
132.57	2.0
132.89	3.0
133.23	4.0
133.59	1.0
133.92	2.0
134.25	3.0
134.6	4.0
134.93	1.0
135.28	2.0
135.61	3.0
135.95	4.0
136.3	1.0
136.64	2.0
136.97	3.0
137.32	4.0
137.66	1.0
138.0	2.0
138.33	3.0
138.68	4.0
139.02	1.0
139.36	2.0
139.7	3.0
140.05	4.0
140.39	1.0
140.73	2.0
141.08	3.0
141.43	4.0
141.77	1.0
142.12	2.0
142.45	3.0
142.8	4.0
143.14	1.0
143.49	2.0
143.81	3.0
144.16	4.0
144.5	1.0
144.85	2.0
145.19	3.0
145.54	4.0
145.88	1.0
146.24	2.0
146.57	3.0
146.92	4.0
147.26	1.0
147.61	2.0
147.93	3.0
148.29	4.0
148.64	1.0
148.98	2.0
149.33	3.0
149.67	4.0
150.02	1.0
150.35	2.0
150.71	3.0
151.04	4.0
151.39	1.0
