0.72	1.0
1.16	2.0
1.58	3.0
2.02	4.0
2.45	1.0
2.88	2.0
3.32	3.0
3.76	4.0
4.2	1.0
4.65	2.0
5.09	3.0
5.53	4.0
5.97	1.0
6.41	2.0
6.84	3.0
7.28	4.0
7.72	1.0
8.15	2.0
8.59	3.0
9.03	4.0
9.45	1.0
9.89	2.0
10.34	3.0
10.79	4.0
11.21	1.0
11.65	2.0
12.09	3.0
12.52	4.0
12.96	1.0
13.4	2.0
13.84	3.0
14.27	4.0
14.72	1.0
15.14	2.0
15.57	3.0
16.0	4.0
16.44	1.0
16.87	2.0
17.31	3.0
17.74	4.0
18.18	1.0
18.62	2.0
19.07	3.0
19.52	4.0
19.93	1.0
20.37	2.0
20.81	3.0
21.25	4.0
21.68	1.0
22.12	2.0
22.56	3.0
23.01	4.0
23.44	1.0
23.88	2.0
24.33	3.0
24.77	4.0
25.19	1.0
25.63	2.0
26.07	3.0
26.5	4.0
26.94	1.0
27.37	2.0
27.81	3.0
28.26	4.0
28.7	1.0
29.11	2.0
29.54	3.0
29.98	4.0
30.42	1.0
30.86	2.0
31.29	3.0
31.73	4.0
32.17	1.0
32.6	2.0
33.05	3.0
33.5	4.0
33.94	1.0
34.38	2.0
34.8	3.0
35.26	4.0
35.68	1.0
36.13	2.0
36.56	3.0
36.99	4.0
37.41	1.0
37.84	2.0
38.27	3.0
38.72	4.0
39.14	1.0
39.59	2.0
40.02	3.0
40.47	4.0
40.9	1.0
41.34	2.0
41.76	3.0
42.2	4.0
42.63	1.0
43.08	2.0
43.51	3.0
43.95	4.0
44.37	1.0
44.81	2.0
45.25	3.0
45.67	4.0
46.11	1.0
46.57	2.0
47.0	3.0
47.45	4.0
47.87	1.0
48.32	2.0
48.74	3.0
49.16	4.0
49.59	1.0
50.04	2.0
50.47	3.0
50.9	4.0
51.34	1.0
51.8	2.0
52.23	3.0
52.67	4.0
53.09	1.0
53.54	2.0
53.96	3.0
54.4	4.0
54.83	1.0
55.28	2.0
55.71	3.0
56.16	4.0
56.57	1.0
57.02	2.0
57.44	3.0
57.88	4.0
58.3	1.0
58.75	2.0
59.18	3.0
59.62	4.0
60.07	1.0
60.5	2.0
60.93	3.0
61.37	4.0
61.81	1.0
62.25	2.0
62.7	3.0
63.13	4.0
63.58	1.0
64.04	2.0
64.48	3.0
64.94	4.0
65.4	1.0
65.84	2.0
66.27	3.0
66.7	4.0
67.15	1.0
67.58	2.0
68.02	3.0
68.46	4.0
68.92	1.0
69.33	2.0
69.77	3.0
70.19	4.0
70.63	1.0
71.06	2.0
71.5	3.0
71.94	4.0
72.38	1.0
72.83	2.0
73.27	3.0
73.71	4.0
74.18	1.0
74.62	2.0
75.07	3.0
75.52	4.0
75.96	1.0
76.4	2.0
76.85	3.0
77.3	4.0
77.72	1.0
78.17	2.0
78.61	3.0
79.06	4.0
79.49	1.0
79.94	2.0
80.38	3.0
80.83	4.0
81.28	1.0
81.72	2.0
82.16	3.0
82.61	4.0
83.04	1.0
83.49	2.0
83.92	3.0
84.37	4.0
84.82	1.0
85.25	2.0
85.69	3.0
86.13	4.0
86.56	1.0
87.0	2.0
87.45	3.0
87.9	4.0
88.34	1.0
88.79	2.0
89.23	3.0
89.67	4.0
90.11	1.0
90.56	2.0
91.0	3.0
91.45	4.0
91.89	1.0
92.34	2.0
92.79	3.0
93.23	4.0
93.66	1.0
94.1	2.0
94.55	3.0
94.98	4.0
95.42	1.0
95.87	2.0
96.32	3.0
96.75	4.0
97.19	1.0
97.65	2.0
98.1	3.0
98.54	4.0
98.98	1.0
99.42	2.0
99.86	3.0
100.29	4.0
100.75	1.0
101.2	2.0
101.63	3.0
102.09	4.0
102.53	1.0
102.97	2.0
103.42	3.0
103.86	4.0
104.29	1.0
104.74	2.0
105.18	3.0
105.61	4.0
106.05	1.0
106.51	2.0
106.95	3.0
107.4	4.0
107.87	1.0
108.32	2.0
108.75	3.0
109.18	4.0
109.62	1.0
110.05	2.0
110.48	3.0
110.93	4.0
111.35	1.0
111.78	2.0
112.23	3.0
112.65	4.0
113.09	1.0
113.54	2.0
113.97	3.0
114.41	4.0
114.85	1.0
115.29	2.0
115.74	3.0
116.19	4.0
116.63	1.0
117.08	2.0
117.52	3.0
117.97	4.0
118.41	1.0
118.85	2.0
119.29	3.0
119.74	4.0
120.18	1.0
120.63	2.0
121.07	3.0
121.5	4.0
121.95	1.0
122.39	2.0
122.85	3.0
123.3	4.0
123.73	1.0
124.18	2.0
124.63	3.0
125.08	4.0
125.52	1.0
125.96	2.0
126.4	3.0
126.86	4.0
127.29	1.0
127.73	2.0
128.17	3.0
128.61	4.0
129.06	1.0
129.5	2.0
129.94	3.0
130.39	4.0
130.83	1.0
131.28	2.0
131.72	3.0
132.17	4.0
132.6	1.0
133.05	2.0
133.48	3.0
133.93	4.0
134.36	1.0
134.81	2.0
135.25	3.0
135.68	4.0
136.12	1.0
136.58	2.0
137.01	3.0
137.44	4.0
137.88	1.0
138.34	2.0
138.78	3.0
139.2	4.0
139.65	1.0
140.09	2.0
140.53	3.0
140.97	4.0
141.41	1.0
141.84	2.0
142.28	3.0
142.72	4.0
143.16	1.0
143.6	2.0
144.04	3.0
144.48	4.0
144.92	1.0
145.38	2.0
145.82	3.0
146.28	4.0
146.73	1.0
147.18	2.0
147.61	3.0
148.06	4.0
148.5	1.0
148.97	2.0
149.43	3.0
149.91	4.0
150.39	1.0
150.86	2.0
151.31	3.0
151.79	4.0
152.25	1.0
