0.46	3.0
0.97	4.0
1.46	1.0
1.99	2.0
2.49	3.0
3.02	4.0
3.52	1.0
4.03	2.0
4.56	3.0
5.1	4.0
5.6	1.0
6.12	2.0
6.61	3.0
7.15	4.0
7.63	1.0
8.17	2.0
8.67	3.0
9.16	4.0
9.65	1.0
10.17	2.0
10.68	3.0
11.16	4.0
11.67	1.0
12.2	2.0
12.71	3.0
13.21	4.0
13.72	1.0
14.22	2.0
14.72	3.0
15.25	4.0
15.74	1.0
16.25	2.0
16.76	3.0
17.26	4.0
17.77	1.0
18.27	2.0
18.78	3.0
19.28	4.0
19.79	1.0
20.29	2.0
20.78	3.0
21.3	4.0
21.78	1.0
22.3	2.0
22.78	3.0
23.29	4.0
23.8	1.0
24.29	2.0
24.79	3.0
25.29	4.0
25.77	1.0
26.28	2.0
26.79	3.0
27.28	4.0
27.77	1.0
28.27	2.0
28.79	3.0
29.29	4.0
29.79	1.0
30.29	2.0
30.77	3.0
31.27	4.0
31.79	1.0
32.28	2.0
32.77	3.0
33.29	4.0
33.79	1.0
34.3	2.0
34.79	3.0
35.28	4.0
35.77	1.0
36.28	2.0
36.78	3.0
37.26	4.0
37.76	1.0
38.27	2.0
38.78	3.0
39.27	4.0
39.76	1.0
40.27	2.0
40.76	3.0
41.26	4.0
41.76	1.0
42.26	2.0
42.76	3.0
43.25	4.0
43.75	1.0
44.28	2.0
44.78	3.0
45.28	4.0
45.79	1.0
46.3	2.0
46.81	3.0
47.29	4.0
47.78	1.0
48.3	2.0
48.79	3.0
49.29	4.0
49.79	1.0
50.29	2.0
50.77	3.0
51.27	4.0
51.76	1.0
52.27	2.0
52.76	3.0
53.27	4.0
53.76	1.0
54.25	2.0
54.74	3.0
55.25	4.0
55.74	1.0
56.24	2.0
56.75	3.0
57.24	4.0
57.74	1.0
58.23	2.0
58.73	3.0
59.19	4.0
59.72	1.0
60.21	2.0
60.7	3.0
61.2	4.0
61.7	1.0
62.19	2.0
62.67	3.0
63.18	4.0
63.65	1.0
64.16	2.0
64.66	3.0
65.15	4.0
65.66	1.0
66.15	2.0
66.64	3.0
67.14	4.0
67.65	1.0
68.15	2.0
68.66	3.0
69.15	4.0
69.64	1.0
70.13	2.0
70.62	3.0
71.12	4.0
71.61	1.0
72.11	2.0
72.6	3.0
73.1	4.0
73.59	1.0
74.08	2.0
74.57	3.0
75.06	4.0
75.56	1.0
76.07	2.0
76.57	3.0
77.06	4.0
77.57	1.0
78.07	2.0
78.57	3.0
79.04	4.0
79.56	1.0
80.05	2.0
80.56	3.0
81.05	4.0
81.56	1.0
82.04	2.0
82.55	3.0
83.03	4.0
83.52	1.0
84.03	2.0
84.54	3.0
85.05	4.0
85.54	1.0
86.05	2.0
86.54	3.0
87.01	4.0
87.52	1.0
88.02	2.0
88.52	3.0
89.02	4.0
89.5	1.0
90.0	2.0
90.51	3.0
91.0	4.0
91.49	1.0
92.01	2.0
92.5	3.0
92.99	4.0
93.48	1.0
94.01	2.0
94.47	3.0
94.98	4.0
95.46	1.0
95.97	2.0
96.45	3.0
96.96	4.0
97.47	1.0
97.96	2.0
98.46	3.0
98.95	4.0
99.45	1.0
99.95	2.0
100.45	3.0
100.95	4.0
101.44	1.0
101.93	2.0
102.42	3.0
102.93	4.0
103.41	1.0
103.91	2.0
104.41	3.0
104.91	4.0
105.4	1.0
105.92	2.0
106.42	3.0
106.9	4.0
107.42	1.0
107.9	2.0
108.4	3.0
108.88	4.0
109.39	1.0
109.87	2.0
110.36	3.0
110.87	4.0
111.34	1.0
111.85	2.0
112.34	3.0
112.83	4.0
113.33	1.0
113.81	2.0
114.31	3.0
114.78	4.0
115.31	1.0
115.81	2.0
116.3	3.0
116.8	4.0
117.31	1.0
117.8	2.0
118.3	3.0
118.79	4.0
119.28	1.0
119.81	2.0
