4.52	3.0
4.99	4.0
5.46	1.0
5.93	2.0
6.4	3.0
6.86	4.0
7.34	1.0
7.8	2.0
8.27	3.0
8.73	4.0
9.21	1.0
9.67	2.0
10.14	3.0
10.61	4.0
11.08	1.0
11.55	2.0
12.02	3.0
12.49	4.0
12.96	1.0
13.42	2.0
13.89	3.0
14.35	4.0
14.83	1.0
15.29	2.0
15.76	3.0
16.22	4.0
16.7	1.0
17.16	2.0
17.64	3.0
18.1	4.0
18.57	1.0
19.04	2.0
19.51	3.0
19.97	4.0
20.44	1.0
20.91	2.0
21.38	3.0
21.85	4.0
22.32	1.0
22.78	2.0
23.26	3.0
23.72	4.0
24.19	1.0
24.66	2.0
25.13	3.0
25.6	4.0
26.06	1.0
26.53	2.0
27.0	3.0
27.47	4.0
27.94	1.0
28.4	2.0
28.88	3.0
29.34	4.0
29.81	1.0
30.28	2.0
30.75	3.0
31.22	4.0
31.69	1.0
32.15	2.0
32.62	3.0
33.09	4.0
33.56	1.0
34.02	2.0
34.49	3.0
34.96	4.0
35.43	1.0
35.9	2.0
36.37	3.0
36.84	4.0
37.31	1.0
37.78	2.0
38.24	3.0
38.71	4.0
39.18	1.0
39.64	2.0
40.12	3.0
40.58	4.0
41.05	1.0
41.52	2.0
41.99	3.0
42.46	4.0
42.93	1.0
43.39	2.0
43.86	3.0
44.33	4.0
44.8	1.0
45.26	2.0
45.73	3.0
46.2	4.0
46.67	1.0
47.13	2.0
47.61	3.0
48.08	4.0
48.54	1.0
49.03	2.0
49.48	3.0
49.95	4.0
50.42	1.0
50.89	2.0
51.36	3.0
51.82	4.0
52.29	1.0
52.77	2.0
53.23	3.0
53.7	4.0
54.17	1.0
54.63	2.0
55.1	3.0
55.57	4.0
56.04	1.0
56.5	2.0
56.97	3.0
57.44	4.0
57.91	1.0
58.38	2.0
58.85	3.0
59.31	4.0
59.78	1.0
60.25	2.0
60.72	3.0
61.19	4.0
61.66	1.0
62.13	2.0
62.59	3.0
63.06	4.0
63.53	1.0
64.0	2.0
64.47	3.0
64.94	4.0
65.4	1.0
65.87	2.0
66.34	3.0
66.81	4.0
67.28	1.0
67.75	2.0
68.21	3.0
68.68	4.0
69.15	1.0
69.61	2.0
70.09	3.0
70.55	4.0
71.02	1.0
71.48	2.0
71.96	3.0
72.43	4.0
72.9	1.0
73.36	2.0
73.84	3.0
74.3	4.0
74.77	1.0
75.23	2.0
75.7	3.0
76.18	4.0
76.64	1.0
77.11	2.0
77.58	3.0
78.05	4.0
78.52	1.0
78.98	2.0
79.45	3.0
79.94	4.0
80.39	1.0
80.85	2.0
81.33	3.0
81.79	4.0
82.26	1.0
82.73	2.0
83.2	3.0
83.66	4.0
84.13	1.0
84.6	2.0
85.07	3.0
85.54	4.0
86.01	1.0
86.49	2.0
86.95	3.0
87.42	4.0
87.89	1.0
88.35	2.0
88.82	3.0
89.29	4.0
89.75	1.0
90.22	2.0
90.69	3.0
91.16	4.0
91.63	1.0
92.09	2.0
92.57	3.0
93.03	4.0
93.51	1.0
93.97	2.0
94.44	3.0
94.91	4.0
95.38	1.0
95.84	2.0
96.31	3.0
96.78	4.0
97.25	1.0
97.71	2.0
98.18	3.0
98.65	4.0
99.12	1.0
99.57	2.0
100.06	3.0
100.52	4.0
100.99	1.0
101.47	2.0
101.93	3.0
102.4	4.0
102.87	1.0
103.33	2.0
103.81	3.0
104.27	4.0
104.74	1.0
105.19	2.0
105.68	3.0
106.15	4.0
106.62	1.0
107.07	2.0
107.55	3.0
108.02	4.0
108.49	1.0
108.95	2.0
109.42	3.0
109.9	4.0
110.36	1.0
110.83	2.0
111.3	3.0
111.76	4.0
112.23	1.0
112.7	2.0
113.17	3.0
113.64	4.0
114.1	1.0
114.57	2.0
115.04	3.0
115.51	4.0
115.98	1.0
116.44	2.0
116.91	3.0
117.39	4.0
117.85	1.0
118.33	2.0
118.79	3.0
119.26	4.0
119.72	1.0
120.2	2.0
120.66	3.0
121.14	4.0
121.6	1.0
122.05	2.0
122.54	3.0
123.0	4.0
123.47	1.0
123.94	2.0
124.41	3.0
124.88	4.0
125.34	1.0
125.81	2.0
126.28	3.0
126.75	4.0
127.21	1.0
127.69	2.0
128.15	3.0
128.63	4.0
129.09	1.0
129.55	2.0
130.03	3.0
130.49	4.0
130.97	1.0
131.43	2.0
131.9	3.0
132.37	4.0
132.84	1.0
133.3	2.0
133.78	3.0
134.24	4.0
134.71	1.0
135.16	2.0
135.64	3.0
136.11	4.0
136.58	1.0
137.05	2.0
137.52	3.0
137.99	4.0
138.44	1.0
138.92	2.0
139.39	3.0
139.84	4.0
140.33	1.0
140.8	2.0
141.27	3.0
141.73	4.0
142.2	1.0
142.67	2.0
143.14	3.0
143.61	4.0
144.08	1.0
144.54	2.0
145.02	3.0
145.5	4.0
145.95	1.0
146.44	2.0
146.89	3.0
147.36	4.0
147.82	1.0
148.29	2.0
148.76	3.0
149.23	4.0
149.7	1.0
150.16	2.0
150.63	3.0
151.1	4.0
151.57	1.0
152.03	2.0
152.51	3.0
152.98	4.0
153.44	1.0
153.9	2.0
154.38	3.0
154.85	4.0
155.32	1.0
155.78	2.0
156.25	3.0
156.73	4.0
157.19	1.0
157.66	2.0
158.12	3.0
158.6	4.0
159.06	1.0
159.51	2.0
160.0	3.0
160.46	4.0
160.93	1.0
161.41	2.0
161.87	3.0
162.35	4.0
162.81	1.0
163.27	2.0
163.75	3.0
164.21	4.0
164.68	1.0
165.16	2.0
165.62	3.0
166.09	4.0
166.56	1.0
167.02	2.0
167.49	3.0
167.96	4.0
168.43	1.0
168.9	2.0
169.37	3.0
169.84	4.0
170.31	1.0
170.76	2.0
171.24	3.0
171.71	4.0
172.17	1.0
172.64	2.0
173.11	3.0
173.58	4.0
174.05	1.0
174.51	2.0
174.98	3.0
175.45	4.0
175.92	1.0
176.38	2.0
176.86	3.0
177.33	4.0
177.79	1.0
178.26	2.0
178.73	3.0
179.19	4.0
179.67	1.0
180.13	2.0
180.6	3.0
181.07	4.0
181.54	1.0
182.01	2.0
182.47	3.0
182.94	4.0
183.41	1.0
183.87	2.0
184.35	3.0
184.82	4.0
185.29	1.0
185.74	2.0
186.22	3.0
186.69	4.0
187.16	1.0
187.63	2.0
188.09	3.0
188.56	4.0
189.03	1.0
189.5	2.0
189.97	3.0
190.44	4.0
190.9	1.0
191.37	2.0
191.84	3.0
192.32	4.0
192.78	1.0
193.24	2.0
193.72	3.0
194.19	4.0
194.65	1.0
195.13	2.0
195.59	3.0
196.06	4.0
196.53	1.0
196.99	2.0
197.46	3.0
197.93	4.0
198.4	1.0
198.85	2.0
199.34	3.0
199.79	4.0
200.28	1.0
200.73	2.0
201.21	3.0
201.68	4.0
202.15	1.0
202.62	2.0
203.09	3.0
203.56	4.0
204.02	1.0
204.48	2.0
204.95	3.0
205.45	4.0
205.93	1.0
206.38	2.0
206.85	3.0
207.34	4.0
207.81	1.0
208.27	2.0
208.74	3.0
209.21	4.0
209.68	1.0
210.15	2.0
210.61	3.0
211.08	4.0
211.55	1.0
212.0	2.0
212.49	3.0
212.96	4.0
213.42	1.0
213.89	2.0
214.36	3.0
214.83	4.0
215.29	1.0
215.76	2.0
216.23	3.0
216.7	4.0
217.17	1.0
217.63	2.0
218.1	3.0
218.58	4.0
219.04	1.0
219.49	2.0
219.98	3.0
220.45	4.0
220.91	1.0
221.38	2.0
221.85	3.0
222.32	4.0
222.79	1.0
223.26	2.0
223.72	3.0
224.19	4.0
224.66	1.0
225.13	2.0
225.6	3.0
226.07	4.0
226.54	1.0
227.0	2.0
227.47	3.0
227.94	4.0
228.41	1.0
228.88	2.0
229.34	3.0
229.81	4.0
230.28	1.0
230.74	2.0
231.22	3.0
231.69	4.0
232.15	1.0
232.63	2.0
233.09	3.0
233.56	4.0
234.03	1.0
234.5	2.0
234.96	3.0
235.44	4.0
235.91	1.0
236.4	2.0
236.87	3.0
237.36	4.0
237.84	1.0
238.3	2.0
238.78	3.0
239.25	4.0
239.71	1.0
240.19	2.0
240.65	3.0
241.12	4.0
241.59	1.0
242.04	2.0
242.52	3.0
242.99	4.0
243.46	1.0
243.93	2.0
244.4	3.0
244.86	4.0
245.33	1.0
245.8	2.0
246.27	3.0
246.73	4.0
247.21	1.0
247.67	2.0
248.14	3.0
248.61	4.0
249.07	1.0
249.53	2.0
250.02	3.0
250.48	4.0
250.95	1.0
251.42	2.0
251.89	3.0
252.36	4.0
252.83	1.0
253.27	2.0
253.76	3.0
254.23	4.0
254.7	1.0
255.17	2.0
255.63	3.0
256.11	4.0
256.57	1.0
257.04	2.0
257.51	3.0
257.98	4.0
258.44	1.0
258.91	2.0
259.38	3.0
259.86	4.0
260.36	1.0
260.84	2.0
261.32	3.0
261.8	4.0
262.26	1.0
262.76	2.0
263.24	3.0
263.7	4.0
264.19	1.0
264.67	2.0
265.13	3.0
265.59	4.0
266.07	1.0
266.57	2.0
267.04	3.0
267.52	4.0
267.99	1.0
268.49	2.0
268.95	3.0
269.45	4.0
269.92	1.0
270.52	2.0
271.08	3.0
271.67	4.0
272.25	1.0
