0.12	1.0
0.61	2.0
1.1	3.0
1.61	4.0
2.11	1.0
2.61	2.0
3.11	3.0
3.61	4.0
4.11	1.0
4.61	2.0
5.12	3.0
5.61	4.0
6.11	1.0
6.61	2.0
7.11	3.0
7.61	4.0
8.11	1.0
8.61	2.0
9.11	3.0
9.61	4.0
10.11	1.0
10.63	2.0
11.11	3.0
11.62	4.0
12.11	1.0
12.61	2.0
13.13	3.0
13.63	4.0
14.11	1.0
14.62	2.0
15.12	3.0
15.6	4.0
16.11	1.0
16.63	2.0
17.12	3.0
17.62	4.0
18.11	1.0
18.6	2.0
19.12	3.0
19.62	4.0
20.12	1.0
20.59	2.0
21.12	3.0
21.62	4.0
22.11	1.0
22.6	2.0
23.11	3.0
23.61	4.0
24.1	1.0
24.6	2.0
25.11	3.0
25.62	4.0
26.09	1.0
26.6	2.0
27.11	3.0
27.59	4.0
28.09	1.0
28.62	2.0
29.11	3.0
29.62	4.0
30.1	1.0
30.6	2.0
31.1	3.0
31.61	4.0
32.11	1.0
32.62	2.0
33.12	3.0
33.59	4.0
34.09	1.0
34.6	2.0
35.1	3.0
35.62	4.0
36.1	1.0
36.61	2.0
37.11	3.0
37.62	4.0
38.11	1.0
38.59	2.0
39.1	3.0
39.62	4.0
40.11	1.0
40.61	2.0
41.1	3.0
41.62	4.0
42.1	1.0
42.61	2.0
43.11	3.0
43.62	4.0
44.08	1.0
44.6	2.0
45.1	3.0
45.6	4.0
46.1	1.0
46.58	2.0
47.1	3.0
47.59	4.0
48.1	1.0
48.59	2.0
49.09	3.0
49.61	4.0
50.11	1.0
50.59	2.0
51.1	3.0
51.58	4.0
52.09	1.0
52.59	2.0
53.09	3.0
53.61	4.0
54.09	1.0
54.58	2.0
55.09	3.0
55.61	4.0
56.1	1.0
56.6	2.0
57.09	3.0
57.6	4.0
58.1	1.0
58.58	2.0
59.09	3.0
59.57	4.0
60.09	1.0
60.58	2.0
61.09	3.0
61.58	4.0
62.1	1.0
62.59	2.0
63.09	3.0
63.6	4.0
64.09	1.0
64.58	2.0
65.09	3.0
65.6	4.0
66.1	1.0
66.59	2.0
67.09	3.0
67.59	4.0
68.09	1.0
68.59	2.0
69.09	3.0
69.57	4.0
70.09	1.0
70.6	2.0
71.09	3.0
71.6	4.0
72.09	1.0
72.57	2.0
73.08	3.0
73.58	4.0
74.09	1.0
74.58	2.0
75.09	3.0
75.59	4.0
76.08	1.0
76.58	2.0
77.08	3.0
77.59	4.0
78.09	1.0
78.59	2.0
79.08	3.0
79.59	4.0
80.08	1.0
80.57	2.0
81.06	3.0
81.57	4.0
82.08	1.0
82.58	2.0
83.08	3.0
83.58	4.0
84.07	1.0
84.57	2.0
85.08	3.0
85.57	4.0
86.08	1.0
86.56	2.0
87.07	3.0
87.58	4.0
88.08	1.0
88.56	2.0
89.07	3.0
89.57	4.0
90.08	1.0
90.57	2.0
91.07	3.0
91.58	4.0
92.08	1.0
92.55	2.0
93.07	3.0
93.57	4.0
94.07	1.0
94.57	2.0
95.08	3.0
95.58	4.0
96.07	1.0
96.58	2.0
97.07	3.0
97.57	4.0
98.07	1.0
98.57	2.0
99.07	3.0
99.57	4.0
100.07	1.0
100.57	2.0
101.07	3.0
101.57	4.0
102.07	1.0
102.57	2.0
103.07	3.0
103.57	4.0
104.07	1.0
104.57	2.0
105.07	3.0
105.56	4.0
106.07	1.0
106.56	2.0
107.06	3.0
107.57	4.0
108.07	1.0
108.57	2.0
109.06	3.0
109.56	4.0
110.07	1.0
110.55	2.0
111.06	3.0
111.56	4.0
112.06	1.0
112.56	2.0
113.06	3.0
113.56	4.0
114.06	1.0
114.56	2.0
115.06	3.0
115.57	4.0
116.06	1.0
116.57	2.0
117.06	3.0
117.56	4.0
118.06	1.0
118.56	2.0
119.06	3.0
119.56	4.0
120.06	1.0
120.56	2.0
121.06	3.0
121.56	4.0
122.06	1.0
122.56	2.0
123.06	3.0
123.57	4.0
124.06	1.0
124.55	2.0
125.06	3.0
125.57	4.0
126.06	1.0
126.57	2.0
127.05	3.0
127.56	4.0
128.05	1.0
128.55	2.0
129.05	3.0
129.56	4.0
130.06	1.0
130.55	2.0
131.05	3.0
131.55	4.0
132.06	1.0
132.55	2.0
133.05	3.0
133.55	4.0
134.05	1.0
134.56	2.0
135.05	3.0
135.57	4.0
136.05	1.0
136.55	2.0
137.05	3.0
137.55	4.0
138.05	1.0
138.54	2.0
139.05	3.0
139.55	4.0
140.05	1.0
140.54	2.0
141.05	3.0
141.54	4.0
142.05	1.0
142.55	2.0
143.05	3.0
143.55	4.0
144.05	1.0
144.54	2.0
145.04	3.0
145.55	4.0
146.04	1.0
146.55	2.0
147.04	3.0
147.53	4.0
148.05	1.0
148.54	2.0
149.04	3.0
149.54	4.0
150.04	1.0
150.54	2.0
151.04	3.0
151.55	4.0
152.04	1.0
152.53	2.0
153.04	3.0
153.54	4.0
154.04	1.0
154.54	2.0
155.04	3.0
155.54	4.0
156.05	1.0
156.54	2.0
157.04	3.0
157.54	4.0
158.04	1.0
158.54	2.0
159.04	3.0
159.54	4.0
160.04	1.0
160.54	2.0
161.03	3.0
161.54	4.0
162.04	1.0
162.53	2.0
163.04	3.0
163.54	4.0
164.03	1.0
164.53	2.0
165.03	3.0
165.54	4.0
166.04	1.0
166.53	2.0
167.03	3.0
167.54	4.0
168.04	1.0
168.54	2.0
169.03	3.0
169.53	4.0
170.03	1.0
170.53	2.0
171.03	3.0
171.54	4.0
172.03	1.0
172.53	2.0
173.03	3.0
173.53	4.0
174.03	1.0
174.53	2.0
175.03	3.0
175.53	4.0
176.03	1.0
176.53	2.0
177.03	3.0
177.53	4.0
178.03	1.0
178.52	2.0
179.02	3.0
179.53	4.0
180.03	1.0
180.52	2.0
181.02	3.0
181.53	4.0
182.02	1.0
182.52	2.0
183.02	3.0
183.53	4.0
184.03	1.0
184.52	2.0
185.02	3.0
185.52	4.0
186.03	1.0
186.53	2.0
187.06	3.0
187.64	4.0
188.27	1.0
188.78	2.0
189.3	3.0
189.8	4.0
190.3	1.0
190.8	2.0
191.3	3.0
191.8	4.0
192.3	1.0
192.79	2.0
193.3	3.0
193.8	4.0
194.3	1.0
194.78	2.0
195.3	3.0
195.8	4.0
196.3	1.0
196.79	2.0
197.29	3.0
197.8	4.0
198.29	1.0
198.79	2.0
199.3	3.0
199.8	4.0
200.3	1.0
200.79	2.0
201.29	3.0
201.8	4.0
202.3	1.0
202.79	2.0
203.29	3.0
203.79	4.0
204.29	1.0
204.78	2.0
205.29	3.0
205.79	4.0
206.29	1.0
206.78	2.0
207.29	3.0
207.79	4.0
208.29	1.0
208.79	2.0
209.29	3.0
209.79	4.0
210.29	1.0
210.79	2.0
211.29	3.0
211.79	4.0
212.29	1.0
212.79	2.0
213.29	3.0
213.78	4.0
214.29	1.0
214.79	2.0
215.29	3.0
215.79	4.0
216.29	1.0
216.78	2.0
217.28	3.0
217.79	4.0
218.29	1.0
218.78	2.0
219.29	3.0
219.78	4.0
220.28	1.0
220.77	2.0
221.29	3.0
221.78	4.0
222.29	1.0
222.78	2.0
223.28	3.0
223.78	4.0
224.35	1.0
224.89	2.0
225.44	3.0
226.07	4.0
226.73	1.0
227.34	2.0
227.87	3.0
228.43	4.0
229.0	1.0
229.58	2.0
230.11	3.0
230.68	4.0
231.25	1.0
231.8	2.0
232.31	3.0
232.84	4.0
233.37	1.0
233.85	2.0
234.35	3.0
234.84	4.0
235.34	1.0
235.83	2.0
236.32	3.0
236.83	4.0
237.36	1.0
237.86	2.0
238.36	3.0
238.87	4.0
239.4	1.0
239.91	2.0
240.42	3.0
240.98	4.0
241.56	1.0
242.1	2.0
242.67	3.0
243.26	4.0
243.81	1.0
244.41	2.0
245.0	3.0
245.58	4.0
246.15	1.0
246.73	2.0
247.3	3.0
247.87	4.0
248.48	1.0
249.03	2.0
249.64	3.0
250.22	4.0
