0.54	4.0
0.97	1.0
1.42	2.0
1.85	3.0
2.3	4.0
2.73	1.0
3.17	2.0
3.62	3.0
4.07	4.0
4.5	1.0
4.94	2.0
5.38	3.0
5.83	4.0
6.27	1.0
6.71	2.0
7.14	3.0
7.59	4.0
8.03	1.0
8.48	2.0
8.91	3.0
9.35	4.0
9.78	1.0
10.23	2.0
10.67	3.0
11.12	4.0
11.56	1.0
11.98	2.0
12.44	3.0
12.88	4.0
13.32	1.0
13.76	2.0
14.2	3.0
14.64	4.0
15.09	1.0
15.53	2.0
15.97	3.0
16.41	4.0
16.84	1.0
17.29	2.0
17.73	3.0
18.18	4.0
18.61	1.0
19.05	2.0
19.49	3.0
19.94	4.0
20.37	1.0
20.8	2.0
21.25	3.0
21.7	4.0
22.14	1.0
22.59	2.0
23.02	3.0
23.47	4.0
23.9	1.0
24.34	2.0
24.79	3.0
25.23	4.0
25.67	1.0
26.11	2.0
26.55	3.0
26.99	4.0
27.42	1.0
27.87	2.0
28.31	3.0
28.75	4.0
29.2	1.0
29.64	2.0
30.08	3.0
30.52	4.0
30.96	1.0
31.4	2.0
31.84	3.0
32.28	4.0
32.72	1.0
33.17	2.0
33.6	3.0
34.05	4.0
34.48	1.0
34.91	2.0
35.36	3.0
35.81	4.0
36.25	1.0
36.7	2.0
37.13	3.0
37.57	4.0
38.01	1.0
38.45	2.0
38.9	3.0
39.34	4.0
39.78	1.0
40.22	2.0
40.66	3.0
41.1	4.0
41.53	1.0
41.98	2.0
42.42	3.0
42.86	4.0
43.31	1.0
43.76	2.0
44.18	3.0
44.63	4.0
45.07	1.0
45.51	2.0
45.95	3.0
46.4	4.0
46.83	1.0
47.27	2.0
47.71	3.0
48.16	4.0
48.6	1.0
49.04	2.0
49.48	3.0
49.93	4.0
50.37	1.0
50.81	2.0
51.24	3.0
51.69	4.0
52.13	1.0
52.57	2.0
53.01	3.0
53.45	4.0
53.89	1.0
54.33	2.0
54.77	3.0
55.22	4.0
55.66	1.0
56.09	2.0
56.53	3.0
56.98	4.0
57.42	1.0
57.86	2.0
58.3	3.0
58.74	4.0
59.18	1.0
59.62	2.0
60.06	3.0
60.51	4.0
60.95	1.0
61.39	2.0
61.82	3.0
62.27	4.0
62.71	1.0
63.15	2.0
63.59	3.0
64.04	4.0
64.47	1.0
64.9	2.0
65.35	3.0
65.8	4.0
66.24	1.0
66.67	2.0
67.12	3.0
67.56	4.0
68.0	1.0
68.44	2.0
68.88	3.0
69.33	4.0
69.77	1.0
70.2	2.0
70.64	3.0
71.09	4.0
71.53	1.0
71.97	2.0
72.41	3.0
72.85	4.0
73.29	1.0
73.73	2.0
74.17	3.0
74.62	4.0
75.06	1.0
75.5	2.0
75.93	3.0
76.38	4.0
76.81	1.0
77.26	2.0
77.7	3.0
78.14	4.0
78.58	1.0
79.02	2.0
79.46	3.0
79.91	4.0
80.34	1.0
80.78	2.0
81.22	3.0
81.67	4.0
82.11	1.0
82.56	2.0
82.99	3.0
83.44	4.0
83.88	1.0
84.31	2.0
84.75	3.0
85.2	4.0
85.64	1.0
86.08	2.0
86.51	3.0
86.96	4.0
87.4	1.0
87.84	2.0
88.28	3.0
88.72	4.0
89.16	1.0
89.61	2.0
90.04	3.0
90.49	4.0
90.93	1.0
91.36	2.0
91.81	3.0
92.26	4.0
92.69	1.0
93.14	2.0
93.57	3.0
94.02	4.0
94.45	1.0
94.89	2.0
95.34	3.0
95.78	4.0
96.22	1.0
96.66	2.0
97.1	3.0
97.54	4.0
97.98	1.0
98.43	2.0
98.86	3.0
99.3	4.0
99.75	1.0
100.18	2.0
100.62	3.0
101.07	4.0
101.51	1.0
101.95	2.0
102.39	3.0
102.83	4.0
103.27	1.0
103.73	2.0
104.16	3.0
104.6	4.0
105.04	1.0
105.48	2.0
105.92	3.0
106.36	4.0
106.8	1.0
107.24	2.0
107.68	3.0
108.13	4.0
108.57	1.0
109.0	2.0
109.45	3.0
109.89	4.0
110.33	1.0
110.78	2.0
111.21	3.0
111.66	4.0
112.1	1.0
112.54	2.0
112.98	3.0
113.42	4.0
113.86	1.0
114.3	2.0
114.74	3.0
115.18	4.0
115.62	1.0
116.06	2.0
116.5	3.0
116.95	4.0
117.39	1.0
117.83	2.0
118.27	3.0
118.71	4.0
119.15	1.0
119.59	2.0
120.03	3.0
120.48	4.0
120.91	1.0
121.35	2.0
121.79	3.0
122.25	4.0
122.68	1.0
123.12	2.0
123.56	3.0
124.0	4.0
124.44	1.0
124.88	2.0
125.32	3.0
125.77	4.0
126.21	1.0
126.65	2.0
127.08	3.0
127.53	4.0
127.97	1.0
128.41	2.0
128.85	3.0
129.3	4.0
129.74	1.0
130.17	2.0
130.61	3.0
131.06	4.0
131.5	1.0
131.94	2.0
132.38	3.0
132.82	4.0
133.26	1.0
133.7	2.0
134.14	3.0
134.59	4.0
135.02	1.0
135.46	2.0
135.9	3.0
136.35	4.0
136.79	1.0
137.23	2.0
137.66	3.0
138.12	4.0
138.55	1.0
139.0	2.0
139.43	3.0
139.88	4.0
140.31	1.0
140.75	2.0
141.19	3.0
141.64	4.0
142.08	1.0
142.52	2.0
142.96	3.0
143.4	4.0
143.84	1.0
144.29	2.0
144.72	3.0
145.17	4.0
145.6	1.0
146.05	2.0
146.49	3.0
146.93	4.0
147.37	1.0
147.81	2.0
148.25	3.0
148.69	4.0
149.13	1.0
149.58	2.0
150.02	3.0
150.46	4.0
150.89	1.0
151.32	2.0
151.78	3.0
152.22	4.0
152.66	1.0
153.08	2.0
153.54	3.0
153.98	4.0
154.42	1.0
154.86	2.0
155.3	3.0
155.75	4.0
156.19	1.0
156.63	2.0
157.07	3.0
157.51	4.0
157.95	1.0
158.39	2.0
158.83	3.0
159.28	4.0
159.72	1.0
160.15	2.0
160.59	3.0
161.03	4.0
161.48	1.0
161.91	2.0
162.36	3.0
162.8	4.0
163.24	1.0
163.58	2.0
163.9	3.0
164.26	4.0
164.58	1.0
165.0	2.0
165.46	3.0
165.89	4.0
166.33	1.0
166.77	2.0
167.21	3.0
167.65	4.0
168.1	1.0
168.53	2.0
168.98	3.0
169.41	4.0
169.86	1.0
170.3	2.0
170.73	3.0
171.18	4.0
171.63	1.0
172.06	2.0
172.51	3.0
172.94	4.0
173.39	1.0
173.83	2.0
174.27	3.0
174.71	4.0
175.15	1.0
175.59	2.0
176.03	3.0
176.46	4.0
176.92	1.0
177.35	2.0
177.79	3.0
178.23	4.0
178.68	1.0
179.12	2.0
179.56	3.0
180.0	4.0
180.44	1.0
180.88	2.0
181.31	3.0
181.76	4.0
182.21	1.0
182.64	2.0
183.08	3.0
183.52	4.0
183.97	1.0
184.41	2.0
184.85	3.0
185.29	4.0
185.73	1.0
186.17	2.0
186.6	3.0
187.05	4.0
187.49	1.0
187.94	2.0
188.38	3.0
188.82	4.0
189.26	1.0
189.7	2.0
190.14	3.0
190.58	4.0
191.02	1.0
191.46	2.0
191.9	3.0
192.34	4.0
192.79	1.0
193.23	2.0
193.68	3.0
194.11	4.0
194.55	1.0
195.0	2.0
195.43	3.0
195.87	4.0
196.32	1.0
196.75	2.0
197.18	3.0
197.63	4.0
198.08	1.0
198.52	2.0
198.96	3.0
199.4	4.0
199.85	1.0
200.28	2.0
200.73	3.0
201.16	4.0
201.62	1.0
202.05	2.0
202.49	3.0
202.92	4.0
203.37	1.0
203.81	2.0
204.25	3.0
204.69	4.0
205.13	1.0
205.57	2.0
206.01	3.0
206.45	4.0
206.9	1.0
207.34	2.0
207.78	3.0
208.21	4.0
208.66	1.0
209.1	2.0
209.53	3.0
209.98	4.0
210.42	1.0
210.86	2.0
211.3	3.0
211.74	4.0
212.19	1.0
212.63	2.0
213.07	3.0
213.51	4.0
213.96	1.0
214.39	2.0
214.83	3.0
215.27	4.0
215.71	1.0
216.15	2.0
216.59	3.0
217.03	4.0
217.48	1.0
217.92	2.0
218.36	3.0
218.8	4.0
219.25	1.0
219.68	2.0
220.12	3.0
220.56	4.0
221.0	1.0
221.44	2.0
221.9	3.0
222.33	4.0
222.77	1.0
223.21	2.0
223.65	3.0
224.09	4.0
224.53	1.0
224.97	2.0
225.41	3.0
225.85	4.0
226.3	1.0
226.73	2.0
227.17	3.0
227.61	4.0
228.06	1.0
228.5	2.0
228.94	3.0
229.38	4.0
229.83	1.0
230.26	2.0
230.7	3.0
231.14	4.0
231.59	1.0
232.02	2.0
232.46	3.0
232.91	4.0
233.35	1.0
233.79	2.0
234.23	3.0
234.67	4.0
235.12	1.0
235.56	2.0
236.0	3.0
236.44	4.0
236.88	1.0
237.32	2.0
237.75	3.0
238.2	4.0
238.65	1.0
239.08	2.0
239.52	3.0
239.96	4.0
240.42	1.0
240.84	2.0
241.29	3.0
241.72	4.0
242.18	1.0
242.61	2.0
243.05	3.0
243.49	4.0
243.94	1.0
244.38	2.0
244.82	3.0
245.25	4.0
245.7	1.0
246.13	2.0
246.58	3.0
247.01	4.0
247.46	1.0
247.89	2.0
248.33	3.0
248.78	4.0
249.24	1.0
249.66	2.0
250.11	3.0
250.54	4.0
250.98	1.0
251.43	2.0
251.87	3.0
252.3	4.0
252.74	1.0
253.18	2.0
253.64	3.0
254.07	4.0
254.51	1.0
254.94	2.0
255.38	3.0
255.83	4.0
256.26	1.0
256.72	2.0
257.16	3.0
257.6	4.0
258.03	1.0
258.48	2.0
258.9	3.0
259.36	4.0
