0.46	1.0
0.94	2.0
1.44	3.0
1.93	4.0
2.42	1.0
2.9	2.0
3.4	3.0
3.89	4.0
4.39	1.0
4.88	2.0
5.37	3.0
5.86	4.0
6.35	1.0
6.84	2.0
7.33	3.0
7.83	4.0
8.32	1.0
8.82	2.0
9.3	3.0
9.79	4.0
10.28	1.0
10.77	2.0
11.26	3.0
11.76	4.0
12.25	1.0
12.74	2.0
13.23	3.0
13.73	4.0
14.22	1.0
14.7	2.0
15.19	3.0
15.69	4.0
16.18	1.0
16.68	2.0
17.16	3.0
17.66	4.0
18.15	1.0
18.64	2.0
19.13	3.0
19.62	4.0
20.11	1.0
20.59	2.0
21.09	3.0
21.58	4.0
22.08	1.0
22.57	2.0
23.06	3.0
23.54	4.0
24.04	1.0
24.54	2.0
25.02	3.0
25.52	4.0
26.01	1.0
26.5	2.0
26.99	3.0
27.49	4.0
27.97	1.0
28.47	2.0
28.95	3.0
29.44	4.0
29.93	1.0
30.44	2.0
30.94	3.0
31.41	4.0
31.9	1.0
32.39	2.0
32.89	3.0
33.37	4.0
33.86	1.0
34.36	2.0
34.85	3.0
35.34	4.0
35.83	1.0
36.32	2.0
36.82	3.0
37.3	4.0
37.8	1.0
38.29	2.0
38.78	3.0
39.28	4.0
39.76	1.0
40.25	2.0
40.75	3.0
41.23	4.0
41.73	1.0
42.21	2.0
42.71	3.0
43.2	4.0
43.69	1.0
44.2	2.0
44.68	3.0
45.17	4.0
45.66	1.0
46.14	2.0
46.64	3.0
47.14	4.0
47.62	1.0
48.11	2.0
48.61	3.0
49.09	4.0
49.59	1.0
50.08	2.0
50.57	3.0
51.06	4.0
51.55	1.0
52.05	2.0
52.54	3.0
53.03	4.0
53.52	1.0
54.01	2.0
54.5	3.0
54.99	4.0
55.48	1.0
55.98	2.0
56.47	3.0
56.95	4.0
57.45	1.0
57.94	2.0
58.43	3.0
58.92	4.0
59.41	1.0
59.91	2.0
60.4	3.0
60.89	4.0
61.38	1.0
61.87	2.0
62.36	3.0
62.86	4.0
63.34	1.0
63.83	2.0
64.33	3.0
64.82	4.0
65.31	1.0
65.8	2.0
66.29	3.0
66.78	4.0
67.27	1.0
67.78	2.0
68.26	3.0
68.75	4.0
69.24	1.0
69.72	2.0
70.22	3.0
70.73	4.0
71.24	1.0
71.72	2.0
72.21	3.0
72.7	4.0
73.19	1.0
73.68	2.0
74.18	3.0
74.67	4.0
75.16	1.0
75.65	2.0
76.14	3.0
76.64	4.0
77.12	1.0
77.61	2.0
78.11	3.0
78.61	4.0
79.09	1.0
79.58	2.0
80.07	3.0
80.56	4.0
81.06	1.0
81.54	2.0
82.04	3.0
82.53	4.0
83.02	1.0
83.51	2.0
84.0	3.0
84.5	4.0
84.99	1.0
85.47	2.0
85.97	3.0
86.47	4.0
86.95	1.0
87.44	2.0
87.94	3.0
88.43	4.0
88.92	1.0
89.41	2.0
89.9	3.0
90.39	4.0
90.88	1.0
91.37	2.0
91.86	3.0
92.36	4.0
92.85	1.0
93.33	2.0
93.83	3.0
94.32	4.0
94.81	1.0
95.3	2.0
95.79	3.0
96.29	4.0
96.78	1.0
97.27	2.0
97.76	3.0
98.25	4.0
98.75	1.0
99.24	2.0
99.73	3.0
100.22	4.0
100.71	1.0
101.18	2.0
101.66	3.0
102.15	4.0
102.67	1.0
103.17	2.0
103.64	3.0
104.15	4.0
104.64	1.0
105.13	2.0
105.63	3.0
106.11	4.0
106.6	1.0
107.09	2.0
107.58	3.0
108.08	4.0
108.57	1.0
109.07	2.0
109.56	3.0
110.05	4.0
110.54	1.0
111.02	2.0
111.52	3.0
112.01	4.0
112.5	1.0
113.0	2.0
113.49	3.0
113.98	4.0
114.47	1.0
114.95	2.0
115.45	3.0
115.94	4.0
116.43	1.0
116.92	2.0
117.41	3.0
117.9	4.0
118.4	1.0
118.89	2.0
119.38	3.0
119.87	4.0
120.36	1.0
120.85	2.0
121.35	3.0
121.84	4.0
122.33	1.0
122.8	2.0
123.31	3.0
123.8	4.0
124.29	1.0
124.78	2.0
125.28	3.0
125.77	4.0
126.26	1.0
126.75	2.0
127.24	3.0
127.73	4.0
128.22	1.0
128.72	2.0
129.21	3.0
129.7	4.0
130.19	1.0
130.68	2.0
131.17	3.0
131.66	4.0
132.15	1.0
132.65	2.0
133.16	3.0
133.66	4.0
134.17	1.0
134.69	2.0
135.2	3.0
135.72	4.0
136.25	1.0
136.75	2.0
137.24	3.0
137.74	4.0
138.23	1.0
138.72	2.0
139.21	3.0
139.7	4.0
140.19	1.0
140.68	2.0
141.17	3.0
141.67	4.0
142.16	1.0
142.65	2.0
143.14	3.0
143.63	4.0
144.12	1.0
144.61	2.0
145.11	3.0
145.6	4.0
146.09	1.0
146.58	2.0
147.07	3.0
147.57	4.0
148.05	1.0
148.55	2.0
149.04	3.0
149.53	4.0
150.02	1.0
150.51	2.0
151.0	3.0
151.5	4.0
151.99	1.0
152.47	2.0
152.97	3.0
153.46	4.0
153.95	1.0
154.44	2.0
154.93	3.0
155.43	4.0
155.91	1.0
156.39	2.0
156.89	3.0
157.39	4.0
157.88	1.0
158.37	2.0
158.86	3.0
159.37	4.0
159.85	1.0
160.33	2.0
160.83	3.0
161.32	4.0
161.81	1.0
162.3	2.0
162.79	3.0
163.29	4.0
163.78	1.0
164.27	2.0
164.76	3.0
165.25	4.0
165.74	1.0
166.24	2.0
166.73	3.0
167.22	4.0
167.71	1.0
168.19	2.0
168.69	3.0
169.18	4.0
169.67	1.0
170.17	2.0
170.66	3.0
171.15	4.0
171.64	1.0
172.13	2.0
172.62	3.0
173.11	4.0
173.6	1.0
174.1	2.0
174.59	3.0
175.08	4.0
175.57	1.0
176.06	2.0
176.55	3.0
177.04	4.0
177.53	1.0
178.02	2.0
178.52	3.0
179.02	4.0
179.5	1.0
179.99	2.0
180.48	3.0
180.98	4.0
181.46	1.0
181.96	2.0
182.45	3.0
182.95	4.0
183.43	1.0
183.92	2.0
184.41	3.0
184.91	4.0
185.4	1.0
185.9	2.0
186.38	3.0
186.87	4.0
187.36	1.0
187.85	2.0
188.34	3.0
188.84	4.0
189.33	1.0
189.81	2.0
190.31	3.0
190.81	4.0
191.29	1.0
191.78	2.0
192.27	3.0
192.77	4.0
193.25	1.0
193.75	2.0
194.24	3.0
194.74	4.0
195.22	1.0
195.71	2.0
196.21	3.0
196.7	4.0
197.19	1.0
197.68	2.0
198.17	3.0
198.66	4.0
199.16	1.0
199.65	2.0
200.14	3.0
200.63	4.0
201.12	1.0
201.6	2.0
202.1	3.0
202.59	4.0
203.08	1.0
203.57	2.0
204.07	3.0
204.56	4.0
205.05	1.0
205.54	2.0
206.03	3.0
206.54	4.0
207.02	1.0
207.51	2.0
208.0	3.0
208.49	4.0
208.98	1.0
209.46	2.0
209.96	3.0
210.43	4.0
210.95	1.0
211.41	2.0
211.93	3.0
212.42	4.0
