0.22	1.0
0.84	2.0
1.42	3.0
2.02	4.0
2.65	1.0
3.25	2.0
3.82	3.0
4.41	4.0
4.99	1.0
5.57	2.0
6.16	3.0
6.76	4.0
7.36	1.0
7.94	2.0
8.5	3.0
9.09	4.0
9.66	1.0
10.26	2.0
10.88	3.0
11.48	4.0
12.1	1.0
12.69	2.0
13.3	3.0
13.88	4.0
14.46	1.0
15.04	2.0
15.65	3.0
16.25	4.0
16.87	1.0
17.47	2.0
18.07	3.0
18.65	4.0
19.24	1.0
19.82	2.0
20.44	3.0
21.03	4.0
21.64	1.0
22.23	2.0
22.84	3.0
23.44	4.0
24.03	1.0
24.63	2.0
25.24	3.0
25.86	4.0
26.46	1.0
27.05	2.0
27.65	3.0
28.22	4.0
28.79	1.0
29.39	2.0
29.99	3.0
30.57	4.0
31.15	1.0
31.72	2.0
32.3	3.0
32.88	4.0
33.46	1.0
34.07	2.0
34.65	3.0
35.23	4.0
35.83	1.0
36.41	2.0
36.98	3.0
37.56	4.0
38.15	1.0
38.73	2.0
39.32	3.0
39.9	4.0
40.49	1.0
41.06	2.0
41.66	3.0
42.21	4.0
42.81	1.0
43.39	2.0
43.98	3.0
44.58	4.0
45.16	1.0
45.76	2.0
46.35	3.0
46.94	4.0
47.49	1.0
48.09	2.0
48.69	3.0
49.27	4.0
49.86	1.0
50.43	2.0
51.03	3.0
51.6	4.0
52.16	1.0
52.77	2.0
53.34	3.0
53.94	4.0
54.52	1.0
55.08	2.0
55.66	3.0
56.24	4.0
56.79	1.0
57.4	2.0
57.97	3.0
58.57	4.0
59.16	1.0
59.75	2.0
60.34	3.0
60.9	4.0
61.47	1.0
62.08	2.0
62.67	3.0
63.24	4.0
63.82	1.0
64.39	2.0
64.99	3.0
65.57	4.0
66.15	1.0
66.76	2.0
67.35	3.0
67.94	4.0
68.55	1.0
69.14	2.0
69.74	3.0
70.33	4.0
70.93	1.0
71.53	2.0
72.13	3.0
72.72	4.0
73.31	1.0
73.89	2.0
74.5	3.0
75.06	4.0
75.62	1.0
76.22	2.0
76.8	3.0
77.39	4.0
77.97	1.0
78.55	2.0
79.14	3.0
79.71	4.0
80.28	1.0
80.86	2.0
81.45	3.0
82.02	4.0
82.61	1.0
83.19	2.0
83.77	3.0
84.33	4.0
84.91	1.0
85.5	2.0
86.08	3.0
86.66	4.0
87.23	1.0
87.82	2.0
88.39	3.0
88.97	4.0
89.55	1.0
90.14	2.0
90.71	3.0
91.3	4.0
91.9	1.0
92.46	2.0
93.05	3.0
93.59	4.0
94.14	1.0
94.73	2.0
95.32	3.0
95.88	4.0
96.46	1.0
97.04	2.0
97.62	3.0
98.18	4.0
98.76	1.0
99.34	2.0
99.91	3.0
100.48	4.0
101.06	1.0
101.63	2.0
102.2	3.0
102.75	4.0
103.32	1.0
103.9	2.0
104.46	3.0
105.03	4.0
105.61	1.0
106.17	2.0
106.75	3.0
107.31	4.0
107.87	1.0
108.47	2.0
109.05	3.0
109.62	4.0
110.2	1.0
110.76	2.0
111.3	3.0
111.85	4.0
112.42	1.0
113.01	2.0
113.59	3.0
114.15	4.0
114.72	1.0
115.29	2.0
115.87	3.0
116.43	4.0
117.0	1.0
117.57	2.0
118.16	3.0
118.73	4.0
119.31	1.0
119.87	2.0
120.44	3.0
121.02	4.0
121.57	1.0
122.14	2.0
122.72	3.0
123.28	4.0
123.87	1.0
124.43	2.0
125.0	3.0
125.57	4.0
126.13	1.0
126.71	2.0
127.28	3.0
127.84	4.0
128.41	1.0
128.96	2.0
129.53	3.0
130.07	4.0
130.63	1.0
131.24	2.0
131.81	3.0
132.38	4.0
132.96	1.0
133.55	2.0
134.12	3.0
134.68	4.0
135.25	1.0
135.82	2.0
136.38	3.0
136.95	4.0
137.52	1.0
138.1	2.0
138.68	3.0
139.25	4.0
139.82	1.0
140.4	2.0
140.97	3.0
141.52	4.0
142.1	1.0
142.67	2.0
143.22	3.0
143.8	4.0
144.36	1.0
144.95	2.0
145.52	3.0
146.07	4.0
146.66	1.0
147.25	2.0
147.81	3.0
148.41	4.0
148.97	1.0
149.57	2.0
150.15	3.0
150.7	4.0
151.3	1.0
151.86	2.0
152.45	3.0
153.02	4.0
153.58	1.0
154.16	2.0
154.75	3.0
155.31	4.0
155.88	1.0
156.46	2.0
157.04	3.0
157.6	4.0
158.18	1.0
158.79	2.0
159.37	3.0
159.95	4.0
160.54	1.0
161.11	2.0
161.67	3.0
162.24	4.0
162.81	1.0
163.4	2.0
163.98	3.0
164.57	4.0
165.14	1.0
165.75	2.0
166.32	3.0
166.88	4.0
167.45	1.0
168.06	2.0
168.65	3.0
169.23	4.0
169.81	1.0
170.41	2.0
170.99	3.0
171.57	4.0
172.16	1.0
172.74	2.0
173.34	3.0
173.92	4.0
174.51	1.0
175.09	2.0
175.67	3.0
176.24	4.0
176.79	1.0
177.38	2.0
177.96	3.0
178.55	4.0
179.13	1.0
179.7	2.0
180.29	3.0
180.85	4.0
181.43	1.0
182.0	2.0
182.59	3.0
183.16	4.0
183.76	1.0
184.32	2.0
184.88	3.0
185.45	4.0
186.03	1.0
186.63	2.0
187.21	3.0
187.78	4.0
188.35	1.0
188.92	2.0
189.5	3.0
190.07	4.0
190.66	1.0
191.24	2.0
191.8	3.0
192.39	4.0
192.98	1.0
193.54	2.0
194.11	3.0
194.66	4.0
195.23	1.0
195.8	2.0
196.36	3.0
196.93	4.0
197.51	1.0
198.1	2.0
198.68	3.0
199.25	4.0
199.82	1.0
200.4	2.0
200.98	3.0
201.56	4.0
202.13	1.0
202.72	2.0
203.29	3.0
203.86	4.0
204.43	1.0
205.0	2.0
205.59	3.0
206.17	4.0
206.75	1.0
207.33	2.0
207.91	3.0
208.49	4.0
209.07	1.0
209.66	2.0
210.25	3.0
210.82	4.0
211.41	1.0
211.98	2.0
212.54	3.0
213.1	4.0
213.65	1.0
214.23	2.0
214.82	3.0
215.38	4.0
215.95	1.0
216.52	2.0
217.08	3.0
217.65	4.0
218.21	1.0
218.78	2.0
219.36	3.0
219.91	4.0
220.48	1.0
221.06	2.0
221.62	3.0
222.2	4.0
222.77	1.0
223.37	2.0
223.94	3.0
224.53	4.0
225.09	1.0
225.68	2.0
