0.3	3.0
1.0	1.0
1.7	2.0
2.43	3.0
3.11	1.0
3.81	2.0
4.51	3.0
5.17	1.0
5.89	2.0
6.54	3.0
7.21	1.0
7.9	2.0
8.57	3.0
9.24	1.0
9.95	2.0
10.61	3.0
11.27	1.0
11.97	2.0
12.64	3.0
13.32	1.0
14.01	2.0
14.7	3.0
15.39	1.0
16.07	2.0
16.77	3.0
17.41	1.0
18.1	2.0
18.79	3.0
19.45	1.0
20.11	2.0
20.77	3.0
21.43	1.0
22.11	2.0
22.77	3.0
23.43	1.0
24.1	2.0
24.76	3.0
25.44	1.0
26.11	2.0
26.79	3.0
27.48	1.0
28.16	2.0
28.81	3.0
29.47	1.0
30.17	2.0
30.83	3.0
31.51	1.0
32.18	2.0
32.85	3.0
33.5	1.0
34.2	2.0
34.87	3.0
35.56	1.0
36.24	2.0
36.93	3.0
37.61	1.0
38.33	2.0
38.98	3.0
39.62	1.0
40.26	2.0
40.95	3.0
41.62	1.0
42.3	2.0
42.99	3.0
43.66	1.0
44.34	2.0
45.02	3.0
45.69	1.0
46.39	2.0
47.07	3.0
47.76	1.0
48.44	2.0
49.09	3.0
49.76	1.0
50.44	2.0
51.13	3.0
51.78	1.0
52.46	2.0
53.13	3.0
53.82	1.0
54.54	2.0
55.2	3.0
55.86	1.0
56.55	2.0
57.24	3.0
57.9	1.0
58.58	2.0
59.25	3.0
59.93	1.0
60.64	2.0
61.3	3.0
61.97	1.0
62.66	2.0
63.33	3.0
64.01	1.0
64.69	2.0
65.37	3.0
66.06	1.0
66.73	2.0
67.38	3.0
68.05	1.0
68.7	2.0
69.37	3.0
70.05	1.0
70.75	2.0
71.38	3.0
72.06	1.0
72.73	2.0
73.42	3.0
74.07	1.0
74.76	2.0
75.44	3.0
76.12	1.0
76.78	2.0
77.44	3.0
78.08	1.0
78.78	2.0
79.47	3.0
80.13	1.0
80.82	2.0
81.5	3.0
82.18	1.0
82.87	2.0
83.54	3.0
84.22	1.0
84.89	2.0
85.57	3.0
86.22	1.0
86.92	2.0
87.58	3.0
88.28	1.0
88.99	2.0
89.67	3.0
90.3	1.0
91.0	2.0
91.67	3.0
92.36	1.0
93.03	2.0
93.72	3.0
94.39	1.0
95.07	2.0
95.76	3.0
96.42	1.0
97.13	2.0
97.77	3.0
98.47	1.0
99.17	2.0
99.86	3.0
100.56	1.0
101.23	2.0
101.9	3.0
102.57	1.0
103.24	2.0
103.94	3.0
104.6	1.0
105.26	2.0
105.91	3.0
106.59	1.0
107.28	2.0
107.95	3.0
108.6	1.0
109.29	2.0
109.95	3.0
110.6	1.0
111.33	2.0
112.04	3.0
112.7	1.0
113.41	2.0
114.05	3.0
114.77	1.0
115.49	2.0
116.19	3.0
116.9	1.0
117.59	2.0
118.3	3.0
118.98	1.0
119.71	2.0
120.41	3.0
121.08	1.0
121.77	2.0
122.45	3.0
123.13	1.0
123.84	2.0
124.54	3.0
125.25	1.0
125.95	2.0
126.65	3.0
127.33	1.0
128.03	2.0
128.71	3.0
129.37	1.0
130.05	2.0
130.75	3.0
131.4	1.0
132.12	2.0
132.79	3.0
133.47	1.0
134.14	2.0
134.82	3.0
135.5	1.0
136.2	2.0
136.95	3.0
137.59	1.0
138.29	2.0
138.95	3.0
139.65	1.0
140.32	2.0
141.01	3.0
141.7	1.0
142.36	2.0
143.0	3.0
143.69	1.0
144.41	2.0
145.11	3.0
145.78	1.0
146.42	2.0
147.1	3.0
147.76	1.0
148.38	2.0
149.05	3.0
149.73	1.0
150.41	2.0
151.05	3.0
151.73	1.0
152.4	2.0
153.12	3.0
153.81	1.0
154.45	2.0
155.08	3.0
155.8	1.0
156.48	2.0
157.21	3.0
157.86	1.0
158.57	2.0
159.22	3.0
159.91	1.0
160.59	2.0
161.29	3.0
161.92	1.0
162.55	2.0
163.18	3.0
163.89	1.0
164.55	2.0
165.18	3.0
165.83	1.0
166.45	2.0
167.11	3.0
167.74	1.0
168.42	2.0
169.06	3.0
169.74	1.0
170.4	2.0
171.07	3.0
171.73	1.0
172.4	2.0
173.05	3.0
173.73	1.0
174.41	2.0
175.05	3.0
175.7	1.0
176.37	2.0
177.01	3.0
177.68	1.0
178.34	2.0
179.01	3.0
179.66	1.0
180.35	2.0
181.0	3.0
181.65	1.0
182.28	2.0
182.94	3.0
183.58	1.0
184.26	2.0
184.89	3.0
185.55	1.0
186.2	2.0
186.86	3.0
187.51	1.0
188.12	2.0
188.77	3.0
189.43	1.0
190.06	2.0
190.7	3.0
191.38	1.0
192.03	2.0
192.68	3.0
193.3	1.0
193.93	2.0
194.56	3.0
195.17	1.0
195.83	2.0
196.46	3.0
197.05	1.0
197.67	2.0
198.3	3.0
198.91	1.0
199.57	2.0
200.2	3.0
200.84	1.0
201.48	2.0
202.15	3.0
202.81	1.0
203.48	2.0
204.1	3.0
204.79	1.0
205.45	2.0
206.12	3.0
206.79	1.0
207.49	2.0
208.16	3.0
208.81	1.0
209.47	2.0
210.12	3.0
210.77	1.0
211.42	2.0
212.1	3.0
212.76	1.0
213.45	2.0
214.09	3.0
214.75	1.0
215.42	2.0
216.06	3.0
216.74	1.0
217.39	2.0
218.06	3.0
218.7	1.0
219.34	2.0
220.04	3.0
220.7	1.0
221.34	2.0
222.01	3.0
222.64	1.0
223.3	2.0
223.95	3.0
224.63	1.0
225.29	2.0
225.93	3.0
226.58	1.0
227.24	2.0
227.92	3.0
228.58	1.0
229.21	2.0
229.85	3.0
230.5	1.0
231.17	2.0
231.79	3.0
232.41	1.0
233.03	2.0
233.67	3.0
234.29	1.0
234.95	2.0
235.59	3.0
236.2	1.0
236.84	2.0
237.48	3.0
238.13	1.0
238.82	2.0
239.46	3.0
240.11	1.0
240.78	2.0
241.41	3.0
242.05	1.0
242.74	2.0
243.37	3.0
244.01	1.0
244.65	2.0
245.31	3.0
245.93	1.0
246.62	2.0
247.27	3.0
247.94	1.0
248.58	2.0
249.2	3.0
249.86	1.0
250.46	2.0
251.13	3.0
251.82	1.0
252.47	2.0
253.18	3.0
253.83	1.0
254.54	2.0
255.16	3.0
255.79	1.0
256.4	2.0
257.03	3.0
257.66	1.0
258.33	2.0
258.93	3.0
259.57	1.0
260.2	2.0
260.79	3.0
261.41	1.0
262.08	2.0
262.71	3.0
263.35	1.0
263.98	2.0
264.68	3.0
265.42	1.0
266.13	2.0
266.96	3.0
267.71	1.0
268.5	2.0
269.38	3.0
270.17	1.0
270.99	2.0
271.81	3.0
272.59	1.0
273.54	2.0
274.52	3.0
275.49	1.0
276.58	2.0
277.62	3.0
278.65	1.0
