1.13	3.0
1.6	4.0
2.08	1.0
2.56	2.0
3.03	3.0
3.49	4.0
3.95	1.0
4.43	2.0
4.85	3.0
5.3	4.0
5.71	1.0
6.16	2.0
6.59	3.0
7.02	4.0
7.44	1.0
7.88	2.0
8.3	3.0
8.72	4.0
9.14	1.0
9.58	2.0
10.01	3.0
10.45	4.0
10.89	1.0
11.33	2.0
11.77	3.0
12.2	4.0
12.64	1.0
13.08	2.0
13.53	3.0
13.97	4.0
14.4	1.0
14.85	2.0
15.26	3.0
15.7	4.0
16.13	1.0
16.58	2.0
17.01	3.0
17.46	4.0
17.88	1.0
18.33	2.0
18.77	3.0
19.19	4.0
19.62	1.0
20.07	2.0
20.53	3.0
20.97	4.0
21.41	1.0
21.82	2.0
22.25	3.0
22.65	4.0
23.06	1.0
23.51	2.0
23.96	3.0
24.41	4.0
24.85	1.0
25.31	2.0
25.75	3.0
26.2	4.0
26.65	1.0
27.1	2.0
27.55	3.0
28.01	4.0
28.46	1.0
28.91	2.0
29.35	3.0
29.81	4.0
30.24	1.0
30.71	2.0
31.14	3.0
31.59	4.0
32.02	1.0
32.48	2.0
32.92	3.0
33.36	4.0
33.79	1.0
34.24	2.0
34.69	3.0
35.13	4.0
35.57	1.0
36.02	2.0
36.48	3.0
36.93	4.0
37.35	1.0
37.81	2.0
38.24	3.0
38.68	4.0
39.11	1.0
39.57	2.0
39.99	3.0
40.45	4.0
40.88	1.0
41.33	2.0
41.76	3.0
42.2	4.0
42.64	1.0
43.08	2.0
43.53	3.0
43.99	4.0
44.42	1.0
44.87	2.0
45.31	3.0
45.72	4.0
46.15	1.0
46.59	2.0
47.03	3.0
47.49	4.0
47.93	1.0
48.39	2.0
48.84	3.0
49.29	4.0
49.73	1.0
50.18	2.0
50.65	3.0
51.11	4.0
51.54	1.0
52.01	2.0
52.45	3.0
52.91	4.0
53.35	1.0
53.81	2.0
54.23	3.0
54.69	4.0
55.14	1.0
55.6	2.0
56.02	3.0
56.46	4.0
56.91	1.0
57.36	2.0
57.78	3.0
58.23	4.0
58.67	1.0
59.13	2.0
59.56	3.0
60.01	4.0
60.45	1.0
60.89	2.0
61.34	3.0
61.76	4.0
62.2	1.0
62.66	2.0
63.08	3.0
63.54	4.0
63.98	1.0
64.42	2.0
64.87	3.0
65.3	4.0
65.75	1.0
66.2	2.0
66.64	3.0
67.08	4.0
67.52	1.0
67.98	2.0
68.43	3.0
68.88	4.0
69.31	1.0
69.78	2.0
70.21	3.0
70.65	4.0
71.09	1.0
71.56	2.0
72.02	3.0
72.46	4.0
72.9	1.0
73.37	2.0
73.82	3.0
74.25	4.0
74.7	1.0
75.16	2.0
75.61	3.0
76.06	4.0
76.52	1.0
76.96	2.0
77.42	3.0
77.84	4.0
78.28	1.0
78.74	2.0
79.18	3.0
79.62	4.0
80.07	1.0
80.52	2.0
80.97	3.0
81.41	4.0
81.86	1.0
82.32	2.0
82.77	3.0
83.22	4.0
83.66	1.0
84.07	2.0
84.51	3.0
84.93	4.0
85.36	1.0
85.81	2.0
86.27	3.0
86.72	4.0
87.18	1.0
87.64	2.0
88.09	3.0
88.55	4.0
89.01	1.0
89.47	2.0
89.94	3.0
90.4	4.0
90.85	1.0
91.33	2.0
91.79	3.0
92.23	4.0
92.7	1.0
93.17	2.0
93.62	3.0
94.07	4.0
94.53	1.0
94.99	2.0
95.42	3.0
95.88	4.0
96.32	1.0
96.78	2.0
97.22	3.0
97.68	4.0
98.13	1.0
98.57	2.0
99.05	3.0
99.5	4.0
99.97	1.0
100.42	2.0
100.86	3.0
101.31	4.0
101.76	1.0
102.23	2.0
102.66	3.0
103.12	4.0
103.56	1.0
104.02	2.0
104.48	3.0
104.92	4.0
105.37	1.0
105.82	2.0
106.3	3.0
106.76	4.0
107.21	1.0
107.64	2.0
108.08	3.0
108.51	4.0
108.93	1.0
109.41	2.0
109.86	3.0
110.32	4.0
110.77	1.0
111.25	2.0
111.7	3.0
112.16	4.0
112.62	1.0
113.08	2.0
113.55	3.0
114.0	4.0
114.47	1.0
114.93	2.0
115.4	3.0
115.86	4.0
116.33	1.0
116.8	2.0
117.25	3.0
117.71	4.0
118.17	1.0
118.63	2.0
119.08	3.0
119.54	4.0
119.99	1.0
120.45	2.0
120.89	3.0
121.33	4.0
121.8	1.0
122.25	2.0
122.72	3.0
123.17	4.0
123.62	1.0
124.08	2.0
124.52	3.0
124.97	4.0
125.43	1.0
125.89	2.0
126.35	3.0
126.79	4.0
127.24	1.0
127.71	2.0
128.14	3.0
128.59	4.0
129.05	1.0
129.51	2.0
129.99	3.0
130.44	4.0
130.88	1.0
131.31	2.0
131.74	3.0
132.16	4.0
132.58	1.0
133.05	2.0
133.51	3.0
133.97	4.0
134.43	1.0
134.89	2.0
135.35	3.0
135.8	4.0
136.26	1.0
136.74	2.0
137.2	3.0
137.66	4.0
138.12	1.0
138.58	2.0
139.05	3.0
139.51	4.0
139.98	1.0
140.45	2.0
140.92	3.0
141.37	4.0
141.84	1.0
142.3	2.0
142.78	3.0
143.24	4.0
143.68	1.0
144.14	2.0
144.6	3.0
145.05	4.0
145.49	1.0
145.95	2.0
146.39	3.0
146.83	4.0
147.28	1.0
147.74	2.0
148.19	3.0
148.64	4.0
149.1	1.0
149.54	2.0
150.0	3.0
150.42	4.0
150.86	1.0
151.31	2.0
151.75	3.0
152.2	4.0
152.64	1.0
153.09	2.0
153.55	3.0
153.98	4.0
154.43	1.0
154.88	2.0
155.34	3.0
