0.42	1.0
0.88	2.0
1.32	3.0
1.76	4.0
2.19	1.0
2.62	2.0
3.06	3.0
3.5	4.0
3.94	1.0
4.38	2.0
4.8	3.0
5.25	4.0
5.68	1.0
6.11	2.0
6.53	3.0
6.95	4.0
7.38	1.0
7.81	2.0
8.24	3.0
8.67	4.0
9.11	1.0
9.55	2.0
9.99	3.0
10.43	4.0
10.86	1.0
11.29	2.0
11.73	3.0
12.16	4.0
12.59	1.0
13.02	2.0
13.44	3.0
13.87	4.0
14.3	1.0
14.74	2.0
15.17	3.0
15.62	4.0
16.05	1.0
16.5	2.0
16.95	3.0
17.39	4.0
17.84	1.0
18.28	2.0
18.73	3.0
19.16	4.0
19.6	1.0
20.05	2.0
20.48	3.0
20.93	4.0
21.37	1.0
21.82	2.0
22.27	3.0
22.71	4.0
23.17	1.0
23.6	2.0
24.03	3.0
24.46	4.0
24.9	1.0
25.33	2.0
25.76	3.0
26.18	4.0
26.62	1.0
27.06	2.0
27.49	3.0
27.92	4.0
28.35	1.0
28.78	2.0
29.21	3.0
29.66	4.0
30.1	1.0
30.52	2.0
30.96	3.0
31.38	4.0
31.82	1.0
32.26	2.0
32.7	3.0
33.14	4.0
33.57	1.0
34.01	2.0
34.45	3.0
34.88	4.0
35.33	1.0
35.77	2.0
36.21	3.0
36.65	4.0
37.08	1.0
37.5	2.0
37.94	3.0
38.37	4.0
38.83	1.0
39.27	2.0
39.7	3.0
40.14	4.0
40.57	1.0
41.01	2.0
41.45	3.0
41.88	4.0
42.32	1.0
42.75	2.0
43.19	3.0
43.62	4.0
44.05	1.0
44.5	2.0
44.93	3.0
45.37	4.0
45.81	1.0
46.26	2.0
46.69	3.0
47.14	4.0
47.59	1.0
48.02	2.0
48.46	3.0
48.89	4.0
49.34	1.0
49.78	2.0
50.22	3.0
50.66	4.0
51.09	1.0
51.52	2.0
51.95	3.0
52.37	4.0
52.8	1.0
53.24	2.0
53.68	3.0
54.11	4.0
54.54	1.0
54.99	2.0
55.43	3.0
55.85	4.0
56.28	1.0
56.72	2.0
57.16	3.0
57.6	4.0
58.04	1.0
58.48	2.0
58.92	3.0
59.36	4.0
59.79	1.0
60.22	2.0
60.64	3.0
61.07	4.0
61.51	1.0
61.94	2.0
62.39	3.0
62.82	4.0
63.27	1.0
63.68	2.0
64.12	3.0
64.55	4.0
64.98	1.0
65.41	2.0
65.85	3.0
66.28	4.0
66.72	1.0
67.14	2.0
67.58	3.0
68.02	4.0
68.44	1.0
68.87	2.0
69.32	3.0
69.77	4.0
70.21	1.0
70.64	2.0
71.08	3.0
71.51	4.0
71.95	1.0
72.39	2.0
72.82	3.0
73.27	4.0
73.7	1.0
74.13	2.0
74.55	3.0
74.99	4.0
75.41	1.0
75.83	2.0
76.27	3.0
76.7	4.0
77.13	1.0
77.57	2.0
77.99	3.0
78.42	4.0
78.86	1.0
79.29	2.0
79.72	3.0
80.16	4.0
80.59	1.0
81.02	2.0
81.46	3.0
81.89	4.0
82.33	1.0
82.74	2.0
83.17	3.0
83.59	4.0
84.02	1.0
84.43	2.0
84.86	3.0
85.28	4.0
85.72	1.0
86.16	2.0
86.59	3.0
87.03	4.0
87.46	1.0
87.89	2.0
88.33	3.0
88.76	4.0
89.19	1.0
89.6	2.0
90.03	3.0
90.47	4.0
90.89	1.0
91.32	2.0
91.76	3.0
92.18	4.0
92.62	1.0
93.05	2.0
93.48	3.0
93.92	4.0
94.37	1.0
94.79	2.0
95.23	3.0
95.65	4.0
96.08	1.0
96.51	2.0
96.93	3.0
97.36	4.0
97.78	1.0
98.22	2.0
98.64	3.0
99.06	4.0
99.49	1.0
99.93	2.0
100.36	3.0
100.8	4.0
101.23	1.0
101.67	2.0
102.11	3.0
102.52	4.0
102.96	1.0
103.39	2.0
103.83	3.0
104.26	4.0
104.69	1.0
105.13	2.0
105.57	3.0
106.0	4.0
106.44	1.0
106.88	2.0
107.33	3.0
107.77	4.0
108.24	1.0
108.69	2.0
109.13	3.0
109.56	4.0
109.99	1.0
110.45	2.0
110.87	3.0
111.32	4.0
111.76	1.0
112.21	2.0
112.63	3.0
113.06	4.0
113.5	1.0
113.93	2.0
114.38	3.0
114.81	4.0
115.25	1.0
115.7	2.0
116.13	3.0
116.57	4.0
117.0	1.0
117.45	2.0
117.88	3.0
118.32	4.0
118.77	1.0
119.2	2.0
119.63	3.0
120.07	4.0
120.51	1.0
120.94	2.0
121.39	3.0
121.85	4.0
122.3	1.0
122.75	2.0
