0.75	2.0
1.36	3.0
1.96	4.0
2.6	1.0
3.22	2.0
3.88	3.0
4.48	4.0
5.14	1.0
5.75	2.0
6.43	3.0
7.12	4.0
7.86	1.0
8.56	2.0
9.27	3.0
9.99	4.0
10.73	1.0
11.51	2.0
12.25	3.0
13.0	4.0
13.8	1.0
14.55	2.0
15.37	3.0
16.03	4.0
16.74	1.0
17.48	2.0
18.18	3.0
18.97	4.0
19.71	1.0
20.54	2.0
21.44	3.0
22.32	4.0
23.27	1.0
24.17	2.0
25.1	3.0
26.03	4.0
26.93	1.0
27.64	2.0
28.4	3.0
29.12	4.0
29.93	1.0
30.72	2.0
31.53	3.0
32.36	4.0
33.17	1.0
33.95	2.0
34.55	3.0
35.2	4.0
35.83	1.0
36.31	2.0
36.79	3.0
37.25	4.0
37.73	1.0
38.22	2.0
38.71	3.0
39.18	4.0
39.67	1.0
40.16	2.0
40.64	3.0
41.11	4.0
41.6	1.0
42.1	2.0
42.58	3.0
43.05	4.0
43.52	1.0
44.02	2.0
44.5	3.0
44.97	4.0
45.46	1.0
45.94	2.0
46.42	3.0
46.89	4.0
47.36	1.0
47.86	2.0
48.34	3.0
48.79	4.0
49.26	1.0
49.74	2.0
50.22	3.0
50.69	4.0
51.14	1.0
51.59	2.0
52.05	3.0
52.51	4.0
52.97	1.0
53.45	2.0
53.93	3.0
54.41	4.0
54.89	1.0
55.39	2.0
55.87	3.0
56.33	4.0
56.82	1.0
57.3	2.0
57.77	3.0
58.28	4.0
58.76	1.0
59.25	2.0
59.74	3.0
60.23	4.0
60.69	1.0
61.15	2.0
61.63	3.0
62.1	4.0
62.6	1.0
63.07	2.0
63.56	3.0
64.04	4.0
64.51	1.0
64.98	2.0
65.44	3.0
65.93	4.0
66.42	1.0
66.92	2.0
67.42	3.0
67.91	4.0
68.4	1.0
68.9	2.0
69.4	3.0
69.9	4.0
70.39	1.0
70.87	2.0
71.35	3.0
71.86	4.0
72.35	1.0
72.83	2.0
73.31	3.0
73.8	4.0
74.28	1.0
74.76	2.0
75.23	3.0
75.71	4.0
76.21	1.0
76.7	2.0
77.19	3.0
77.68	4.0
78.17	1.0
78.64	2.0
79.11	3.0
79.59	4.0
80.05	1.0
80.53	2.0
81.0	3.0
81.5	4.0
81.97	1.0
82.47	2.0
82.98	3.0
83.47	4.0
83.95	1.0
84.43	2.0
84.92	3.0
85.43	4.0
85.89	1.0
86.4	2.0
86.89	3.0
87.39	4.0
87.85	1.0
88.33	2.0
88.82	3.0
89.3	4.0
89.77	1.0
90.25	2.0
90.7	3.0
91.2	4.0
91.66	1.0
92.15	2.0
92.62	3.0
93.08	4.0
93.57	1.0
94.04	2.0
94.49	3.0
94.97	4.0
95.45	1.0
95.93	2.0
96.41	3.0
96.88	4.0
97.39	1.0
97.86	2.0
98.34	3.0
98.83	4.0
99.31	1.0
99.79	2.0
100.29	3.0
100.77	4.0
101.27	1.0
101.76	2.0
102.26	3.0
102.74	4.0
103.21	1.0
103.7	2.0
104.22	3.0
104.7	4.0
105.19	1.0
105.69	2.0
106.15	3.0
106.63	4.0
107.01	1.0
107.37	2.0
107.75	3.0
108.16	4.0
108.63	1.0
109.12	2.0
109.62	3.0
110.11	4.0
110.57	1.0
111.07	2.0
111.56	3.0
112.06	4.0
112.54	1.0
113.0	2.0
113.49	3.0
113.98	4.0
114.45	1.0
114.96	2.0
115.46	3.0
115.92	4.0
116.41	1.0
116.92	2.0
117.38	3.0
117.85	4.0
118.32	1.0
118.8	2.0
119.28	3.0
119.75	4.0
120.22	1.0
120.69	2.0
121.15	3.0
121.61	4.0
122.1	1.0
122.58	2.0
123.08	3.0
123.58	4.0
124.07	1.0
124.55	2.0
125.05	3.0
125.51	4.0
126.0	1.0
126.49	2.0
127.01	3.0
127.48	4.0
127.98	1.0
128.45	2.0
128.93	3.0
129.4	4.0
129.88	1.0
130.37	2.0
130.83	3.0
131.31	4.0
131.78	1.0
132.25	2.0
132.72	3.0
133.19	4.0
133.67	1.0
134.15	2.0
134.62	3.0
135.09	4.0
135.59	1.0
136.05	2.0
136.52	3.0
137.0	4.0
137.45	1.0
137.89	2.0
138.3	3.0
138.74	4.0
139.16	1.0
139.59	2.0
140.02	3.0
140.46	4.0
140.94	1.0
141.44	2.0
141.95	3.0
142.41	4.0
142.92	1.0
143.42	2.0
143.9	3.0
144.37	4.0
144.85	1.0
145.33	2.0
145.81	3.0
146.3	4.0
146.77	1.0
147.22	2.0
147.69	3.0
148.16	4.0
148.61	1.0
149.08	2.0
149.45	3.0
149.8	4.0
150.17	1.0
150.57	2.0
151.05	3.0
151.51	4.0
151.95	1.0
152.46	2.0
152.95	3.0
153.44	4.0
153.94	1.0
154.41	2.0
154.91	3.0
155.38	4.0
155.86	1.0
156.34	2.0
156.77	3.0
157.2	4.0
157.65	1.0
158.07	2.0
158.51	3.0
158.92	4.0
159.33	1.0
159.72	2.0
160.15	3.0
160.54	4.0
160.95	1.0
161.34	2.0
161.73	3.0
162.12	4.0
162.53	1.0
162.91	2.0
163.3	3.0
163.69	4.0
164.07	1.0
164.44	2.0
164.83	3.0
165.22	4.0
165.62	1.0
166.0	2.0
166.41	3.0
166.8	4.0
167.19	1.0
167.58	2.0
167.95	3.0
168.34	4.0
168.72	1.0
169.1	2.0
169.5	3.0
169.89	4.0
170.27	1.0
170.66	2.0
171.03	3.0
171.42	4.0
171.8	1.0
172.18	2.0
172.56	3.0
172.94	4.0
173.33	1.0
173.7	2.0
174.07	3.0
174.44	4.0
174.82	1.0
175.19	2.0
175.54	3.0
175.92	4.0
176.28	1.0
