2.04	1.0
2.5	2.0
3.0	3.0
3.46	4.0
3.96	1.0
4.42	2.0
4.92	3.0
5.4	4.0
5.87	1.0
6.34	2.0
6.82	3.0
7.3	4.0
7.8	1.0
8.27	2.0
8.76	3.0
9.23	4.0
9.7	1.0
10.21	2.0
10.7	3.0
11.18	4.0
11.65	1.0
12.14	2.0
12.66	3.0
13.12	4.0
13.61	1.0
14.09	2.0
14.58	3.0
15.06	4.0
15.54	1.0
16.02	2.0
16.51	3.0
16.97	4.0
17.43	1.0
17.92	2.0
18.39	3.0
18.87	4.0
19.34	1.0
19.82	2.0
20.31	3.0
20.78	4.0
21.23	1.0
21.72	2.0
22.2	3.0
22.67	4.0
23.16	1.0
23.64	2.0
24.11	3.0
24.58	4.0
25.04	1.0
25.53	2.0
26.01	3.0
26.48	4.0
26.94	1.0
27.42	2.0
27.89	3.0
28.36	4.0
28.82	1.0
29.3	2.0
29.77	3.0
30.23	4.0
30.69	1.0
31.16	2.0
31.64	3.0
32.1	4.0
32.56	1.0
33.03	2.0
33.51	3.0
33.98	4.0
34.45	1.0
34.91	2.0
35.37	3.0
35.84	4.0
36.3	1.0
36.76	2.0
37.23	3.0
37.7	4.0
38.18	1.0
38.66	2.0
39.13	3.0
39.6	4.0
40.07	1.0
40.56	2.0
41.03	3.0
41.49	4.0
41.98	1.0
42.46	2.0
42.94	3.0
43.41	4.0
43.89	1.0
44.37	2.0
44.85	3.0
45.31	4.0
45.78	1.0
46.25	2.0
46.74	3.0
47.2	4.0
47.66	1.0
48.13	2.0
48.62	3.0
49.07	4.0
49.53	1.0
50.0	2.0
50.47	3.0
50.94	4.0
51.41	1.0
51.88	2.0
52.34	3.0
52.81	4.0
53.29	1.0
53.76	2.0
54.22	3.0
54.67	4.0
55.12	1.0
55.6	2.0
56.04	3.0
56.5	4.0
56.96	1.0
57.42	2.0
57.89	3.0
58.36	4.0
58.82	1.0
59.3	2.0
59.78	3.0
60.26	4.0
60.74	1.0
61.21	2.0
61.69	3.0
62.16	4.0
62.63	1.0
63.1	2.0
63.58	3.0
64.05	4.0
64.52	1.0
64.99	2.0
65.47	3.0
65.94	4.0
66.41	1.0
66.88	2.0
67.36	3.0
67.84	4.0
68.32	1.0
68.81	2.0
69.29	3.0
69.75	4.0
70.24	1.0
70.71	2.0
71.17	3.0
71.6	4.0
72.05	1.0
72.5	2.0
72.97	3.0
73.43	4.0
73.88	1.0
74.36	2.0
74.82	3.0
75.28	4.0
75.75	1.0
76.21	2.0
76.7	3.0
77.16	4.0
77.63	1.0
78.09	2.0
78.57	3.0
79.05	4.0
79.52	1.0
79.99	2.0
80.46	3.0
80.93	4.0
81.4	1.0
81.85	2.0
82.33	3.0
82.79	4.0
83.26	1.0
83.73	2.0
84.19	3.0
84.65	4.0
85.11	1.0
85.59	2.0
86.06	3.0
86.52	4.0
86.99	1.0
87.46	2.0
87.94	3.0
88.39	4.0
88.86	1.0
89.35	2.0
89.81	3.0
90.25	4.0
90.71	1.0
91.19	2.0
91.65	3.0
92.14	4.0
92.59	1.0
93.06	2.0
93.53	3.0
94.0	4.0
94.47	1.0
94.94	2.0
95.42	3.0
95.89	4.0
96.36	1.0
96.84	2.0
97.31	3.0
97.78	4.0
98.23	1.0
98.73	2.0
99.21	3.0
99.68	4.0
100.15	1.0
100.62	2.0
101.11	3.0
101.56	4.0
102.03	1.0
102.51	2.0
102.98	3.0
103.46	4.0
103.94	1.0
104.43	2.0
104.91	3.0
105.39	4.0
105.86	1.0
106.32	2.0
106.78	3.0
107.21	4.0
107.66	1.0
108.12	2.0
108.59	3.0
109.05	4.0
109.52	1.0
109.98	2.0
110.45	3.0
110.91	4.0
111.38	1.0
111.86	2.0
112.32	3.0
112.79	4.0
113.26	1.0
113.74	2.0
114.21	3.0
114.69	4.0
115.17	1.0
115.65	2.0
116.11	3.0
116.57	4.0
117.07	1.0
117.53	2.0
118.01	3.0
118.47	4.0
118.94	1.0
119.42	2.0
119.9	3.0
120.35	4.0
120.84	1.0
121.29	2.0
121.78	3.0
122.23	4.0
122.71	1.0
123.18	2.0
123.66	3.0
124.13	4.0
124.58	1.0
125.05	2.0
125.52	3.0
126.01	4.0
126.48	1.0
126.95	2.0
127.45	3.0
127.91	4.0
128.42	1.0
128.89	2.0
129.39	3.0
129.87	4.0
130.37	1.0
130.84	2.0
131.34	3.0
131.8	4.0
132.29	1.0
132.78	2.0
133.26	3.0
133.74	4.0
134.21	1.0
134.69	2.0
135.17	3.0
135.63	4.0
136.1	1.0
136.58	2.0
137.06	3.0
137.53	4.0
137.99	1.0
138.47	2.0
138.93	3.0
139.42	4.0
139.9	1.0
140.37	2.0
140.86	3.0
141.32	4.0
141.82	1.0
142.28	2.0
142.77	3.0
143.24	4.0
