0.06	1.0
0.6	2.0
1.15	3.0
1.71	4.0
2.24	1.0
2.76	2.0
3.32	3.0
3.86	4.0
4.38	1.0
4.93	2.0
5.48	3.0
6.01	4.0
6.54	1.0
7.07	2.0
7.6	3.0
8.14	4.0
8.68	1.0
9.23	2.0
9.79	3.0
10.34	4.0
10.86	1.0
11.39	2.0
11.95	3.0
12.5	4.0
13.03	1.0
13.56	2.0
14.13	3.0
14.68	4.0
15.23	1.0
15.75	2.0
16.28	3.0
16.82	4.0
17.35	1.0
17.89	2.0
18.44	3.0
18.98	4.0
19.52	1.0
20.05	2.0
20.58	3.0
21.13	4.0
21.65	1.0
22.18	2.0
22.71	3.0
23.25	4.0
23.78	1.0
24.33	2.0
24.87	3.0
25.39	4.0
25.9	1.0
26.44	2.0
26.98	3.0
27.5	4.0
28.04	1.0
28.56	2.0
29.1	3.0
29.63	4.0
30.16	1.0
30.69	2.0
31.22	3.0
31.76	4.0
32.29	1.0
32.83	2.0
33.35	3.0
33.88	4.0
34.41	1.0
34.94	2.0
35.47	3.0
36.01	4.0
36.54	1.0
37.07	2.0
37.6	3.0
38.12	4.0
38.65	1.0
39.18	2.0
39.71	3.0
40.25	4.0
40.77	1.0
41.31	2.0
41.83	3.0
42.36	4.0
42.88	1.0
43.42	2.0
43.95	3.0
44.48	4.0
44.99	1.0
45.51	2.0
46.03	3.0
46.55	4.0
47.06	1.0
47.59	2.0
48.12	3.0
48.65	4.0
49.16	1.0
49.68	2.0
50.18	3.0
50.68	4.0
51.19	1.0
51.73	2.0
52.26	3.0
52.78	4.0
53.3	1.0
53.84	2.0
54.35	3.0
54.89	4.0
55.41	1.0
55.94	2.0
56.47	3.0
57.0	4.0
57.52	1.0
58.07	2.0
58.59	3.0
59.11	4.0
59.64	1.0
60.18	2.0
60.7	3.0
61.24	4.0
61.76	1.0
62.31	2.0
62.82	3.0
63.36	4.0
63.88	1.0
64.41	2.0
64.92	3.0
65.47	4.0
65.99	1.0
66.52	2.0
67.05	3.0
67.57	4.0
68.08	1.0
68.62	2.0
69.15	3.0
69.69	4.0
70.2	1.0
70.73	2.0
71.26	3.0
71.79	4.0
72.3	1.0
72.83	2.0
73.36	3.0
73.88	4.0
74.41	1.0
74.94	2.0
75.47	3.0
76.0	4.0
76.51	1.0
77.06	2.0
77.59	3.0
78.13	4.0
78.65	1.0
79.19	2.0
79.71	3.0
80.25	4.0
80.76	1.0
81.31	2.0
81.82	3.0
82.37	4.0
82.89	1.0
83.39	2.0
83.9	3.0
84.43	4.0
84.93	1.0
85.51	2.0
86.04	3.0
86.59	4.0
87.11	1.0
87.68	2.0
88.21	3.0
88.76	4.0
89.29	1.0
89.84	2.0
90.36	3.0
90.89	4.0
91.42	1.0
91.95	2.0
92.47	3.0
92.97	4.0
93.52	1.0
94.07	2.0
94.6	3.0
95.14	4.0
95.65	1.0
96.21	2.0
96.74	3.0
97.25	4.0
97.78	1.0
98.34	2.0
98.86	3.0
99.41	4.0
99.92	1.0
100.46	2.0
101.0	3.0
101.53	4.0
102.04	1.0
102.58	2.0
103.1	3.0
103.63	4.0
104.15	1.0
104.69	2.0
105.2	3.0
105.72	4.0
106.23	1.0
106.77	2.0
107.28	3.0
107.82	4.0
108.34	1.0
108.87	2.0
109.39	3.0
109.92	4.0
110.44	1.0
110.97	2.0
111.49	3.0
112.03	4.0
112.55	1.0
113.07	2.0
113.58	3.0
114.08	4.0
114.6	1.0
115.15	2.0
115.68	3.0
116.21	4.0
116.72	1.0
117.26	2.0
117.78	3.0
118.32	4.0
118.84	1.0
119.37	2.0
119.91	3.0
120.44	4.0
120.97	1.0
121.5	2.0
122.02	3.0
122.56	4.0
123.07	1.0
123.6	2.0
124.12	3.0
124.65	4.0
125.17	1.0
125.71	2.0
126.24	3.0
126.76	4.0
127.28	1.0
127.83	2.0
128.33	3.0
128.87	4.0
129.38	1.0
129.92	2.0
130.45	3.0
130.97	4.0
131.49	1.0
132.02	2.0
132.55	3.0
133.09	4.0
133.61	1.0
134.14	2.0
134.67	3.0
135.2	4.0
135.71	1.0
136.24	2.0
136.77	3.0
137.3	4.0
137.81	1.0
138.34	2.0
138.87	3.0
139.39	4.0
139.91	1.0
140.43	2.0
140.96	3.0
141.48	4.0
142.0	1.0
142.53	2.0
143.04	3.0
143.58	4.0
144.1	1.0
144.63	2.0
145.15	3.0
145.68	4.0
146.21	1.0
146.71	2.0
147.21	3.0
147.71	4.0
148.23	1.0
148.78	2.0
149.3	3.0
149.85	4.0
150.38	1.0
150.94	2.0
151.45	3.0
151.99	4.0
152.52	1.0
153.07	2.0
153.6	3.0
154.13	4.0
154.68	1.0
155.19	2.0
155.72	3.0
156.24	4.0
156.77	1.0
157.32	2.0
157.85	3.0
158.41	4.0
158.95	1.0
159.48	2.0
160.01	3.0
160.55	4.0
161.08	1.0
161.64	2.0
162.16	3.0
162.69	4.0
163.22	1.0
163.76	2.0
164.28	3.0
164.81	4.0
165.33	1.0
165.86	2.0
166.38	3.0
166.92	4.0
167.44	1.0
167.97	2.0
168.49	3.0
169.0	4.0
169.52	1.0
170.04	2.0
170.57	3.0
171.11	4.0
171.63	1.0
172.15	2.0
172.67	3.0
173.2	4.0
173.7	1.0
174.22	2.0
174.74	3.0
175.26	4.0
175.78	1.0
176.3	2.0
176.83	3.0
177.35	4.0
177.87	1.0
178.4	2.0
178.92	3.0
179.43	4.0
179.95	1.0
180.46	2.0
180.97	3.0
181.48	4.0
182.01	1.0
182.52	2.0
183.03	3.0
183.54	4.0
184.06	1.0
184.57	2.0
185.07	3.0
185.59	4.0
186.12	1.0
186.64	2.0
187.15	3.0
187.66	4.0
188.16	1.0
188.68	2.0
189.18	3.0
189.69	4.0
190.2	1.0
190.73	2.0
191.24	3.0
191.75	4.0
192.26	1.0
192.78	2.0
193.29	3.0
193.8	4.0
194.31	1.0
194.84	2.0
195.35	3.0
195.86	4.0
196.38	1.0
196.89	2.0
197.4	3.0
197.9	4.0
198.41	1.0
198.92	2.0
199.43	3.0
199.94	4.0
200.46	1.0
200.96	2.0
201.46	3.0
201.96	4.0
202.47	1.0
202.98	2.0
203.5	3.0
204.01	4.0
204.53	1.0
205.04	2.0
205.55	3.0
206.05	4.0
206.57	1.0
207.08	2.0
207.6	3.0
208.11	4.0
208.63	1.0
209.12	2.0
209.6	3.0
210.08	4.0
210.61	1.0
211.17	2.0
211.69	3.0
212.21	4.0
212.74	1.0
213.29	2.0
213.81	3.0
214.31	4.0
214.84	1.0
215.39	2.0
215.93	3.0
216.48	4.0
217.01	1.0
217.54	2.0
218.08	3.0
218.6	4.0
219.13	1.0
219.66	2.0
220.18	3.0
220.71	4.0
221.23	1.0
221.78	2.0
222.31	3.0
222.83	4.0
223.34	1.0
223.87	2.0
224.39	3.0
224.92	4.0
225.45	1.0
225.97	2.0
226.48	3.0
226.99	4.0
227.51	1.0
228.04	2.0
228.55	3.0
229.08	4.0
229.61	1.0
230.13	2.0
230.65	3.0
231.17	4.0
231.69	1.0
232.21	2.0
232.72	3.0
233.25	4.0
233.76	1.0
234.28	2.0
234.77	3.0
235.26	4.0
235.76	1.0
236.31	2.0
236.84	3.0
237.37	4.0
237.89	1.0
238.42	2.0
238.94	3.0
239.46	4.0
239.98	1.0
240.49	2.0
241.01	3.0
241.53	4.0
242.05	1.0
242.58	2.0
243.09	3.0
243.62	4.0
244.12	1.0
244.66	2.0
245.17	3.0
245.7	4.0
246.22	1.0
246.74	2.0
247.25	3.0
247.77	4.0
248.29	1.0
248.81	2.0
249.32	3.0
249.85	4.0
250.36	1.0
250.84	2.0
251.37	3.0
251.87	4.0
252.37	1.0
252.91	2.0
253.42	3.0
253.95	4.0
254.46	1.0
254.99	2.0
255.5	3.0
256.03	4.0
256.54	1.0
257.07	2.0
257.58	3.0
258.12	4.0
258.63	1.0
259.17	2.0
259.68	3.0
260.21	4.0
260.72	1.0
261.26	2.0
261.76	3.0
262.3	4.0
262.82	1.0
263.35	2.0
263.86	3.0
264.38	4.0
264.9	1.0
265.43	2.0
265.94	3.0
266.47	4.0
267.0	1.0
267.51	2.0
268.03	3.0
268.52	4.0
269.03	1.0
269.57	2.0
270.1	3.0
270.63	4.0
271.18	1.0
271.72	2.0
272.24	3.0
272.74	4.0
273.27	1.0
273.81	2.0
274.35	3.0
274.86	4.0
275.39	1.0
275.9	2.0
276.42	3.0
276.91	4.0
277.45	1.0
277.96	2.0
278.48	3.0
279.02	4.0
279.55	1.0
280.35	2.0
281.13	3.0
281.91	4.0
282.71	1.0
283.23	2.0
283.75	3.0
284.28	4.0
284.81	1.0
285.33	2.0
285.85	3.0
286.37	4.0
286.89	1.0
287.42	2.0
287.93	3.0
288.46	4.0
288.97	1.0
289.47	2.0
289.98	3.0
290.5	4.0
291.02	1.0
291.54	2.0
292.06	3.0
292.57	4.0
293.09	1.0
293.6	2.0
294.11	3.0
294.63	4.0
295.14	1.0
295.67	2.0
296.2	3.0
296.72	4.0
297.23	1.0
297.74	2.0
298.25	3.0
298.78	4.0
299.29	1.0
299.82	2.0
300.33	3.0
300.85	4.0
301.36	1.0
301.88	2.0
302.38	3.0
302.91	4.0
303.41	1.0
303.93	2.0
304.44	3.0
304.95	4.0
305.46	1.0
305.96	2.0
306.46	3.0
306.98	4.0
307.48	1.0
308.0	2.0
308.5	3.0
309.03	4.0
309.55	1.0
310.08	2.0
310.59	3.0
311.1	4.0
311.6	1.0
312.13	2.0
312.63	3.0
313.14	4.0
313.65	1.0
314.16	2.0
314.68	3.0
315.19	4.0
315.69	1.0
316.19	2.0
316.7	3.0
317.21	4.0
317.72	1.0
318.22	2.0
318.73	3.0
319.24	4.0
319.74	1.0
320.25	2.0
320.76	3.0
321.26	4.0
321.76	1.0
322.26	2.0
322.77	3.0
323.3	4.0
323.81	1.0
324.32	2.0
324.82	3.0
325.33	4.0
325.83	1.0
326.34	2.0
326.84	3.0
327.34	4.0
327.84	1.0
328.34	2.0
328.83	3.0
329.31	4.0
329.81	1.0
330.29	2.0
330.8	3.0
331.32	4.0
331.82	1.0
332.32	2.0
332.84	3.0
333.35	4.0
333.85	1.0
334.35	2.0
334.84	3.0
335.34	4.0
335.86	1.0
336.36	2.0
336.87	3.0
337.37	4.0
337.87	1.0
338.38	2.0
338.89	3.0
339.41	4.0
339.91	1.0
340.41	2.0
340.92	3.0
341.43	4.0
341.94	1.0
342.44	2.0
342.94	3.0
343.47	4.0
343.96	1.0
344.47	2.0
344.97	3.0
345.47	4.0
345.96	1.0
346.45	2.0
346.95	3.0
347.46	4.0
347.98	1.0
348.5	2.0
348.99	3.0
349.5	4.0
350.0	1.0
350.51	2.0
351.02	3.0
351.52	4.0
352.03	1.0
352.52	2.0
353.04	3.0
353.53	4.0
354.01	1.0
354.51	2.0
355.01	3.0
355.53	4.0
356.04	1.0
356.55	2.0
357.05	3.0
357.56	4.0
358.06	1.0
358.58	2.0
359.07	3.0
359.59	4.0
360.09	1.0
360.61	2.0
361.1	3.0
361.6	4.0
362.09	1.0
362.59	2.0
363.09	3.0
363.6	4.0
364.12	1.0
364.62	2.0
365.11	3.0
365.75	4.0
366.34	1.0
366.96	2.0
367.62	3.0
368.25	4.0
369.04	1.0
369.8	2.0
370.6	3.0
371.37	4.0
372.11	1.0
372.87	2.0
