0.28	1.0
0.97	2.0
1.69	3.0
2.37	4.0
3.06	1.0
3.75	2.0
4.46	3.0
5.14	4.0
5.83	1.0
6.52	2.0
7.22	3.0
7.9	4.0
8.6	1.0
9.27	2.0
9.99	3.0
10.66	4.0
11.35	1.0
12.05	2.0
12.74	3.0
13.43	4.0
14.12	1.0
14.8	2.0
15.5	3.0
16.19	4.0
16.88	1.0
17.58	2.0
18.28	3.0
18.96	4.0
19.65	1.0
20.35	2.0
21.04	3.0
21.73	4.0
22.41	1.0
23.11	2.0
23.8	3.0
24.49	4.0
25.18	1.0
25.87	2.0
26.56	3.0
27.25	4.0
27.95	1.0
28.64	2.0
29.33	3.0
30.02	4.0
30.72	1.0
31.4	2.0
32.1	3.0
32.79	4.0
33.48	1.0
34.17	2.0
34.86	3.0
35.56	4.0
36.25	1.0
36.94	2.0
37.63	3.0
38.32	4.0
39.01	1.0
39.7	2.0
40.4	3.0
41.09	4.0
41.78	1.0
42.47	2.0
43.16	3.0
43.85	4.0
44.55	1.0
45.23	2.0
45.93	3.0
46.62	4.0
47.31	1.0
48.0	2.0
48.69	3.0
49.38	4.0
50.08	1.0
50.77	2.0
51.46	3.0
52.15	4.0
52.84	1.0
53.53	2.0
54.22	3.0
54.91	4.0
55.61	1.0
56.3	2.0
57.0	3.0
57.68	4.0
58.38	1.0
59.07	2.0
59.76	3.0
60.45	4.0
61.14	1.0
61.83	2.0
62.52	3.0
63.21	4.0
63.91	1.0
64.59	2.0
65.29	3.0
65.98	4.0
66.68	1.0
67.36	2.0
68.06	3.0
68.75	4.0
69.44	1.0
70.13	2.0
70.82	3.0
71.51	4.0
72.21	1.0
72.89	2.0
73.59	3.0
74.28	4.0
74.96	1.0
75.66	2.0
76.36	3.0
77.05	4.0
77.74	1.0
78.43	2.0
79.12	3.0
79.81	4.0
80.51	1.0
81.2	2.0
81.89	3.0
82.59	4.0
83.27	1.0
83.97	2.0
84.65	3.0
85.34	4.0
86.03	1.0
86.73	2.0
87.42	3.0
88.11	4.0
88.8	1.0
89.49	2.0
90.18	3.0
90.87	4.0
91.57	1.0
92.26	2.0
92.95	3.0
93.64	4.0
94.33	1.0
95.02	2.0
95.73	3.0
96.41	4.0
97.1	1.0
97.78	2.0
98.46	3.0
99.16	4.0
99.85	1.0
100.55	2.0
101.26	3.0
101.94	4.0
102.64	1.0
103.32	2.0
104.02	3.0
104.7	4.0
105.4	1.0
106.08	2.0
106.78	3.0
107.47	4.0
108.16	1.0
108.85	2.0
109.56	3.0
110.24	4.0
110.93	1.0
111.63	2.0
112.32	3.0
113.01	4.0
113.7	1.0
114.38	2.0
115.07	3.0
115.76	4.0
116.46	1.0
117.15	2.0
117.85	3.0
118.54	4.0
119.23	1.0
119.92	2.0
120.62	3.0
121.3	4.0
121.99	1.0
122.69	2.0
123.37	3.0
124.06	4.0
124.76	1.0
125.44	2.0
126.14	3.0
126.83	4.0
127.52	1.0
128.22	2.0
128.91	3.0
129.6	4.0
130.29	1.0
130.98	2.0
131.67	3.0
132.36	4.0
133.06	1.0
133.75	2.0
134.44	3.0
135.13	4.0
135.82	1.0
136.51	2.0
137.21	3.0
137.9	4.0
138.59	1.0
139.28	2.0
139.97	3.0
140.66	4.0
141.36	1.0
142.05	2.0
142.74	3.0
143.43	4.0
144.13	1.0
144.81	2.0
145.51	3.0
146.19	4.0
146.89	1.0
147.57	2.0
148.27	3.0
148.96	4.0
149.66	1.0
150.35	2.0
151.04	3.0
151.73	4.0
152.43	1.0
153.11	2.0
153.8	3.0
154.49	4.0
155.19	1.0
155.88	2.0
156.57	3.0
157.26	4.0
157.96	1.0
158.65	2.0
159.34	3.0
160.03	4.0
160.71	1.0
161.41	2.0
162.1	3.0
162.8	4.0
163.49	1.0
164.18	2.0
164.87	3.0
165.57	4.0
166.25	1.0
166.95	2.0
167.64	3.0
168.33	4.0
169.02	1.0
169.71	2.0
170.4	3.0
171.09	4.0
171.79	1.0
172.48	2.0
173.17	3.0
173.85	4.0
174.55	1.0
175.24	2.0
175.93	3.0
176.61	4.0
177.32	1.0
178.01	2.0
178.7	3.0
179.39	4.0
180.08	1.0
180.76	2.0
181.45	3.0
182.14	4.0
182.83	1.0
183.54	2.0
184.23	3.0
184.92	4.0
185.62	1.0
186.3	2.0
186.99	3.0
187.68	4.0
188.39	1.0
189.09	2.0
189.77	3.0
190.46	4.0
191.14	1.0
191.84	2.0
192.48	3.0
193.17	4.0
193.9	1.0
194.61	2.0
195.3	3.0
195.99	4.0
196.68	1.0
197.36	2.0
198.06	3.0
198.75	4.0
199.44	1.0
200.14	2.0
200.83	3.0
201.52	4.0
202.21	1.0
202.91	2.0
203.6	3.0
204.29	4.0
204.97	1.0
205.68	2.0
206.36	3.0
207.05	4.0
207.74	1.0
208.43	2.0
209.12	3.0
209.81	4.0
210.51	1.0
211.2	2.0
211.89	3.0
212.58	4.0
213.28	1.0
213.97	2.0
214.66	3.0
215.35	4.0
216.04	1.0
216.73	2.0
217.43	3.0
218.11	4.0
218.8	1.0
219.5	2.0
220.19	3.0
220.88	4.0
221.58	1.0
222.26	2.0
222.96	3.0
223.64	4.0
224.34	1.0
225.03	2.0
225.73	3.0
226.41	4.0
227.09	1.0
227.78	2.0
228.49	3.0
229.18	4.0
229.88	1.0
230.57	2.0
231.26	3.0
231.94	4.0
232.63	1.0
233.32	2.0
234.02	3.0
234.71	4.0
235.41	1.0
236.09	2.0
236.79	3.0
237.48	4.0
238.17	1.0
238.85	2.0
239.55	3.0
240.24	4.0
240.94	1.0
241.63	2.0
242.32	3.0
243.0	4.0
243.69	1.0
244.39	2.0
245.09	3.0
245.77	4.0
246.47	1.0
247.16	2.0
247.86	3.0
248.55	4.0
249.24	1.0
249.94	2.0
250.64	3.0
251.36	4.0
252.07	1.0
252.77	2.0
253.46	3.0
254.16	4.0
254.86	1.0
255.55	2.0
256.27	3.0
256.98	4.0
257.68	1.0
258.35	2.0
259.08	3.0
259.78	4.0
260.5	1.0
261.2	2.0
