0.44	1.0
0.99	2.0
1.53	3.0
2.08	4.0
2.62	1.0
3.17	2.0
3.72	3.0
4.26	4.0
4.81	1.0
5.36	2.0
5.9	3.0
6.45	4.0
6.99	1.0
7.54	2.0
8.08	3.0
8.63	4.0
9.17	1.0
9.72	2.0
10.27	3.0
10.82	4.0
11.36	1.0
11.91	2.0
12.45	3.0
13.0	4.0
13.54	1.0
14.09	2.0
14.63	3.0
15.18	4.0
15.73	1.0
16.28	2.0
16.82	3.0
17.36	4.0
17.91	1.0
18.46	2.0
19.0	3.0
19.55	4.0
20.1	1.0
20.64	2.0
21.19	3.0
21.73	4.0
22.28	1.0
22.83	2.0
23.37	3.0
23.92	4.0
24.46	1.0
25.01	2.0
25.55	3.0
26.1	4.0
26.65	1.0
27.19	2.0
27.74	3.0
28.29	4.0
28.83	1.0
29.38	2.0
29.92	3.0
30.47	4.0
31.01	1.0
31.56	2.0
32.11	3.0
32.65	4.0
33.2	1.0
33.75	2.0
34.28	3.0
34.84	4.0
35.38	1.0
35.92	2.0
36.47	3.0
37.03	4.0
37.57	1.0
38.11	2.0
38.65	3.0
39.21	4.0
39.75	1.0
40.29	2.0
40.84	3.0
41.39	4.0
41.93	1.0
42.48	2.0
43.02	3.0
43.57	4.0
44.11	1.0
44.66	2.0
45.21	3.0
45.75	4.0
46.3	1.0
46.85	2.0
47.39	3.0
47.93	4.0
48.48	1.0
49.03	2.0
49.56	3.0
50.13	4.0
50.66	1.0
51.21	2.0
51.76	3.0
52.31	4.0
52.85	1.0
53.4	2.0
53.94	3.0
54.48	4.0
55.04	1.0
55.58	2.0
56.12	3.0
56.68	4.0
57.22	1.0
57.76	2.0
58.31	3.0
58.86	4.0
59.4	1.0
59.95	2.0
60.49	3.0
61.04	4.0
61.58	1.0
62.13	2.0
62.67	3.0
63.22	4.0
63.77	1.0
64.32	2.0
64.86	3.0
65.41	4.0
65.95	1.0
66.49	2.0
67.04	3.0
67.59	4.0
68.13	1.0
68.68	2.0
69.22	3.0
69.75	4.0
70.32	1.0
70.86	2.0
71.4	3.0
71.96	4.0
72.5	1.0
73.04	2.0
73.59	3.0
74.14	4.0
74.68	1.0
75.22	2.0
75.77	3.0
76.32	4.0
76.87	1.0
77.41	2.0
77.96	3.0
78.5	4.0
79.05	1.0
79.6	2.0
80.14	3.0
80.69	4.0
81.23	1.0
81.77	2.0
82.32	3.0
82.88	4.0
83.41	1.0
83.96	2.0
84.51	3.0
85.05	4.0
85.6	1.0
86.14	2.0
86.69	3.0
87.23	4.0
87.79	1.0
88.32	2.0
88.88	3.0
89.42	4.0
89.97	1.0
90.51	2.0
91.06	3.0
91.59	4.0
92.15	1.0
92.68	2.0
93.24	3.0
93.79	4.0
94.33	1.0
94.88	2.0
95.42	3.0
95.97	4.0
96.52	1.0
97.07	2.0
97.61	3.0
98.16	4.0
98.7	1.0
99.25	2.0
99.79	3.0
100.34	4.0
100.88	1.0
101.43	2.0
101.97	3.0
102.52	4.0
103.07	1.0
103.61	2.0
104.16	3.0
104.7	4.0
105.23	1.0
105.78	2.0
106.33	3.0
106.87	4.0
107.42	1.0
107.96	2.0
108.52	3.0
109.07	4.0
109.6	1.0
110.15	2.0
110.71	3.0
111.25	4.0
111.8	1.0
112.31	2.0
112.86	3.0
113.4	4.0
113.95	1.0
114.5	2.0
115.06	3.0
115.59	4.0
116.14	1.0
116.68	2.0
117.22	3.0
117.76	4.0
118.3	1.0
118.86	2.0
119.41	3.0
119.94	4.0
120.49	1.0
121.04	2.0
121.58	3.0
122.13	4.0
122.68	1.0
123.23	2.0
123.78	3.0
124.32	4.0
124.86	1.0
125.42	2.0
125.96	3.0
126.5	4.0
127.04	1.0
127.59	2.0
128.14	3.0
128.68	4.0
129.24	1.0
129.78	2.0
130.33	3.0
130.88	4.0
131.43	1.0
131.96	2.0
132.51	3.0
133.05	4.0
133.6	1.0
134.15	2.0
134.7	3.0
135.23	4.0
135.77	1.0
136.33	2.0
136.88	3.0
137.42	4.0
137.96	1.0
138.52	2.0
139.06	3.0
139.6	4.0
140.14	1.0
140.69	2.0
141.24	3.0
141.79	4.0
142.33	1.0
142.87	2.0
143.42	3.0
143.97	4.0
144.51	1.0
145.06	2.0
145.61	3.0
146.16	4.0
146.7	1.0
147.24	2.0
147.79	3.0
148.34	4.0
148.87	1.0
149.44	2.0
149.99	3.0
150.52	4.0
151.07	1.0
151.61	2.0
152.15	3.0
152.7	4.0
153.25	1.0
153.81	2.0
154.35	3.0
154.88	4.0
155.43	1.0
155.97	2.0
156.5	3.0
157.06	4.0
157.6	1.0
158.18	2.0
158.72	3.0
159.26	4.0
159.8	1.0
160.34	2.0
160.89	3.0
161.43	4.0
161.98	1.0
162.53	2.0
163.08	3.0
163.62	4.0
164.16	1.0
164.71	2.0
165.25	3.0
165.8	4.0
166.35	1.0
166.91	2.0
167.45	3.0
167.98	4.0
168.52	1.0
169.08	2.0
169.63	3.0
170.17	4.0
170.71	1.0
171.27	2.0
171.82	3.0
172.36	4.0
172.91	1.0
173.44	2.0
173.98	3.0
174.53	4.0
175.07	1.0
175.62	2.0
176.17	3.0
176.71	4.0
177.25	1.0
177.8	2.0
178.35	3.0
178.9	4.0
179.45	1.0
180.01	2.0
180.55	3.0
181.1	4.0
181.64	1.0
182.18	2.0
182.72	3.0
183.26	4.0
183.81	1.0
184.37	2.0
184.92	3.0
185.46	4.0
186.01	1.0
186.55	2.0
187.09	3.0
187.63	4.0
188.17	1.0
188.72	2.0
189.28	3.0
189.82	4.0
190.37	1.0
190.92	2.0
191.47	3.0
192.01	4.0
192.53	1.0
193.1	2.0
193.65	3.0
194.2	4.0
194.74	1.0
195.28	2.0
195.83	3.0
196.38	4.0
196.92	1.0
197.46	2.0
198.01	3.0
198.55	4.0
199.1	1.0
199.65	2.0
200.19	3.0
200.74	4.0
201.28	1.0
201.83	2.0
202.38	3.0
202.92	4.0
203.47	1.0
204.01	2.0
204.56	3.0
205.1	4.0
205.64	1.0
206.2	2.0
206.75	3.0
207.29	4.0
207.85	1.0
208.39	2.0
208.93	3.0
209.47	4.0
210.02	1.0
210.56	2.0
211.11	3.0
211.65	4.0
212.2	1.0
212.74	2.0
213.3	3.0
213.84	4.0
214.38	1.0
214.93	2.0
215.49	3.0
216.03	4.0
216.58	1.0
217.11	2.0
217.65	3.0
218.2	4.0
218.76	1.0
219.32	2.0
219.86	3.0
220.4	4.0
220.94	1.0
221.48	2.0
222.02	3.0
222.57	4.0
223.11	1.0
223.66	2.0
224.2	3.0
224.75	4.0
225.3	1.0
225.85	2.0
226.4	3.0
226.95	4.0
227.49	1.0
228.03	2.0
228.58	3.0
229.12	4.0
229.66	1.0
230.21	2.0
230.77	3.0
231.3	4.0
231.85	1.0
232.39	2.0
232.95	3.0
233.5	4.0
234.04	1.0
234.58	2.0
235.12	3.0
235.67	4.0
236.22	1.0
236.76	2.0
237.31	3.0
237.85	4.0
238.4	1.0
238.94	2.0
239.49	3.0
240.03	4.0
240.59	1.0
241.14	2.0
241.69	3.0
242.23	4.0
242.77	1.0
243.32	2.0
243.87	3.0
244.41	4.0
244.95	1.0
245.51	2.0
246.06	3.0
246.6	4.0
247.15	1.0
247.7	2.0
248.25	3.0
248.79	4.0
249.34	1.0
249.88	2.0
250.43	3.0
250.96	4.0
251.51	1.0
252.05	2.0
252.6	3.0
253.14	4.0
253.68	1.0
254.24	2.0
254.79	3.0
255.33	4.0
255.89	1.0
256.42	2.0
256.97	3.0
257.52	4.0
258.06	1.0
258.6	2.0
259.16	3.0
259.7	4.0
260.24	1.0
260.79	2.0
261.33	3.0
261.87	4.0
262.41	1.0
262.96	2.0
263.51	3.0
264.06	4.0
264.61	1.0
265.14	2.0
265.7	3.0
266.24	4.0
266.78	1.0
267.33	2.0
267.87	3.0
268.42	4.0
268.97	1.0
269.51	2.0
270.05	3.0
270.6	4.0
271.14	1.0
271.7	2.0
272.26	3.0
272.79	4.0
273.35	1.0
273.89	2.0
274.43	3.0
274.98	4.0
275.53	1.0
276.07	2.0
276.62	3.0
277.16	4.0
277.7	1.0
278.24	2.0
278.78	3.0
279.33	4.0
279.87	1.0
280.42	2.0
280.98	3.0
281.52	4.0
282.08	1.0
282.61	2.0
283.16	3.0
283.71	4.0
284.26	1.0
284.8	2.0
285.35	3.0
285.89	4.0
286.43	1.0
286.97	2.0
287.52	3.0
288.06	4.0
288.61	1.0
289.16	2.0
289.72	3.0
290.26	4.0
290.81	1.0
291.35	2.0
291.9	3.0
292.44	4.0
293.0	1.0
293.54	2.0
294.1	3.0
