0.33	3.0
0.75	4.0
1.18	1.0
1.56	2.0
1.97	3.0
2.38	4.0
2.77	1.0
3.16	2.0
3.57	3.0
3.95	4.0
4.36	1.0
4.74	2.0
5.13	3.0
5.55	4.0
5.99	1.0
6.42	2.0
6.86	3.0
7.3	4.0
7.72	1.0
8.16	2.0
8.6	3.0
9.0	4.0
9.4	1.0
9.78	2.0
10.19	3.0
10.58	4.0
11.0	1.0
11.4	2.0
11.82	3.0
12.22	4.0
12.64	1.0
13.06	2.0
13.45	3.0
13.86	4.0
14.29	1.0
14.7	2.0
15.11	3.0
15.51	4.0
15.93	1.0
16.32	2.0
16.72	3.0
17.12	4.0
17.53	1.0
17.93	2.0
18.34	3.0
18.73	4.0
19.13	1.0
19.52	2.0
19.93	3.0
20.32	4.0
20.74	1.0
21.16	2.0
21.59	3.0
22.01	4.0
22.42	1.0
22.83	2.0
23.24	3.0
23.63	4.0
24.05	1.0
24.46	2.0
24.87	3.0
25.27	4.0
25.7	1.0
26.1	2.0
26.51	3.0
26.91	4.0
27.33	1.0
27.74	2.0
28.18	3.0
28.6	4.0
29.01	1.0
29.41	2.0
29.83	3.0
30.23	4.0
30.65	1.0
31.05	2.0
31.46	3.0
31.84	4.0
32.25	1.0
32.65	2.0
33.07	3.0
33.46	4.0
33.89	1.0
34.3	2.0
34.71	3.0
35.11	4.0
35.52	1.0
35.94	2.0
36.35	3.0
36.74	4.0
37.17	1.0
37.58	2.0
37.99	3.0
38.4	4.0
38.81	1.0
39.21	2.0
39.65	3.0
40.05	4.0
40.49	1.0
40.91	2.0
41.32	3.0
41.74	4.0
42.13	1.0
42.55	2.0
42.97	3.0
43.38	4.0
43.79	1.0
44.2	2.0
44.61	3.0
45.01	4.0
45.42	1.0
45.82	2.0
46.23	3.0
46.65	4.0
47.08	1.0
47.51	2.0
47.93	3.0
48.34	4.0
48.75	1.0
49.16	2.0
49.57	3.0
49.98	4.0
50.42	1.0
50.82	2.0
51.26	3.0
51.67	4.0
52.07	1.0
52.48	2.0
52.9	3.0
53.3	4.0
53.73	1.0
54.13	2.0
54.55	3.0
54.95	4.0
55.38	1.0
55.78	2.0
56.21	3.0
56.61	4.0
57.02	1.0
57.44	2.0
57.86	3.0
58.26	4.0
58.67	1.0
59.07	2.0
59.5	3.0
59.92	4.0
60.34	1.0
60.77	2.0
61.19	3.0
61.59	4.0
62.03	1.0
62.45	2.0
62.87	3.0
63.26	4.0
63.67	1.0
64.09	2.0
64.5	3.0
64.92	4.0
65.33	1.0
65.74	2.0
66.16	3.0
66.59	4.0
66.99	1.0
67.43	2.0
67.83	3.0
68.26	4.0
68.67	1.0
69.09	2.0
69.53	3.0
69.94	4.0
70.37	1.0
70.78	2.0
71.19	3.0
71.59	4.0
71.99	1.0
72.4	2.0
72.83	3.0
73.24	4.0
73.67	1.0
74.1	2.0
74.53	3.0
74.94	4.0
75.34	1.0
75.77	2.0
76.18	3.0
76.59	4.0
76.99	1.0
77.4	2.0
77.83	3.0
78.25	4.0
78.67	1.0
79.09	2.0
79.51	3.0
79.91	4.0
80.33	1.0
80.75	2.0
81.18	3.0
81.59	4.0
82.03	1.0
82.44	2.0
82.87	3.0
83.27	4.0
83.69	1.0
84.13	2.0
84.53	3.0
84.95	4.0
85.37	1.0
85.79	2.0
86.2	3.0
86.6	4.0
87.02	1.0
87.45	2.0
87.87	3.0
88.29	4.0
88.7	1.0
89.11	2.0
89.54	3.0
89.95	4.0
90.37	1.0
90.81	2.0
91.21	3.0
91.64	4.0
92.05	1.0
92.47	2.0
92.9	3.0
93.29	4.0
93.71	1.0
94.13	2.0
94.53	3.0
94.94	4.0
95.36	1.0
95.77	2.0
96.18	3.0
96.6	4.0
97.02	1.0
97.44	2.0
97.86	3.0
98.27	4.0
98.68	1.0
99.11	2.0
99.53	3.0
99.95	4.0
100.36	1.0
100.77	2.0
101.18	3.0
101.59	4.0
102.03	1.0
102.45	2.0
102.87	3.0
103.29	4.0
103.7	1.0
104.09	2.0
104.51	3.0
104.91	4.0
105.32	1.0
105.74	2.0
106.16	3.0
106.57	4.0
106.97	1.0
107.39	2.0
107.8	3.0
108.21	4.0
108.62	1.0
109.04	2.0
109.46	3.0
109.88	4.0
110.3	1.0
110.7	2.0
111.14	3.0
111.54	4.0
111.96	1.0
112.38	2.0
112.82	3.0
113.22	4.0
113.63	1.0
114.03	2.0
114.45	3.0
114.85	4.0
115.27	1.0
115.71	2.0
116.15	3.0
116.61	4.0
117.04	1.0
117.49	2.0
117.89	3.0
118.32	4.0
118.75	1.0
119.15	2.0
119.54	3.0
119.95	4.0
120.36	1.0
120.75	2.0
121.16	3.0
121.56	4.0
121.97	1.0
122.39	2.0
122.81	3.0
123.15	4.0
123.46	1.0
123.78	2.0
124.11	3.0
124.42	4.0
124.75	1.0
125.06	2.0
125.45	3.0
125.84	4.0
126.2	1.0
126.62	2.0
127.06	3.0
127.47	4.0
127.89	1.0
128.32	2.0
128.72	3.0
129.12	4.0
129.53	1.0
129.95	2.0
130.35	3.0
130.76	4.0
131.18	1.0
131.59	2.0
132.01	3.0
132.41	4.0
132.82	1.0
133.23	2.0
133.65	3.0
134.05	4.0
134.47	1.0
134.87	2.0
135.29	3.0
135.68	4.0
136.08	1.0
136.49	2.0
136.91	3.0
137.31	4.0
137.73	1.0
138.17	2.0
138.59	3.0
139.01	4.0
139.42	1.0
139.83	2.0
140.26	3.0
140.66	4.0
141.09	1.0
141.49	2.0
141.91	3.0
142.32	4.0
142.72	1.0
143.12	2.0
143.54	3.0
143.94	4.0
144.36	1.0
144.76	2.0
145.19	3.0
145.6	4.0
146.01	1.0
146.41	2.0
146.83	3.0
147.23	4.0
147.65	1.0
148.06	2.0
148.47	3.0
148.87	4.0
149.28	1.0
149.68	2.0
150.09	3.0
150.5	4.0
150.91	1.0
151.34	2.0
151.73	3.0
152.14	4.0
152.57	1.0
152.96	2.0
153.37	3.0
153.79	4.0
154.21	1.0
154.62	2.0
155.03	3.0
155.44	4.0
155.85	1.0
156.25	2.0
156.66	3.0
157.06	4.0
157.48	1.0
157.88	2.0
158.29	3.0
158.7	4.0
159.11	1.0
159.51	2.0
159.93	3.0
160.33	4.0
160.75	1.0
161.16	2.0
161.58	3.0
161.97	4.0
162.38	1.0
162.79	2.0
163.21	3.0
163.61	4.0
164.05	1.0
164.45	2.0
164.88	3.0
165.29	4.0
165.7	1.0
166.11	2.0
166.53	3.0
166.93	4.0
167.36	1.0
167.76	2.0
168.18	3.0
168.57	4.0
168.98	1.0
169.38	2.0
169.79	3.0
170.19	4.0
170.61	1.0
171.03	2.0
171.43	3.0
171.85	4.0
172.25	1.0
172.67	2.0
173.08	3.0
173.5	4.0
173.92	1.0
174.33	2.0
174.74	3.0
175.13	4.0
175.55	1.0
175.95	2.0
176.37	3.0
176.77	4.0
177.19	1.0
177.59	2.0
178.01	3.0
178.41	4.0
178.83	1.0
179.23	2.0
179.64	3.0
180.06	4.0
180.47	1.0
180.88	2.0
181.28	3.0
181.71	4.0
182.12	1.0
182.53	2.0
182.94	3.0
183.37	4.0
183.79	1.0
184.2	2.0
184.63	3.0
185.03	4.0
185.45	1.0
185.87	2.0
186.3	3.0
186.72	4.0
187.11	1.0
187.53	2.0
187.94	3.0
188.34	4.0
188.74	1.0
189.14	2.0
189.56	3.0
189.98	4.0
190.4	1.0
190.82	2.0
191.25	3.0
191.66	4.0
192.08	1.0
192.48	2.0
192.88	3.0
193.29	4.0
193.7	1.0
194.11	2.0
194.54	3.0
194.94	4.0
195.35	1.0
195.76	2.0
196.18	3.0
196.59	4.0
197.0	1.0
197.43	2.0
197.86	3.0
198.26	4.0
198.68	1.0
199.11	2.0
199.54	3.0
199.94	4.0
200.36	1.0
200.8	2.0
201.2	3.0
201.61	4.0
202.02	1.0
202.42	2.0
202.85	3.0
203.24	4.0
203.64	1.0
204.05	2.0
204.45	3.0
204.87	4.0
205.28	1.0
205.68	2.0
206.1	3.0
206.52	4.0
206.93	1.0
207.34	2.0
207.74	3.0
208.14	4.0
208.57	1.0
208.98	2.0
209.39	3.0
209.8	4.0
210.21	1.0
210.62	2.0
211.03	3.0
211.43	4.0
211.84	1.0
212.25	2.0
212.67	3.0
213.06	4.0
213.48	1.0
213.88	2.0
214.29	3.0
214.7	4.0
215.11	1.0
215.53	2.0
215.94	3.0
216.36	4.0
216.77	1.0
217.17	2.0
217.58	3.0
217.98	4.0
218.4	1.0
218.82	2.0
219.23	3.0
219.63	4.0
220.04	1.0
220.45	2.0
220.86	3.0
221.26	4.0
221.67	1.0
222.1	2.0
222.51	3.0
222.9	4.0
223.31	1.0
223.75	2.0
224.17	3.0
224.56	4.0
224.98	1.0
225.39	2.0
225.81	3.0
226.2	4.0
226.62	1.0
227.04	2.0
227.44	3.0
227.87	4.0
228.29	1.0
228.7	2.0
229.12	3.0
229.52	4.0
229.94	1.0
230.35	2.0
230.77	3.0
231.16	4.0
231.58	1.0
232.02	2.0
232.46	3.0
232.92	4.0
233.36	1.0
233.78	2.0
234.18	3.0
234.6	4.0
235.01	1.0
235.41	2.0
235.81	3.0
236.23	4.0
236.65	1.0
237.06	2.0
237.47	3.0
237.86	4.0
238.28	1.0
238.69	2.0
239.12	3.0
