0.41	1.0
0.79	2.0
1.13	3.0
1.5	4.0
1.86	1.0
2.23	2.0
2.58	3.0
2.96	4.0
3.33	1.0
3.71	2.0
4.07	3.0
4.43	4.0
4.79	1.0
5.16	2.0
5.5	3.0
5.88	4.0
6.24	1.0
6.62	2.0
6.99	3.0
7.35	4.0
7.72	1.0
8.08	2.0
8.42	3.0
8.79	4.0
9.15	1.0
9.51	2.0
9.87	3.0
10.24	4.0
10.58	1.0
10.94	2.0
11.3	3.0
11.67	4.0
12.04	1.0
12.38	2.0
12.76	3.0
13.12	4.0
13.47	1.0
13.85	2.0
14.22	3.0
14.57	4.0
14.93	1.0
15.29	2.0
15.67	3.0
16.02	4.0
16.39	1.0
16.74	2.0
17.12	3.0
17.49	4.0
17.86	1.0
18.22	2.0
18.57	3.0
18.93	4.0
19.3	1.0
19.65	2.0
20.03	3.0
20.39	4.0
20.76	1.0
21.11	2.0
21.49	3.0
21.85	4.0
22.22	1.0
22.61	2.0
22.98	3.0
23.34	4.0
23.7	1.0
24.07	2.0
24.44	3.0
24.83	4.0
25.19	1.0
25.57	2.0
25.94	3.0
26.31	4.0
26.66	1.0
27.03	2.0
27.37	3.0
27.76	4.0
28.12	1.0
28.5	2.0
28.86	3.0
29.23	4.0
29.6	1.0
29.98	2.0
30.35	3.0
30.72	4.0
31.09	1.0
31.44	2.0
31.81	3.0
32.19	4.0
32.55	1.0
32.91	2.0
33.28	3.0
33.64	4.0
34.02	1.0
34.38	2.0
34.75	3.0
35.11	4.0
35.49	1.0
35.84	2.0
36.2	3.0
36.57	4.0
36.94	1.0
37.3	2.0
37.66	3.0
38.03	4.0
38.4	1.0
38.75	2.0
39.14	3.0
39.49	4.0
39.87	1.0
40.23	2.0
40.6	3.0
40.97	4.0
41.34	1.0
41.69	2.0
42.07	3.0
42.42	4.0
42.8	1.0
43.16	2.0
43.52	3.0
43.89	4.0
44.26	1.0
44.61	2.0
44.98	3.0
45.34	4.0
45.72	1.0
46.09	2.0
46.46	3.0
46.82	4.0
47.19	1.0
47.55	2.0
47.92	3.0
48.27	4.0
48.64	1.0
48.99	2.0
49.35	3.0
49.71	4.0
50.07	1.0
50.44	2.0
50.82	3.0
51.18	4.0
51.55	1.0
51.92	2.0
52.28	3.0
52.64	4.0
53.01	1.0
53.37	2.0
53.74	3.0
54.09	4.0
54.46	1.0
54.82	2.0
55.18	3.0
55.56	4.0
55.92	1.0
56.3	2.0
56.67	3.0
57.04	4.0
57.4	1.0
57.77	2.0
58.16	3.0
58.52	4.0
58.89	1.0
59.26	2.0
59.63	3.0
59.98	4.0
60.35	1.0
60.73	2.0
61.09	3.0
61.45	4.0
61.82	1.0
62.19	2.0
62.57	3.0
62.93	4.0
63.29	1.0
63.65	2.0
64.03	3.0
64.38	4.0
64.76	1.0
65.11	2.0
65.49	3.0
65.84	4.0
66.22	1.0
66.58	2.0
66.93	3.0
67.3	4.0
67.65	1.0
68.03	2.0
68.41	3.0
68.76	4.0
69.15	1.0
69.51	2.0
69.88	3.0
70.25	4.0
70.63	1.0
70.99	2.0
71.36	3.0
71.72	4.0
72.08	1.0
72.44	2.0
72.8	3.0
73.16	4.0
73.54	1.0
73.89	2.0
74.24	3.0
74.62	4.0
74.98	1.0
75.34	2.0
75.68	3.0
76.06	4.0
76.41	1.0
76.76	2.0
77.14	3.0
77.5	4.0
77.87	1.0
78.24	2.0
78.61	3.0
78.98	4.0
79.35	1.0
79.72	2.0
80.1	3.0
80.45	4.0
80.82	1.0
81.18	2.0
81.54	3.0
81.9	4.0
82.26	1.0
82.64	2.0
83.01	3.0
83.37	4.0
83.73	1.0
84.09	2.0
84.46	3.0
84.83	4.0
85.2	1.0
85.57	2.0
85.94	3.0
86.3	4.0
86.68	1.0
87.04	2.0
87.41	3.0
87.77	4.0
88.15	1.0
88.51	2.0
88.89	3.0
89.25	4.0
89.61	1.0
89.97	2.0
90.34	3.0
90.7	4.0
91.08	1.0
91.45	2.0
91.81	3.0
92.17	4.0
92.54	1.0
92.89	2.0
93.26	3.0
93.61	4.0
93.98	1.0
94.34	2.0
94.71	3.0
95.08	4.0
95.44	1.0
95.8	2.0
96.17	3.0
96.54	4.0
96.91	1.0
97.26	2.0
97.63	3.0
97.99	4.0
98.35	1.0
98.71	2.0
99.09	3.0
99.45	4.0
99.82	1.0
100.19	2.0
100.55	3.0
100.92	4.0
101.3	1.0
101.64	2.0
102.01	3.0
102.38	4.0
102.74	1.0
103.12	2.0
103.49	3.0
103.86	4.0
104.22	1.0
104.59	2.0
104.98	3.0
105.32	4.0
105.69	1.0
106.05	2.0
106.42	3.0
106.78	4.0
107.16	1.0
107.52	2.0
107.89	3.0
108.25	4.0
108.62	1.0
108.97	2.0
109.34	3.0
109.7	4.0
110.07	1.0
110.43	2.0
110.79	3.0
111.16	4.0
111.53	1.0
111.89	2.0
112.27	3.0
112.63	4.0
113.01	1.0
113.36	2.0
113.72	3.0
114.08	4.0
114.45	1.0
114.81	2.0
115.18	3.0
115.54	4.0
115.91	1.0
116.29	2.0
116.65	3.0
117.01	4.0
117.38	1.0
117.75	2.0
118.12	3.0
118.47	4.0
118.84	1.0
119.21	2.0
119.56	3.0
119.92	4.0
120.29	1.0
120.65	2.0
121.02	3.0
121.38	4.0
121.75	1.0
122.11	2.0
122.48	3.0
122.85	4.0
123.22	1.0
123.57	2.0
123.94	3.0
124.29	4.0
124.65	1.0
125.02	2.0
125.41	3.0
125.77	4.0
126.14	1.0
126.52	2.0
126.89	3.0
127.25	4.0
127.61	1.0
127.99	2.0
128.36	3.0
128.72	4.0
129.09	1.0
129.46	2.0
129.84	3.0
130.19	4.0
130.55	1.0
130.92	2.0
131.28	3.0
131.65	4.0
132.01	1.0
132.38	2.0
132.75	3.0
133.11	4.0
133.47	1.0
133.85	2.0
134.22	3.0
134.59	4.0
134.96	1.0
135.33	2.0
135.7	3.0
136.06	4.0
136.43	1.0
136.8	2.0
137.18	3.0
137.54	4.0
137.9	1.0
138.27	2.0
138.64	3.0
139.0	4.0
139.36	1.0
139.72	2.0
140.11	3.0
140.47	4.0
140.83	1.0
141.2	2.0
141.56	3.0
141.93	4.0
142.29	1.0
142.66	2.0
143.03	3.0
143.4	4.0
143.77	1.0
144.14	2.0
144.5	3.0
144.87	4.0
145.24	1.0
145.61	2.0
145.99	3.0
146.36	4.0
146.72	1.0
147.09	2.0
147.44	3.0
147.81	4.0
148.18	1.0
148.55	2.0
148.93	3.0
149.3	4.0
149.66	1.0
150.04	2.0
150.41	3.0
150.79	4.0
151.15	1.0
151.52	2.0
151.89	3.0
152.25	4.0
152.62	1.0
152.99	2.0
153.36	3.0
153.73	4.0
154.11	1.0
154.48	2.0
154.85	3.0
155.23	4.0
155.6	1.0
155.97	2.0
156.34	3.0
156.69	4.0
157.08	1.0
157.44	2.0
157.82	3.0
158.18	4.0
158.55	1.0
158.92	2.0
159.3	3.0
159.66	4.0
160.04	1.0
160.39	2.0
160.78	3.0
161.14	4.0
161.51	1.0
161.88	2.0
162.26	3.0
162.61	4.0
162.98	1.0
163.35	2.0
163.72	3.0
164.08	4.0
164.45	1.0
164.82	2.0
165.21	3.0
165.58	4.0
165.95	1.0
166.31	2.0
166.68	3.0
167.05	4.0
167.41	1.0
167.79	2.0
168.16	3.0
168.52	4.0
168.9	1.0
169.26	2.0
169.63	3.0
169.99	4.0
170.36	1.0
170.73	2.0
171.1	3.0
171.46	4.0
171.82	1.0
172.19	2.0
172.57	3.0
172.93	4.0
173.3	1.0
173.68	2.0
174.05	3.0
174.42	4.0
174.78	1.0
175.15	2.0
175.52	3.0
175.88	4.0
176.24	1.0
176.62	2.0
176.98	3.0
177.35	4.0
177.71	1.0
178.08	2.0
178.45	3.0
178.81	4.0
179.19	1.0
179.56	2.0
179.92	3.0
180.3	4.0
180.66	1.0
181.01	2.0
181.39	3.0
181.74	4.0
182.12	1.0
182.49	2.0
182.87	3.0
183.23	4.0
183.59	1.0
183.97	2.0
184.33	3.0
