0.22	1.0
0.77	2.0
1.32	3.0
1.85	4.0
2.38	1.0
2.9	2.0
3.45	3.0
3.97	4.0
4.48	1.0
5.03	2.0
5.57	3.0
6.09	4.0
6.61	1.0
7.14	2.0
7.65	3.0
8.19	4.0
8.71	1.0
9.25	2.0
9.8	3.0
10.33	4.0
10.84	1.0
11.37	2.0
11.91	3.0
12.44	4.0
12.97	1.0
13.5	2.0
14.03	3.0
14.54	4.0
15.07	1.0
15.6	2.0
16.12	3.0
16.64	4.0
17.17	1.0
17.7	2.0
18.25	3.0
18.77	4.0
19.29	1.0
19.82	2.0
20.37	3.0
20.89	4.0
21.4	1.0
21.93	2.0
22.48	3.0
23.0	4.0
23.52	1.0
24.06	2.0
24.6	3.0
25.13	4.0
25.66	1.0
26.2	2.0
26.73	3.0
27.26	4.0
27.8	1.0
28.34	2.0
28.88	3.0
29.42	4.0
29.93	1.0
30.47	2.0
31.03	3.0
31.55	4.0
32.09	1.0
32.6	2.0
33.12	3.0
33.66	4.0
34.18	1.0
34.69	2.0
35.22	3.0
35.75	4.0
36.26	1.0
36.77	2.0
37.31	3.0
37.82	4.0
38.35	1.0
38.87	2.0
39.38	3.0
39.91	4.0
40.41	1.0
40.93	2.0
41.44	3.0
41.97	4.0
42.49	1.0
43.02	2.0
43.56	3.0
44.08	4.0
44.6	1.0
45.12	2.0
45.67	3.0
46.2	4.0
46.72	1.0
47.25	2.0
47.76	3.0
48.28	4.0
48.81	1.0
49.33	2.0
49.84	3.0
50.37	4.0
50.9	1.0
51.42	2.0
51.94	3.0
52.48	4.0
53.0	1.0
53.53	2.0
54.06	3.0
54.6	4.0
55.11	1.0
55.63	2.0
56.17	3.0
56.69	4.0
57.23	1.0
57.75	2.0
58.28	3.0
58.82	4.0
59.33	1.0
59.86	2.0
60.4	3.0
60.94	4.0
61.48	1.0
61.99	2.0
62.54	3.0
63.08	4.0
63.6	1.0
64.14	2.0
64.67	3.0
65.2	4.0
65.72	1.0
66.23	2.0
66.74	3.0
67.28	4.0
67.79	1.0
68.32	2.0
68.85	3.0
69.39	4.0
69.91	1.0
70.44	2.0
70.97	3.0
71.5	4.0
72.0	1.0
72.53	2.0
73.07	3.0
73.61	4.0
74.14	1.0
74.64	2.0
75.17	3.0
75.7	4.0
76.23	1.0
76.75	2.0
77.3	3.0
77.83	4.0
78.36	1.0
78.87	2.0
79.42	3.0
79.94	4.0
80.46	1.0
80.99	2.0
81.51	3.0
82.04	4.0
82.56	1.0
83.09	2.0
83.6	3.0
84.14	4.0
84.63	1.0
85.17	2.0
85.7	3.0
86.23	4.0
86.74	1.0
87.27	2.0
87.81	3.0
88.32	4.0
88.82	1.0
89.33	2.0
89.87	3.0
90.4	4.0
90.92	1.0
91.44	2.0
91.95	3.0
92.44	4.0
92.98	1.0
93.49	2.0
94.03	3.0
94.56	4.0
95.1	1.0
95.63	2.0
96.17	3.0
96.71	4.0
97.24	1.0
97.78	2.0
98.31	3.0
98.84	4.0
99.36	1.0
99.89	2.0
100.4	3.0
100.93	4.0
101.46	1.0
101.98	2.0
102.49	3.0
103.0	4.0
103.51	1.0
104.03	2.0
104.59	3.0
105.1	4.0
105.63	1.0
106.14	2.0
106.68	3.0
107.21	4.0
107.72	1.0
108.24	2.0
108.75	3.0
109.27	4.0
109.78	1.0
110.31	2.0
110.84	3.0
111.34	4.0
111.87	1.0
112.37	2.0
112.9	3.0
113.41	4.0
113.92	1.0
114.45	2.0
114.99	3.0
115.5	4.0
116.0	1.0
116.5	2.0
116.99	3.0
117.49	4.0
118.01	1.0
118.52	2.0
119.01	3.0
119.53	4.0
120.04	1.0
120.55	2.0
121.08	3.0
121.61	4.0
122.11	1.0
122.63	2.0
123.15	3.0
123.65	4.0
124.17	1.0
124.67	2.0
125.2	3.0
125.68	4.0
126.2	1.0
126.72	2.0
127.26	3.0
127.76	4.0
128.27	1.0
128.79	2.0
129.32	3.0
129.8	4.0
130.33	1.0
130.83	2.0
131.36	3.0
131.86	4.0
132.37	1.0
132.88	2.0
133.38	3.0
133.88	4.0
134.39	1.0
134.89	2.0
135.44	3.0
135.97	4.0
136.48	1.0
136.99	2.0
137.51	3.0
138.0	4.0
138.53	1.0
139.05	2.0
139.56	3.0
140.08	4.0
140.6	1.0
141.1	2.0
141.61	3.0
142.11	4.0
142.62	1.0
143.14	2.0
143.66	3.0
144.17	4.0
144.69	1.0
145.19	2.0
145.72	3.0
146.23	4.0
146.75	1.0
147.26	2.0
147.79	3.0
148.3	4.0
148.81	1.0
149.32	2.0
149.83	3.0
150.33	4.0
150.83	1.0
151.36	2.0
151.91	3.0
152.42	4.0
152.92	1.0
153.44	2.0
153.98	3.0
154.51	4.0
155.01	1.0
155.54	2.0
156.07	3.0
156.59	4.0
157.12	1.0
157.64	2.0
158.17	3.0
158.7	4.0
159.21	1.0
159.72	2.0
160.28	3.0
160.79	4.0
161.31	1.0
161.83	2.0
162.35	3.0
162.87	4.0
163.38	1.0
163.91	2.0
164.44	3.0
164.96	4.0
165.47	1.0
165.98	2.0
166.5	3.0
166.99	4.0
167.5	1.0
168.01	2.0
168.53	3.0
169.07	4.0
169.58	1.0
170.11	2.0
170.64	3.0
171.15	4.0
171.66	1.0
172.19	2.0
172.72	3.0
173.25	4.0
173.78	1.0
174.3	2.0
174.84	3.0
175.34	4.0
175.87	1.0
176.39	2.0
176.92	3.0
177.45	4.0
177.97	1.0
178.48	2.0
179.02	3.0
179.55	4.0
180.07	1.0
180.59	2.0
181.11	3.0
181.63	4.0
182.13	1.0
182.64	2.0
183.16	3.0
183.65	4.0
184.15	1.0
184.67	2.0
185.2	3.0
185.73	4.0
186.23	1.0
186.75	2.0
187.27	3.0
187.78	4.0
188.31	1.0
188.8	2.0
189.33	3.0
189.83	4.0
190.33	1.0
190.87	2.0
191.37	3.0
191.88	4.0
192.4	1.0
192.92	2.0
193.45	3.0
193.94	4.0
194.46	1.0
194.99	2.0
195.54	3.0
196.06	4.0
196.58	1.0
197.1	2.0
197.62	3.0
198.15	4.0
198.65	1.0
199.16	2.0
199.69	3.0
200.21	4.0
200.73	1.0
201.23	2.0
201.76	3.0
202.3	4.0
202.8	1.0
203.31	2.0
203.86	3.0
204.36	4.0
204.88	1.0
205.39	2.0
205.94	3.0
206.46	4.0
206.97	1.0
207.49	2.0
208.02	3.0
208.53	4.0
209.05	1.0
209.57	2.0
210.11	3.0
210.63	4.0
211.16	1.0
211.68	2.0
212.23	3.0
212.75	4.0
213.28	1.0
213.81	2.0
214.32	3.0
214.82	4.0
215.34	1.0
215.87	2.0
216.35	3.0
216.87	4.0
217.39	1.0
217.9	2.0
218.45	3.0
218.94	4.0
219.47	1.0
219.98	2.0
220.49	3.0
221.02	4.0
221.53	1.0
222.04	2.0
222.57	3.0
223.09	4.0
223.61	1.0
224.11	2.0
224.6	3.0
225.11	4.0
225.62	1.0
226.13	2.0
226.67	3.0
227.18	4.0
227.69	1.0
228.22	2.0
228.75	3.0
229.25	4.0
229.76	1.0
230.29	2.0
230.8	3.0
231.32	4.0
231.82	1.0
232.32	2.0
232.83	3.0
233.35	4.0
233.86	1.0
234.38	2.0
234.91	3.0
235.44	4.0
235.93	1.0
236.45	2.0
236.97	3.0
237.49	4.0
238.01	1.0
238.53	2.0
239.08	3.0
239.62	4.0
240.12	1.0
240.61	2.0
241.13	3.0
241.63	4.0
242.13	1.0
242.64	2.0
243.17	3.0
243.67	4.0
244.18	1.0
244.68	2.0
245.2	3.0
245.71	4.0
246.22	1.0
246.74	2.0
247.27	3.0
247.77	4.0
248.29	1.0
248.79	2.0
249.3	3.0
249.82	4.0
250.31	1.0
250.82	2.0
251.34	3.0
251.86	4.0
252.38	1.0
252.89	2.0
253.41	3.0
253.92	4.0
254.43	1.0
254.95	2.0
255.47	3.0
256.0	4.0
256.52	1.0
257.03	2.0
257.57	3.0
258.09	4.0
258.6	1.0
259.12	2.0
259.63	3.0
260.14	4.0
260.66	1.0
261.16	2.0
261.69	3.0
262.21	4.0
262.73	1.0
263.23	2.0
263.77	3.0
264.27	4.0
264.77	1.0
265.28	2.0
265.78	3.0
266.29	4.0
266.8	1.0
267.31	2.0
267.84	3.0
268.37	4.0
268.89	1.0
269.39	2.0
269.92	3.0
270.45	4.0
270.95	1.0
271.47	2.0
271.98	3.0
272.49	4.0
272.99	1.0
273.5	2.0
274.0	3.0
274.51	4.0
275.03	1.0
275.54	2.0
276.05	3.0
276.58	4.0
277.07	1.0
277.58	2.0
278.11	3.0
278.61	4.0
279.13	1.0
279.65	2.0
280.19	3.0
280.7	4.0
281.21	1.0
281.7	2.0
282.21	3.0
