0.25	3.0
0.78	4.0
1.31	1.0
1.81	2.0
2.34	3.0
2.86	4.0
3.38	1.0
3.91	2.0
4.42	3.0
4.95	4.0
5.46	1.0
5.97	2.0
6.5	3.0
7.01	4.0
7.53	1.0
8.05	2.0
8.56	3.0
9.09	4.0
9.62	1.0
10.13	2.0
10.66	3.0
11.18	4.0
11.7	1.0
12.21	2.0
12.74	3.0
13.26	4.0
13.79	1.0
14.31	2.0
14.84	3.0
15.37	4.0
15.92	1.0
16.72	2.0
17.55	3.0
18.38	4.0
19.19	1.0
20.01	2.0
20.83	3.0
21.64	4.0
22.44	1.0
23.26	2.0
24.07	3.0
24.89	4.0
25.69	1.0
26.51	2.0
27.32	3.0
28.1	4.0
28.93	1.0
29.72	2.0
30.53	3.0
31.33	4.0
32.14	1.0
32.95	2.0
33.48	3.0
34.02	4.0
34.57	1.0
35.1	2.0
35.64	3.0
36.19	4.0
36.72	1.0
37.23	2.0
37.74	3.0
38.3	4.0
38.81	1.0
39.34	2.0
39.88	3.0
40.4	4.0
40.92	1.0
41.44	2.0
41.97	3.0
42.48	4.0
43.01	1.0
43.53	2.0
44.07	3.0
44.58	4.0
45.1	1.0
45.62	2.0
46.15	3.0
46.67	4.0
47.19	1.0
47.71	2.0
48.24	3.0
48.77	4.0
49.29	1.0
49.8	2.0
50.32	3.0
50.84	4.0
51.36	1.0
51.88	2.0
52.41	3.0
52.93	4.0
53.49	1.0
54.31	2.0
55.14	3.0
55.96	4.0
56.79	1.0
57.61	2.0
58.42	3.0
59.24	4.0
60.06	1.0
60.88	2.0
61.7	3.0
62.51	4.0
63.34	1.0
64.17	2.0
64.99	3.0
65.8	4.0
66.6	1.0
67.41	2.0
68.21	3.0
69.02	4.0
69.84	1.0
70.66	2.0
71.49	3.0
72.02	4.0
72.56	1.0
73.12	2.0
73.65	3.0
74.15	4.0
74.67	1.0
75.17	2.0
75.68	3.0
76.21	4.0
76.74	1.0
77.27	2.0
77.81	3.0
78.33	4.0
78.86	1.0
79.38	2.0
79.9	3.0
80.42	4.0
80.93	1.0
81.46	2.0
81.99	3.0
82.5	4.0
83.02	1.0
83.57	2.0
84.09	3.0
84.61	4.0
85.14	1.0
85.66	2.0
86.17	3.0
86.69	4.0
87.21	1.0
87.73	2.0
88.27	3.0
88.79	4.0
89.33	1.0
89.85	2.0
90.36	3.0
90.9	4.0
91.45	1.0
92.26	2.0
93.08	3.0
93.9	4.0
94.74	1.0
95.58	2.0
96.41	3.0
97.22	4.0
98.03	1.0
98.87	2.0
99.71	3.0
100.53	4.0
101.36	1.0
102.17	2.0
102.99	3.0
103.78	4.0
104.58	1.0
105.4	2.0
106.24	3.0
107.06	4.0
107.89	1.0
108.7	2.0
109.5	3.0
110.35	4.0
111.18	1.0
111.84	2.0
112.34	3.0
112.84	4.0
113.36	1.0
113.86	2.0
114.4	3.0
114.9	4.0
115.44	1.0
115.96	2.0
116.48	3.0
117.0	4.0
117.53	1.0
118.06	2.0
118.58	3.0
119.11	4.0
119.63	1.0
120.14	2.0
120.66	3.0
121.19	4.0
121.72	1.0
122.23	2.0
122.75	3.0
123.26	4.0
123.77	1.0
124.3	2.0
124.82	3.0
125.34	4.0
125.86	1.0
126.38	2.0
126.89	3.0
127.4	4.0
127.91	1.0
128.44	2.0
128.98	3.0
129.5	4.0
130.02	1.0
130.54	2.0
131.07	3.0
131.59	4.0
132.11	1.0
132.64	2.0
133.17	3.0
133.68	4.0
134.21	1.0
134.73	2.0
135.24	3.0
135.76	4.0
136.28	1.0
136.82	2.0
137.36	3.0
137.88	4.0
138.39	1.0
138.91	2.0
139.43	3.0
139.95	4.0
140.46	1.0
140.99	2.0
141.53	3.0
142.04	4.0
142.55	1.0
143.08	2.0
143.59	3.0
144.12	4.0
144.66	1.0
145.18	2.0
145.71	3.0
146.23	4.0
146.75	1.0
147.27	2.0
147.79	3.0
148.31	4.0
148.84	1.0
149.37	2.0
149.89	3.0
150.42	4.0
150.95	1.0
151.47	2.0
152.02	3.0
152.54	4.0
153.06	1.0
153.58	2.0
154.1	3.0
154.62	4.0
155.14	1.0
155.66	2.0
156.18	3.0
156.7	4.0
157.22	1.0
157.74	2.0
158.26	3.0
158.78	4.0
159.31	1.0
159.82	2.0
160.33	3.0
160.86	4.0
161.36	1.0
161.88	2.0
162.39	3.0
162.91	4.0
163.44	1.0
163.95	2.0
164.47	3.0
165.0	4.0
165.5	1.0
166.03	2.0
166.56	3.0
167.08	4.0
167.59	1.0
168.11	2.0
168.64	3.0
169.16	4.0
169.67	1.0
170.18	2.0
170.73	3.0
171.28	4.0
171.81	1.0
172.37	2.0
172.9	3.0
173.49	4.0
174.08	1.0
174.69	2.0
175.25	3.0
175.86	4.0
176.45	1.0
177.1	2.0
177.74	3.0
178.34	4.0
178.97	1.0
179.63	2.0
180.24	3.0
180.85	4.0
181.43	1.0
182.06	2.0
182.67	3.0
183.34	4.0
183.94	1.0
184.58	2.0
185.22	3.0
