1.0	1.0
1.44	2.0
1.89	3.0
2.31	4.0
2.77	1.0
3.21	2.0
3.64	3.0
4.07	4.0
4.48	1.0
4.92	2.0
5.35	3.0
5.79	4.0
6.2	1.0
6.64	2.0
7.07	3.0
7.49	4.0
7.9	1.0
8.34	2.0
8.77	3.0
9.19	4.0
9.63	1.0
10.03	2.0
10.46	3.0
10.87	4.0
11.29	1.0
11.71	2.0
12.15	3.0
12.58	4.0
13.02	1.0
13.43	2.0
13.85	3.0
14.27	4.0
14.7	1.0
15.14	2.0
15.57	3.0
16.01	4.0
16.43	1.0
16.87	2.0
17.29	3.0
17.74	4.0
18.16	1.0
18.6	2.0
19.02	3.0
19.46	4.0
19.88	1.0
20.33	2.0
20.77	3.0
21.21	4.0
21.64	1.0
22.06	2.0
22.48	3.0
22.89	4.0
23.32	1.0
23.77	2.0
24.19	3.0
24.62	4.0
25.04	1.0
25.48	2.0
25.91	3.0
26.34	4.0
26.77	1.0
27.21	2.0
27.64	3.0
28.06	4.0
28.51	1.0
28.95	2.0
29.39	3.0
29.83	4.0
30.26	1.0
30.7	2.0
31.14	3.0
31.59	4.0
32.02	1.0
32.46	2.0
32.89	3.0
33.33	4.0
33.76	1.0
34.21	2.0
34.63	3.0
35.06	4.0
35.49	1.0
35.9	2.0
36.33	3.0
36.73	4.0
37.16	1.0
37.59	2.0
38.02	3.0
38.47	4.0
38.9	1.0
39.32	2.0
39.77	3.0
40.2	4.0
40.62	1.0
41.07	2.0
41.5	3.0
41.93	4.0
42.39	1.0
42.84	2.0
43.29	3.0
43.74	4.0
44.16	1.0
44.59	2.0
45.02	3.0
45.47	4.0
45.91	1.0
46.35	2.0
46.79	3.0
47.21	4.0
47.64	1.0
48.08	2.0
48.52	3.0
48.97	4.0
49.4	1.0
49.81	2.0
50.25	3.0
50.67	4.0
51.1	1.0
51.55	2.0
51.98	3.0
52.39	4.0
52.83	1.0
53.25	2.0
53.68	3.0
54.11	4.0
54.56	1.0
54.97	2.0
55.4	3.0
55.81	4.0
56.22	1.0
56.66	2.0
57.07	3.0
57.52	4.0
57.94	1.0
58.4	2.0
58.83	3.0
59.24	4.0
59.69	1.0
60.1	2.0
60.53	3.0
60.98	4.0
61.41	1.0
61.83	2.0
62.26	3.0
62.69	4.0
63.13	1.0
63.59	2.0
64.01	3.0
64.45	4.0
64.91	1.0
65.34	2.0
65.77	3.0
66.2	4.0
66.64	1.0
67.05	2.0
67.48	3.0
67.91	4.0
68.34	1.0
68.79	2.0
69.2	3.0
69.63	4.0
70.08	1.0
70.49	2.0
70.9	3.0
71.34	4.0
71.76	1.0
72.11	2.0
72.46	3.0
72.79	4.0
73.14	1.0
73.49	2.0
73.87	3.0
74.25	4.0
74.64	1.0
75.04	2.0
75.42	3.0
75.81	4.0
76.21	1.0
76.59	2.0
76.97	3.0
77.35	4.0
77.7	1.0
78.09	2.0
78.45	3.0
78.84	4.0
79.21	1.0
79.61	2.0
79.98	3.0
80.36	4.0
80.74	1.0
81.12	2.0
81.49	3.0
81.85	4.0
82.22	1.0
82.59	2.0
82.97	3.0
83.34	4.0
83.7	1.0
84.08	2.0
84.45	3.0
84.83	4.0
85.18	1.0
85.56	2.0
85.93	3.0
86.29	4.0
86.68	1.0
87.04	2.0
87.43	3.0
87.8	4.0
88.16	1.0
88.52	2.0
88.9	3.0
89.26	4.0
89.65	1.0
90.01	2.0
90.37	3.0
90.75	4.0
91.13	1.0
91.49	2.0
92.03	3.0
92.59	4.0
93.31	1.0
94.07	2.0
94.81	3.0
95.62	4.0
96.43	1.0
97.24	2.0
98.04	3.0
98.87	4.0
99.66	1.0
100.45	2.0
101.21	3.0
102.04	4.0
102.86	1.0
103.67	2.0
104.48	3.0
105.32	4.0
106.15	1.0
106.99	2.0
107.8	3.0
108.67	4.0
109.47	1.0
110.3	2.0
111.13	3.0
111.96	4.0
112.78	1.0
113.6	2.0
114.4	3.0
115.21	4.0
116.02	1.0
116.81	2.0
117.64	3.0
118.47	4.0
119.25	1.0
120.08	2.0
120.91	3.0
121.75	4.0
122.55	1.0
123.41	2.0
124.25	3.0
125.1	4.0
125.93	1.0
126.77	2.0
127.59	3.0
128.43	4.0
129.25	1.0
130.1	2.0
130.94	3.0
131.77	4.0
132.61	1.0
133.5	2.0
134.35	3.0
135.15	4.0
135.98	1.0
136.85	2.0
137.69	3.0
138.48	4.0
139.35	1.0
140.14	2.0
140.85	3.0
141.6	4.0
142.44	1.0
143.3	2.0
144.16	3.0
145.0	4.0
145.85	1.0
146.73	2.0
147.56	3.0
148.37	4.0
149.18	1.0
150.07	2.0
150.92	3.0
151.78	4.0
152.62	1.0
153.49	2.0
154.35	3.0
155.15	4.0
155.99	1.0
156.81	2.0
157.64	3.0
158.49	4.0
159.35	1.0
160.24	2.0
