0.53	3.0
1.01	4.0
1.5	1.0
2.03	2.0
2.52	3.0
3.01	4.0
3.51	1.0
4.02	2.0
4.53	3.0
5.02	4.0
5.52	1.0
6.02	2.0
6.52	3.0
7.01	4.0
7.51	1.0
8.01	2.0
8.52	3.0
9.01	4.0
9.51	1.0
10.01	2.0
10.52	3.0
11.01	4.0
11.52	1.0
12.02	2.0
12.56	3.0
13.06	4.0
13.56	1.0
14.05	2.0
14.56	3.0
15.05	4.0
15.56	1.0
16.06	2.0
16.57	3.0
17.09	4.0
17.59	1.0
18.09	2.0
18.6	3.0
19.09	4.0
19.58	1.0
20.08	2.0
20.57	3.0
21.07	4.0
21.57	1.0
22.06	2.0
22.56	3.0
23.05	4.0
23.58	1.0
24.05	2.0
24.53	3.0
25.02	4.0
25.52	1.0
26.03	2.0
26.51	3.0
27.0	4.0
27.48	1.0
28.0	2.0
28.48	3.0
28.98	4.0
29.47	1.0
29.95	2.0
30.42	3.0
30.9	4.0
31.41	1.0
31.93	2.0
32.4	3.0
32.92	4.0
33.42	1.0
33.91	2.0
34.41	3.0
34.92	4.0
35.42	1.0
35.91	2.0
36.42	3.0
36.92	4.0
37.42	1.0
37.93	2.0
38.42	3.0
38.91	4.0
39.4	1.0
39.89	2.0
40.39	3.0
40.89	4.0
41.39	1.0
41.9	2.0
42.41	3.0
42.9	4.0
43.42	1.0
43.93	2.0
44.43	3.0
44.91	4.0
45.45	1.0
45.94	2.0
46.46	3.0
46.95	4.0
47.48	1.0
47.97	2.0
48.48	3.0
48.99	4.0
49.47	1.0
49.97	2.0
50.46	3.0
50.96	4.0
51.48	1.0
51.97	2.0
52.46	3.0
52.94	4.0
53.44	1.0
53.94	2.0
54.43	3.0
54.92	4.0
55.44	1.0
55.91	2.0
56.4	3.0
56.88	4.0
57.39	1.0
57.87	2.0
58.36	3.0
58.86	4.0
59.35	1.0
59.83	2.0
60.3	3.0
60.77	4.0
61.27	1.0
61.8	2.0
62.28	3.0
62.78	4.0
63.27	1.0
63.76	2.0
64.25	3.0
64.75	4.0
65.25	1.0
65.74	2.0
66.22	3.0
66.72	4.0
67.21	1.0
67.7	2.0
68.19	3.0
68.68	4.0
69.17	1.0
69.67	2.0
70.15	3.0
70.63	4.0
71.12	1.0
71.6	2.0
72.09	3.0
72.57	4.0
73.07	1.0
73.54	2.0
74.04	3.0
74.53	4.0
75.02	1.0
75.5	2.0
75.99	3.0
76.47	4.0
76.96	1.0
77.44	2.0
77.95	3.0
78.45	4.0
78.92	1.0
79.42	2.0
79.9	3.0
80.41	4.0
80.9	1.0
81.43	2.0
81.92	3.0
82.41	4.0
82.91	1.0
83.42	2.0
83.91	3.0
84.4	4.0
84.9	1.0
85.41	2.0
85.9	3.0
86.4	4.0
86.9	1.0
87.41	2.0
87.9	3.0
88.41	4.0
88.9	1.0
89.41	2.0
89.9	3.0
90.41	4.0
90.9	1.0
91.4	2.0
91.91	3.0
92.42	4.0
92.91	1.0
93.41	2.0
93.91	3.0
94.41	4.0
94.91	1.0
95.41	2.0
95.92	3.0
96.42	4.0
96.91	1.0
97.43	2.0
97.93	3.0
98.41	4.0
98.9	1.0
99.4	2.0
99.88	3.0
100.38	4.0
100.87	1.0
101.36	2.0
101.85	3.0
102.34	4.0
102.84	1.0
103.32	2.0
103.81	3.0
104.3	4.0
104.8	1.0
105.28	2.0
105.76	3.0
106.25	4.0
106.73	1.0
107.23	2.0
107.72	3.0
108.21	4.0
108.67	1.0
109.16	2.0
109.82	3.0
110.48	4.0
111.13	1.0
111.88	2.0
112.59	3.0
113.36	4.0
114.11	1.0
114.92	2.0
115.68	3.0
116.45	4.0
117.23	1.0
118.05	2.0
118.85	3.0
119.66	4.0
120.57	1.0
121.47	2.0
122.32	3.0
123.19	4.0
124.05	1.0
124.95	2.0
125.87	3.0
126.81	4.0
127.85	1.0
128.92	2.0
129.85	3.0
130.85	4.0
131.76	1.0
132.75	2.0
133.79	3.0
134.84	4.0
135.99	1.0
137.08	2.0
