0.02	1.0
0.95	2.0
1.85	3.0
2.68	4.0
3.6	1.0
4.44	2.0
5.2	3.0
6.02	4.0
6.86	1.0
7.66	2.0
8.45	3.0
9.29	4.0
10.06	1.0
10.94	2.0
11.74	3.0
12.58	4.0
13.37	1.0
14.22	2.0
15.04	3.0
15.9	4.0
16.7	1.0
17.52	2.0
18.34	3.0
19.15	4.0
19.99	1.0
20.78	2.0
21.6	3.0
22.46	4.0
23.29	1.0
24.09	2.0
24.89	3.0
25.68	4.0
26.49	1.0
27.29	2.0
28.12	3.0
28.94	4.0
29.78	1.0
30.56	2.0
31.4	3.0
32.25	4.0
33.07	1.0
33.9	2.0
34.72	3.0
35.56	4.0
36.37	1.0
37.2	2.0
37.99	3.0
38.76	4.0
39.57	1.0
40.31	2.0
41.11	3.0
41.9	4.0
42.71	1.0
43.54	2.0
44.38	3.0
45.17	4.0
45.98	1.0
46.8	2.0
47.6	3.0
48.41	4.0
49.21	1.0
50.02	2.0
50.84	3.0
51.65	4.0
52.44	1.0
53.25	2.0
54.06	3.0
54.85	4.0
55.66	1.0
56.49	2.0
57.29	3.0
58.12	4.0
58.9	1.0
59.76	2.0
60.56	3.0
61.4	4.0
62.2	1.0
62.98	2.0
63.79	3.0
64.61	4.0
65.39	1.0
66.2	2.0
67.01	3.0
67.8	4.0
68.6	1.0
69.4	2.0
70.19	3.0
70.98	4.0
71.74	1.0
72.52	2.0
73.32	3.0
74.14	4.0
74.91	1.0
75.71	2.0
76.47	3.0
77.29	4.0
78.06	1.0
78.9	2.0
79.68	3.0
80.49	4.0
81.25	1.0
82.09	2.0
82.88	3.0
83.68	4.0
84.48	1.0
85.26	2.0
86.02	3.0
86.81	4.0
87.59	1.0
88.38	2.0
89.17	3.0
89.98	4.0
90.78	1.0
91.58	2.0
92.35	3.0
93.17	4.0
93.96	1.0
94.75	2.0
95.54	3.0
96.34	4.0
97.14	1.0
97.93	2.0
98.73	3.0
99.53	4.0
100.34	1.0
101.16	2.0
101.95	3.0
102.76	4.0
103.53	1.0
104.39	2.0
105.18	3.0
105.99	4.0
106.78	1.0
107.59	2.0
108.43	3.0
109.22	4.0
110.0	1.0
110.8	2.0
111.6	3.0
112.39	4.0
113.18	1.0
113.98	2.0
114.75	3.0
115.54	4.0
116.33	1.0
117.12	2.0
117.89	3.0
118.7	4.0
119.48	1.0
120.25	2.0
121.04	3.0
121.83	4.0
122.61	1.0
123.39	2.0
124.15	3.0
124.95	4.0
125.74	1.0
126.54	2.0
127.33	3.0
128.13	4.0
128.94	1.0
129.75	2.0
130.56	3.0
131.39	4.0
132.21	1.0
133.01	2.0
133.83	3.0
134.63	4.0
135.43	1.0
136.22	2.0
137.04	3.0
137.83	4.0
138.63	1.0
139.41	2.0
140.21	3.0
141.01	4.0
141.82	1.0
142.64	2.0
143.41	3.0
144.23	4.0
145.01	1.0
145.8	2.0
146.61	3.0
147.4	4.0
148.19	1.0
148.99	2.0
149.78	3.0
150.56	4.0
151.34	1.0
152.14	2.0
152.92	3.0
153.71	4.0
154.47	1.0
155.26	2.0
156.04	3.0
156.83	4.0
157.59	1.0
158.41	2.0
159.18	3.0
159.97	4.0
160.74	1.0
161.53	2.0
162.32	3.0
163.12	4.0
163.92	1.0
164.71	2.0
165.5	3.0
166.29	4.0
167.05	1.0
167.85	2.0
168.66	3.0
169.45	4.0
170.25	1.0
171.04	2.0
171.79	3.0
172.53	4.0
173.29	1.0
174.02	2.0
174.78	3.0
175.47	4.0
176.23	1.0
176.94	2.0
177.66	3.0
178.38	4.0
179.12	1.0
179.86	2.0
180.58	3.0
181.29	4.0
182.02	1.0
182.73	2.0
183.44	3.0
184.16	4.0
184.88	1.0
185.6	2.0
186.32	3.0
187.03	4.0
187.74	1.0
188.49	2.0
189.19	3.0
189.9	4.0
190.61	1.0
191.32	2.0
192.06	3.0
192.76	4.0
193.5	1.0
194.23	2.0
194.93	3.0
195.65	4.0
196.36	1.0
197.08	2.0
197.82	3.0
198.54	4.0
199.25	1.0
199.97	2.0
200.68	3.0
201.41	4.0
202.11	1.0
202.84	2.0
203.55	3.0
204.26	4.0
204.98	1.0
205.69	2.0
206.39	3.0
207.08	4.0
207.8	1.0
208.51	2.0
209.22	3.0
209.92	4.0
210.62	1.0
211.33	2.0
212.04	3.0
212.75	4.0
213.45	1.0
214.2	2.0
214.98	3.0
215.76	4.0
216.54	1.0
217.33	2.0
218.12	3.0
218.93	4.0
219.72	1.0
220.53	2.0
221.34	3.0
222.13	4.0
222.94	1.0
223.78	2.0
224.59	3.0
225.43	4.0
226.25	1.0
227.06	2.0
227.93	3.0
228.78	4.0
229.65	1.0
