0.22	1.0
0.9	2.0
1.6	3.0
2.31	4.0
3.03	1.0
3.76	2.0
4.45	3.0
5.17	4.0
5.88	1.0
6.6	2.0
7.29	3.0
8.02	4.0
8.73	1.0
9.43	2.0
10.14	3.0
10.85	4.0
11.55	1.0
12.24	2.0
12.96	3.0
13.65	4.0
14.35	1.0
15.04	2.0
15.75	3.0
16.46	4.0
17.14	1.0
17.85	2.0
18.56	3.0
19.25	4.0
19.95	1.0
20.65	2.0
21.33	3.0
22.05	4.0
22.74	1.0
23.45	2.0
24.14	3.0
24.86	4.0
25.55	1.0
26.25	2.0
26.94	3.0
27.65	4.0
28.33	1.0
29.04	2.0
29.74	3.0
30.44	4.0
31.14	1.0
31.85	2.0
32.53	3.0
33.24	4.0
33.92	1.0
34.64	2.0
35.35	3.0
36.05	4.0
36.74	1.0
37.42	2.0
38.12	3.0
38.82	4.0
39.54	1.0
40.24	2.0
40.93	3.0
41.62	4.0
42.33	1.0
43.02	2.0
43.72	3.0
44.42	4.0
45.13	1.0
45.82	2.0
46.51	3.0
47.21	4.0
47.91	1.0
48.63	2.0
49.32	3.0
50.01	4.0
50.7	1.0
51.42	2.0
52.1	3.0
52.81	4.0
53.52	1.0
54.23	2.0
54.92	3.0
55.63	4.0
56.34	1.0
57.05	2.0
57.76	3.0
58.46	4.0
59.17	1.0
59.88	2.0
60.58	3.0
61.29	4.0
62.01	1.0
62.71	2.0
63.44	3.0
64.14	4.0
64.88	1.0
65.57	2.0
66.29	3.0
67.0	4.0
67.69	1.0
68.42	2.0
69.13	3.0
69.84	4.0
70.56	1.0
71.27	2.0
71.99	3.0
72.68	4.0
73.39	1.0
74.11	2.0
74.82	3.0
75.54	4.0
76.24	1.0
76.97	2.0
77.68	3.0
78.39	4.0
79.09	1.0
79.8	2.0
80.51	3.0
81.23	4.0
81.95	1.0
82.66	2.0
83.36	3.0
84.05	4.0
84.75	1.0
85.49	2.0
86.21	3.0
86.9	4.0
87.6	1.0
88.31	2.0
89.03	3.0
89.73	4.0
90.43	1.0
91.15	2.0
91.84	3.0
92.56	4.0
93.26	1.0
93.97	2.0
94.68	3.0
95.4	4.0
96.1	1.0
96.82	2.0
97.53	3.0
98.24	4.0
98.93	1.0
99.65	2.0
100.36	3.0
101.05	4.0
101.73	1.0
102.46	2.0
103.14	3.0
103.85	4.0
104.52	1.0
105.23	2.0
105.95	3.0
106.63	4.0
107.33	1.0
108.04	2.0
108.74	3.0
109.45	4.0
110.14	1.0
110.86	2.0
111.55	3.0
112.22	4.0
112.92	1.0
113.64	2.0
114.36	3.0
115.09	4.0
115.78	1.0
116.46	2.0
117.18	3.0
117.88	4.0
118.59	1.0
119.29	2.0
119.99	3.0
120.69	4.0
121.37	1.0
122.06	2.0
122.77	3.0
123.47	4.0
124.16	1.0
124.89	2.0
125.6	3.0
126.3	4.0
127.02	1.0
127.72	2.0
128.43	3.0
129.15	4.0
129.85	1.0
130.57	2.0
131.27	3.0
131.97	4.0
132.68	1.0
133.36	2.0
134.07	3.0
134.78	4.0
135.49	1.0
136.19	2.0
136.9	3.0
137.61	4.0
138.31	1.0
139.01	2.0
139.72	3.0
140.42	4.0
141.12	1.0
141.84	2.0
142.53	3.0
143.24	4.0
143.94	1.0
144.65	2.0
145.33	3.0
146.05	4.0
146.74	1.0
147.44	2.0
148.15	3.0
148.86	4.0
149.57	1.0
150.27	2.0
150.98	3.0
151.68	4.0
152.38	1.0
153.09	2.0
153.8	3.0
154.51	4.0
155.23	1.0
155.93	2.0
156.64	3.0
157.35	4.0
158.08	1.0
158.77	2.0
159.42	3.0
160.1	4.0
160.78	1.0
161.46	2.0
162.12	3.0
162.85	4.0
163.54	1.0
164.23	2.0
164.92	3.0
165.63	4.0
166.33	1.0
167.02	2.0
167.73	3.0
168.44	4.0
169.17	1.0
169.88	2.0
170.61	3.0
171.33	4.0
172.06	1.0
172.78	2.0
173.49	3.0
174.21	4.0
174.93	1.0
175.64	2.0
176.36	3.0
177.07	4.0
177.79	1.0
178.5	2.0
179.23	3.0
179.96	4.0
180.68	1.0
181.4	2.0
182.11	3.0
182.83	4.0
183.54	1.0
184.25	2.0
184.98	3.0
185.68	4.0
186.4	1.0
187.12	2.0
187.84	3.0
188.53	4.0
189.24	1.0
189.95	2.0
190.68	3.0
191.36	4.0
192.07	1.0
192.8	2.0
193.52	3.0
194.22	4.0
194.95	1.0
195.66	2.0
196.37	3.0
197.07	4.0
197.76	1.0
198.5	2.0
199.23	3.0
199.91	4.0
200.64	1.0
201.35	2.0
202.09	3.0
202.81	4.0
203.53	1.0
204.25	2.0
204.97	3.0
205.69	4.0
206.4	1.0
207.12	2.0
207.87	3.0
208.59	4.0
209.3	1.0
210.05	2.0
210.78	3.0
211.48	4.0
212.15	1.0
212.84	2.0
213.53	3.0
214.24	4.0
214.94	1.0
215.68	2.0
216.37	3.0
217.07	4.0
217.79	1.0
218.52	2.0
219.23	3.0
219.93	4.0
220.68	1.0
