0.25	1.0
0.75	2.0
1.25	3.0
1.77	4.0
2.31	1.0
2.87	2.0
3.39	3.0
3.93	4.0
4.48	1.0
5.01	2.0
5.55	3.0
6.09	4.0
6.59	1.0
7.12	2.0
7.65	3.0
8.19	4.0
8.72	1.0
9.26	2.0
9.79	3.0
10.33	4.0
10.86	1.0
11.4	2.0
11.93	3.0
12.47	4.0
13.0	1.0
13.54	2.0
14.07	3.0
14.61	4.0
15.16	1.0
15.68	2.0
16.19	3.0
16.74	4.0
17.25	1.0
17.8	2.0
18.33	3.0
18.87	4.0
19.4	1.0
19.94	2.0
20.46	3.0
21.01	4.0
21.53	1.0
22.07	2.0
22.59	3.0
23.12	4.0
23.65	1.0
24.19	2.0
24.71	3.0
25.24	4.0
25.76	1.0
26.31	2.0
26.83	3.0
27.37	4.0
27.9	1.0
28.45	2.0
28.97	3.0
29.51	4.0
30.03	1.0
30.57	2.0
31.1	3.0
31.64	4.0
32.17	1.0
32.7	2.0
33.23	3.0
33.75	4.0
34.27	1.0
34.81	2.0
35.34	3.0
35.87	4.0
36.39	1.0
36.92	2.0
37.46	3.0
37.98	4.0
38.51	1.0
39.04	2.0
39.57	3.0
40.1	4.0
40.63	1.0
41.14	2.0
41.67	3.0
42.2	4.0
42.71	1.0
43.24	2.0
43.77	3.0
44.29	4.0
44.82	1.0
45.35	2.0
45.87	3.0
46.4	4.0
46.92	1.0
47.45	2.0
47.98	3.0
48.5	4.0
49.05	1.0
49.54	2.0
50.07	3.0
50.6	4.0
51.11	1.0
51.64	2.0
52.16	3.0
52.68	4.0
53.2	1.0
53.74	2.0
54.26	3.0
54.8	4.0
55.31	1.0
55.84	2.0
56.37	3.0
56.89	4.0
57.42	1.0
57.94	2.0
58.47	3.0
58.99	4.0
59.52	1.0
60.05	2.0
60.58	3.0
61.11	4.0
61.63	1.0
62.17	2.0
62.7	3.0
63.24	4.0
63.76	1.0
64.3	2.0
64.82	3.0
65.36	4.0
65.88	1.0
66.41	2.0
66.93	3.0
67.47	4.0
67.99	1.0
68.52	2.0
69.04	3.0
69.57	4.0
70.09	1.0
70.63	2.0
71.15	3.0
71.68	4.0
72.21	1.0
72.74	2.0
73.26	3.0
73.79	4.0
74.32	1.0
74.85	2.0
75.38	3.0
75.91	4.0
76.44	1.0
76.97	2.0
77.49	3.0
78.02	4.0
78.54	1.0
79.07	2.0
79.6	3.0
80.12	4.0
80.65	1.0
81.17	2.0
81.7	3.0
82.22	4.0
82.76	1.0
83.28	2.0
83.81	3.0
84.34	4.0
84.86	1.0
85.38	2.0
85.91	3.0
86.45	4.0
86.96	1.0
87.49	2.0
88.03	3.0
88.54	4.0
89.06	1.0
89.59	2.0
90.1	3.0
90.63	4.0
91.15	1.0
91.7	2.0
92.24	3.0
92.75	4.0
93.31	1.0
93.83	2.0
94.38	3.0
94.88	4.0
95.42	1.0
95.92	2.0
96.45	3.0
96.99	4.0
97.5	1.0
98.05	2.0
98.57	3.0
99.1	4.0
99.63	1.0
100.18	2.0
100.7	3.0
101.22	4.0
101.75	1.0
102.27	2.0
102.81	3.0
103.32	4.0
103.86	1.0
104.37	2.0
104.91	3.0
105.43	4.0
105.96	1.0
106.49	2.0
107.03	3.0
107.56	4.0
108.08	1.0
108.61	2.0
109.14	3.0
109.68	4.0
110.19	1.0
110.73	2.0
111.25	3.0
111.79	4.0
112.32	1.0
112.86	2.0
113.4	3.0
113.94	4.0
114.46	1.0
114.99	2.0
115.52	3.0
116.06	4.0
116.59	1.0
117.12	2.0
117.66	3.0
118.18	4.0
118.71	1.0
119.24	2.0
119.78	3.0
120.31	4.0
120.83	1.0
121.38	2.0
121.91	3.0
122.45	4.0
122.98	1.0
123.5	2.0
124.03	3.0
124.56	4.0
125.09	1.0
125.62	2.0
126.15	3.0
126.68	4.0
127.21	1.0
127.74	2.0
128.27	3.0
128.8	4.0
129.33	1.0
129.87	2.0
130.41	3.0
130.94	4.0
131.46	1.0
131.98	2.0
132.51	3.0
133.03	4.0
133.57	1.0
134.11	2.0
134.64	3.0
135.16	4.0
135.69	1.0
136.21	2.0
136.74	3.0
137.28	4.0
137.8	1.0
138.34	2.0
138.87	3.0
139.39	4.0
139.95	1.0
140.44	2.0
140.97	3.0
141.49	4.0
142.01	1.0
142.55	2.0
143.07	3.0
143.58	4.0
144.12	1.0
144.65	2.0
145.18	3.0
145.71	4.0
146.24	1.0
146.78	2.0
147.32	3.0
147.84	4.0
148.38	1.0
148.91	2.0
149.45	3.0
149.98	4.0
150.52	1.0
151.05	2.0
151.59	3.0
152.13	4.0
152.65	1.0
153.18	2.0
153.72	3.0
154.25	4.0
154.78	1.0
155.32	2.0
155.85	3.0
156.37	4.0
156.91	1.0
157.44	2.0
157.97	3.0
158.5	4.0
159.04	1.0
159.56	2.0
160.08	3.0
160.62	4.0
161.15	1.0
161.69	2.0
162.22	3.0
162.75	4.0
163.29	1.0
163.82	2.0
164.36	3.0
164.89	4.0
165.42	1.0
165.96	2.0
166.49	3.0
167.03	4.0
167.57	1.0
168.1	2.0
168.63	3.0
169.17	4.0
169.7	1.0
170.23	2.0
170.76	3.0
171.29	4.0
171.82	1.0
172.36	2.0
172.89	3.0
173.42	4.0
173.95	1.0
174.49	2.0
175.03	3.0
175.55	4.0
176.08	1.0
176.61	2.0
177.16	3.0
177.69	4.0
178.21	1.0
178.74	2.0
179.28	3.0
179.8	4.0
180.33	1.0
180.86	2.0
181.39	3.0
181.93	4.0
182.44	1.0
182.98	2.0
183.51	3.0
184.07	4.0
184.59	1.0
185.13	2.0
185.69	3.0
186.2	4.0
186.73	1.0
187.28	2.0
187.79	3.0
188.33	4.0
