0.24	2.0
0.74	3.0
1.23	4.0
1.72	1.0
2.21	2.0
2.72	3.0
3.2	4.0
3.69	1.0
4.19	2.0
4.68	3.0
5.18	4.0
5.67	1.0
6.16	2.0
6.66	3.0
7.15	4.0
7.65	1.0
8.14	2.0
8.63	3.0
9.13	4.0
9.62	1.0
10.12	2.0
10.61	3.0
11.11	4.0
11.6	1.0
12.09	2.0
12.58	3.0
13.08	4.0
13.57	1.0
14.07	2.0
14.56	3.0
15.06	4.0
15.55	1.0
16.05	2.0
16.53	3.0
17.03	4.0
17.52	1.0
18.02	2.0
18.52	3.0
19.01	4.0
19.5	1.0
19.99	2.0
20.48	3.0
20.98	4.0
21.48	1.0
21.97	2.0
22.46	3.0
22.96	4.0
23.45	1.0
23.94	2.0
24.44	3.0
24.93	4.0
25.43	1.0
25.92	2.0
26.41	3.0
26.91	4.0
27.4	1.0
27.9	2.0
28.39	3.0
28.88	4.0
29.38	1.0
29.87	2.0
30.37	3.0
30.86	4.0
31.36	1.0
31.85	2.0
32.34	3.0
32.84	4.0
33.33	1.0
33.83	2.0
34.32	3.0
34.81	4.0
35.3	1.0
35.8	2.0
36.29	3.0
36.79	4.0
37.28	1.0
37.77	2.0
38.27	3.0
38.76	4.0
39.25	1.0
39.75	2.0
40.24	3.0
40.74	4.0
41.23	1.0
41.72	2.0
42.22	3.0
42.71	4.0
43.21	1.0
43.7	2.0
44.19	3.0
44.69	4.0
45.18	1.0
45.67	2.0
46.16	3.0
46.66	4.0
47.15	1.0
47.65	2.0
48.15	3.0
48.64	4.0
49.13	1.0
49.63	2.0
50.11	3.0
50.6	4.0
51.1	1.0
51.6	2.0
52.09	3.0
52.59	4.0
53.09	1.0
53.58	2.0
54.07	3.0
54.56	4.0
55.06	1.0
55.55	2.0
56.05	3.0
56.54	4.0
57.04	1.0
57.53	2.0
58.02	3.0
58.52	4.0
59.01	1.0
59.5	2.0
60.0	3.0
60.49	4.0
60.98	1.0
61.48	2.0
61.97	3.0
62.47	4.0
62.96	1.0
63.45	2.0
63.95	3.0
64.44	4.0
64.94	1.0
65.43	2.0
65.93	3.0
66.42	4.0
66.91	1.0
67.41	2.0
67.9	3.0
68.4	4.0
68.89	1.0
69.38	2.0
69.87	3.0
70.37	4.0
70.86	1.0
71.35	2.0
71.85	3.0
72.34	4.0
72.84	1.0
73.33	2.0
73.83	3.0
74.32	4.0
74.81	1.0
75.31	2.0
75.8	3.0
76.3	4.0
76.79	1.0
77.28	2.0
77.78	3.0
78.27	4.0
78.76	1.0
79.26	2.0
79.75	3.0
80.25	4.0
80.74	1.0
81.23	2.0
81.73	3.0
82.22	4.0
82.72	1.0
83.24	2.0
83.7	3.0
84.22	4.0
84.69	1.0
85.19	2.0
85.68	3.0
86.17	4.0
86.66	1.0
87.16	2.0
87.65	3.0
88.15	4.0
88.64	1.0
89.13	2.0
89.63	3.0
90.12	4.0
90.61	1.0
91.11	2.0
91.6	3.0
92.1	4.0
92.59	1.0
93.09	2.0
93.58	3.0
94.07	4.0
94.57	1.0
95.06	2.0
95.55	3.0
96.05	4.0
96.54	1.0
97.04	2.0
97.53	3.0
98.03	4.0
98.51	1.0
99.01	2.0
99.5	3.0
100.0	4.0
100.49	1.0
100.98	2.0
101.48	3.0
101.98	4.0
102.47	1.0
102.96	2.0
103.46	3.0
103.95	4.0
104.44	1.0
104.94	2.0
105.43	3.0
105.93	4.0
106.42	1.0
106.91	2.0
107.41	3.0
107.9	4.0
108.39	1.0
108.89	2.0
109.38	3.0
109.88	4.0
110.37	1.0
110.86	2.0
111.36	3.0
111.85	4.0
112.34	1.0
112.84	2.0
113.33	3.0
113.83	4.0
114.32	1.0
114.82	2.0
115.31	3.0
115.8	4.0
116.3	1.0
116.79	2.0
117.29	3.0
117.78	4.0
118.27	1.0
118.77	2.0
119.26	3.0
119.76	4.0
120.25	1.0
120.75	2.0
121.24	3.0
121.73	4.0
122.22	1.0
122.72	2.0
123.21	3.0
123.71	4.0
124.2	1.0
124.69	2.0
125.19	3.0
125.68	4.0
126.17	1.0
126.67	2.0
127.16	3.0
127.65	4.0
128.15	1.0
128.64	2.0
129.14	3.0
129.63	4.0
130.12	1.0
130.62	2.0
131.11	3.0
131.61	4.0
132.1	1.0
132.6	2.0
133.09	3.0
133.58	4.0
134.07	1.0
134.57	2.0
135.06	3.0
135.56	4.0
136.05	1.0
136.54	2.0
137.04	3.0
137.53	4.0
138.02	1.0
138.52	2.0
139.01	3.0
139.51	4.0
140.0	1.0
140.49	2.0
140.99	3.0
141.48	4.0
141.97	1.0
142.47	2.0
142.96	3.0
143.46	4.0
143.95	1.0
144.45	2.0
144.94	3.0
145.43	4.0
145.93	1.0
146.42	2.0
146.91	3.0
147.41	4.0
147.9	1.0
148.39	2.0
148.85	3.0
149.36	4.0
149.85	1.0
150.37	2.0
150.86	3.0
151.36	4.0
151.85	1.0
152.34	2.0
152.84	3.0
153.33	4.0
153.83	1.0
154.32	2.0
154.81	3.0
155.31	4.0
155.8	1.0
156.3	2.0
156.79	3.0
157.28	4.0
157.78	1.0
158.27	2.0
158.77	3.0
159.26	4.0
159.75	1.0
160.24	2.0
160.74	3.0
161.24	4.0
161.73	1.0
162.23	2.0
162.72	3.0
163.21	4.0
163.7	1.0
164.2	2.0
164.69	3.0
165.19	4.0
165.68	1.0
166.17	2.0
166.67	3.0
167.17	4.0
167.66	1.0
168.15	2.0
168.64	3.0
169.14	4.0
169.63	1.0
170.12	2.0
170.62	3.0
171.11	4.0
171.61	1.0
172.1	2.0
172.59	3.0
173.09	4.0
173.58	1.0
174.08	2.0
174.57	3.0
175.06	4.0
175.56	1.0
176.05	2.0
176.54	3.0
177.04	4.0
177.53	1.0
178.03	2.0
178.52	3.0
179.02	4.0
179.51	1.0
180.0	2.0
180.49	3.0
180.99	4.0
181.48	1.0
181.97	2.0
182.47	3.0
182.96	4.0
183.46	1.0
183.95	2.0
184.45	3.0
184.94	4.0
185.43	1.0
185.93	2.0
186.42	3.0
186.92	4.0
187.41	1.0
187.9	2.0
188.39	3.0
188.89	4.0
189.38	1.0
189.88	2.0
190.37	3.0
190.87	4.0
191.36	1.0
191.85	2.0
192.34	3.0
192.84	4.0
193.33	1.0
193.83	2.0
194.32	3.0
194.81	4.0
195.31	1.0
195.8	2.0
196.3	3.0
196.79	4.0
197.28	1.0
197.78	2.0
198.27	3.0
198.76	4.0
199.26	1.0
199.75	2.0
200.24	3.0
200.74	4.0
201.23	1.0
201.73	2.0
202.22	3.0
202.71	4.0
203.21	1.0
203.7	2.0
204.2	3.0
204.69	4.0
205.18	1.0
205.68	2.0
206.17	3.0
206.67	4.0
207.16	1.0
207.65	2.0
208.14	3.0
208.64	4.0
209.13	1.0
209.63	2.0
210.12	3.0
210.62	4.0
211.1	1.0
211.6	2.0
212.09	3.0
212.59	4.0
213.08	1.0
213.58	2.0
214.08	3.0
214.57	4.0
215.06	1.0
215.55	2.0
216.05	3.0
216.55	4.0
217.04	1.0
217.53	2.0
218.02	3.0
218.52	4.0
219.01	1.0
219.5	2.0
220.0	3.0
220.49	4.0
220.99	1.0
221.48	2.0
221.98	3.0
222.47	4.0
222.97	1.0
223.46	2.0
223.95	3.0
224.44	4.0
224.94	1.0
225.43	2.0
225.93	3.0
226.42	4.0
226.91	1.0
227.4	2.0
227.9	3.0
228.4	4.0
228.89	1.0
229.38	2.0
229.88	3.0
230.38	4.0
230.86	1.0
231.36	2.0
231.86	3.0
232.35	4.0
232.85	1.0
233.34	2.0
233.83	3.0
234.32	4.0
234.82	1.0
