0.56	2.0
1.0	3.0
1.48	4.0
1.93	1.0
2.38	2.0
2.85	3.0
3.29	4.0
3.72	1.0
4.17	2.0
4.61	3.0
5.08	4.0
5.53	1.0
5.98	2.0
6.42	3.0
6.86	4.0
7.34	1.0
7.79	2.0
8.27	3.0
8.73	4.0
9.21	1.0
9.72	2.0
10.21	3.0
10.7	4.0
11.17	1.0
11.64	2.0
12.1	3.0
12.54	4.0
12.97	1.0
13.4	2.0
13.82	3.0
14.25	4.0
14.73	1.0
15.21	2.0
15.67	3.0
16.13	4.0
16.58	1.0
17.04	2.0
17.51	3.0
17.97	4.0
18.44	1.0
18.9	2.0
19.36	3.0
19.81	4.0
20.28	1.0
20.74	2.0
21.2	3.0
21.66	4.0
22.11	1.0
22.58	2.0
23.05	3.0
23.5	4.0
23.97	1.0
24.43	2.0
24.88	3.0
25.32	4.0
25.78	1.0
26.24	2.0
26.7	3.0
27.16	4.0
27.63	1.0
28.08	2.0
28.54	3.0
29.01	4.0
29.45	1.0
29.93	2.0
30.39	3.0
30.86	4.0
31.31	1.0
31.78	2.0
32.24	3.0
32.7	4.0
33.17	1.0
33.63	2.0
34.1	3.0
34.55	4.0
35.02	1.0
35.48	2.0
35.93	3.0
36.39	4.0
36.85	1.0
37.32	2.0
37.78	3.0
38.24	4.0
38.7	1.0
39.17	2.0
39.62	3.0
40.08	4.0
40.54	1.0
41.01	2.0
41.48	3.0
41.93	4.0
42.39	1.0
42.85	2.0
43.32	3.0
43.77	4.0
44.23	1.0
44.69	2.0
45.15	3.0
45.61	4.0
46.07	1.0
46.54	2.0
47.01	3.0
47.47	4.0
47.93	1.0
48.39	2.0
48.86	3.0
49.32	4.0
49.79	1.0
50.24	2.0
50.72	3.0
51.17	4.0
51.64	1.0
52.1	2.0
52.57	3.0
53.03	4.0
53.5	1.0
53.96	2.0
54.43	3.0
54.89	4.0
55.36	1.0
55.82	2.0
56.29	3.0
56.74	4.0
57.2	1.0
57.67	2.0
58.12	3.0
58.58	4.0
59.03	1.0
59.51	2.0
59.98	3.0
60.44	4.0
60.9	1.0
61.37	2.0
61.82	3.0
62.29	4.0
62.76	1.0
63.25	2.0
63.72	3.0
64.18	4.0
64.64	1.0
65.13	2.0
65.61	3.0
66.07	4.0
66.54	1.0
67.02	2.0
67.49	3.0
67.96	4.0
68.43	1.0
68.91	2.0
69.37	3.0
69.84	4.0
70.31	1.0
70.79	2.0
71.27	3.0
71.73	4.0
72.2	1.0
72.69	2.0
73.14	3.0
73.61	4.0
74.06	1.0
74.52	2.0
74.98	3.0
75.43	4.0
75.89	1.0
76.36	2.0
76.85	3.0
77.32	4.0
77.78	1.0
78.25	2.0
78.71	3.0
79.18	4.0
79.65	1.0
80.11	2.0
80.58	3.0
81.03	4.0
81.5	1.0
81.96	2.0
82.43	3.0
82.88	4.0
83.33	1.0
83.8	2.0
84.28	3.0
84.75	4.0
85.21	1.0
85.67	2.0
86.13	3.0
86.59	4.0
87.06	1.0
87.51	2.0
87.97	3.0
88.43	4.0
88.89	1.0
89.35	2.0
89.8	3.0
90.26	4.0
90.71	1.0
91.17	2.0
91.63	3.0
92.09	4.0
92.56	1.0
93.02	2.0
93.49	3.0
93.95	4.0
94.43	1.0
94.89	2.0
95.35	3.0
95.8	4.0
96.27	1.0
96.73	2.0
97.19	3.0
97.65	4.0
98.1	1.0
98.56	2.0
99.03	3.0
99.48	4.0
99.95	1.0
100.42	2.0
100.88	3.0
101.35	4.0
101.82	1.0
102.28	2.0
102.75	3.0
103.2	4.0
103.67	1.0
104.12	2.0
104.58	3.0
105.02	4.0
105.47	1.0
105.95	2.0
106.41	3.0
106.87	4.0
107.33	1.0
107.78	2.0
108.23	3.0
108.7	4.0
109.16	1.0
109.64	2.0
110.12	3.0
110.58	4.0
111.05	1.0
111.52	2.0
111.99	3.0
112.46	4.0
112.92	1.0
113.39	2.0
113.86	3.0
114.32	4.0
114.8	1.0
115.28	2.0
115.75	3.0
116.22	4.0
116.7	1.0
117.17	2.0
117.64	3.0
118.1	4.0
118.57	1.0
119.06	2.0
119.53	3.0
119.99	4.0
120.44	1.0
120.87	2.0
121.31	3.0
121.76	4.0
122.21	1.0
122.69	2.0
123.18	3.0
123.64	4.0
124.12	1.0
124.58	2.0
125.04	3.0
125.5	4.0
125.97	1.0
126.43	2.0
126.9	3.0
127.35	4.0
127.81	1.0
128.27	2.0
128.73	3.0
129.2	4.0
129.65	1.0
130.12	2.0
130.6	3.0
131.07	4.0
131.53	1.0
132.0	2.0
132.47	3.0
132.93	4.0
133.39	1.0
133.86	2.0
134.32	3.0
134.77	4.0
135.23	1.0
135.69	2.0
136.15	3.0
136.61	4.0
137.06	1.0
137.53	2.0
138.0	3.0
138.46	4.0
138.94	1.0
139.4	2.0
139.86	3.0
140.33	4.0
140.79	1.0
141.25	2.0
141.73	3.0
142.21	4.0
142.67	1.0
143.13	2.0
143.59	3.0
144.04	4.0
144.49	1.0
144.96	2.0
145.42	3.0
145.89	4.0
146.36	1.0
146.83	2.0
147.29	3.0
147.77	4.0
148.22	1.0
148.69	2.0
149.16	3.0
149.63	4.0
150.09	1.0
150.55	2.0
151.02	3.0
151.47	4.0
151.92	1.0
152.4	2.0
152.85	3.0
153.32	4.0
153.78	1.0
154.24	2.0
154.7	3.0
155.15	4.0
155.61	1.0
156.09	2.0
156.55	3.0
157.01	4.0
157.46	1.0
157.93	2.0
158.39	3.0
158.84	4.0
159.29	1.0
159.78	2.0
160.25	3.0
160.72	4.0
161.17	1.0
161.63	2.0
162.08	3.0
162.53	4.0
162.98	1.0
163.45	2.0
163.92	3.0
164.38	4.0
164.82	1.0
165.3	2.0
165.78	3.0
166.25	4.0
166.72	1.0
167.19	2.0
167.66	3.0
168.13	4.0
168.58	1.0
169.06	2.0
169.54	3.0
169.99	4.0
170.45	1.0
170.92	2.0
171.4	3.0
171.88	4.0
172.34	1.0
172.82	2.0
173.28	3.0
173.73	4.0
174.19	1.0
174.67	2.0
175.14	3.0
175.6	4.0
176.04	1.0
176.51	2.0
176.98	3.0
177.44	4.0
177.88	1.0
178.36	2.0
178.84	3.0
179.31	4.0
179.78	1.0
180.24	2.0
180.7	3.0
181.14	4.0
181.61	1.0
182.1	2.0
182.57	3.0
183.04	4.0
183.49	1.0
183.95	2.0
184.41	3.0
184.87	4.0
185.34	1.0
185.83	2.0
186.29	3.0
186.76	4.0
187.21	1.0
187.67	2.0
188.13	3.0
188.6	4.0
189.05	1.0
189.49	2.0
189.94	3.0
190.41	4.0
190.86	1.0
191.31	2.0
191.75	3.0
192.21	4.0
192.67	1.0
193.12	2.0
193.62	3.0
194.09	4.0
194.56	1.0
195.07	2.0
195.57	3.0
196.06	4.0
196.54	1.0
197.0	2.0
197.45	3.0
197.9	4.0
198.33	1.0
198.78	2.0
199.23	3.0
199.68	4.0
200.13	1.0
200.6	2.0
201.08	3.0
201.55	4.0
202.01	1.0
202.47	2.0
202.94	3.0
203.41	4.0
203.87	1.0
204.34	2.0
204.81	3.0
205.28	4.0
205.75	1.0
206.2	2.0
206.66	3.0
207.12	4.0
207.58	1.0
208.04	2.0
208.52	3.0
208.98	4.0
209.44	1.0
209.91	2.0
210.37	3.0
210.84	4.0
211.31	1.0
211.77	2.0
212.24	3.0
212.7	4.0
213.17	1.0
213.62	2.0
214.09	3.0
214.55	4.0
215.0	1.0
215.47	2.0
215.94	3.0
216.41	4.0
216.87	1.0
217.33	2.0
217.79	3.0
218.26	4.0
218.72	1.0
219.18	2.0
219.65	3.0
220.11	4.0
220.57	1.0
221.02	2.0
221.48	3.0
221.94	4.0
222.4	1.0
222.87	2.0
223.33	3.0
223.79	4.0
224.25	1.0
224.71	2.0
225.16	3.0
225.62	4.0
226.07	1.0
226.54	2.0
227.0	3.0
227.45	4.0
227.9	1.0
228.34	2.0
228.79	3.0
229.23	4.0
229.66	1.0
230.13	2.0
230.6	3.0
231.05	4.0
231.51	1.0
231.96	2.0
232.42	3.0
232.89	4.0
233.35	1.0
233.81	2.0
234.28	3.0
234.73	4.0
235.19	1.0
235.66	2.0
236.11	3.0
236.57	4.0
237.02	1.0
237.49	2.0
237.96	3.0
238.41	4.0
238.88	1.0
239.33	2.0
239.79	3.0
240.26	4.0
240.72	1.0
