0.25	1.0
1.18	2.0
2.09	3.0
2.99	4.0
3.93	1.0
4.86	2.0
5.78	3.0
6.69	4.0
7.61	1.0
8.53	2.0
9.44	3.0
10.35	4.0
11.29	1.0
12.21	2.0
13.13	3.0
14.06	4.0
15.02	1.0
16.0	2.0
16.94	3.0
17.88	4.0
18.83	1.0
19.76	2.0
20.68	3.0
21.6	4.0
22.57	1.0
23.55	2.0
24.47	3.0
25.39	4.0
26.36	1.0
27.29	2.0
28.24	3.0
29.16	4.0
30.09	1.0
31.06	2.0
31.99	3.0
32.88	4.0
33.84	1.0
34.81	2.0
35.73	3.0
36.62	4.0
37.59	1.0
38.56	2.0
39.45	3.0
40.36	4.0
41.33	1.0
42.27	2.0
43.2	3.0
44.13	4.0
45.1	1.0
46.07	2.0
47.03	3.0
47.97	4.0
48.92	1.0
49.88	2.0
50.81	3.0
51.74	4.0
52.69	1.0
53.65	2.0
54.6	3.0
55.56	4.0
56.46	1.0
57.45	2.0
58.39	3.0
59.31	4.0
60.27	1.0
61.23	2.0
62.18	3.0
63.1	4.0
64.05	1.0
65.04	2.0
65.98	3.0
66.9	4.0
67.87	1.0
68.83	2.0
69.78	3.0
70.72	4.0
71.67	1.0
72.62	2.0
73.58	3.0
74.5	4.0
75.46	1.0
76.44	2.0
77.39	3.0
78.33	4.0
79.32	1.0
80.25	2.0
81.19	3.0
82.13	4.0
83.1	1.0
84.02	2.0
84.93	3.0
85.87	4.0
86.81	1.0
87.77	2.0
88.69	3.0
89.62	4.0
90.56	1.0
91.53	2.0
92.45	3.0
93.4	4.0
94.35	1.0
95.32	2.0
96.25	3.0
97.21	4.0
98.15	1.0
99.11	2.0
100.04	3.0
100.99	4.0
101.91	1.0
102.86	2.0
103.77	3.0
104.74	4.0
105.7	1.0
106.67	2.0
107.6	3.0
108.54	4.0
109.51	1.0
110.45	2.0
111.39	3.0
112.33	4.0
113.25	1.0
114.21	2.0
115.15	3.0
116.09	4.0
117.03	1.0
117.97	2.0
118.92	3.0
119.85	4.0
120.73	1.0
121.28	2.0
121.76	3.0
122.22	4.0
122.85	1.0
123.62	2.0
124.57	3.0
125.51	4.0
126.44	1.0
127.35	2.0
128.29	3.0
129.23	4.0
130.17	1.0
131.09	2.0
132.02	3.0
132.96	4.0
133.89	1.0
134.83	2.0
135.74	3.0
136.67	4.0
137.6	1.0
138.55	2.0
139.47	3.0
140.43	4.0
141.34	1.0
142.28	2.0
143.19	3.0
144.14	4.0
145.08	1.0
146.02	2.0
146.92	3.0
147.86	4.0
148.78	1.0
149.73	2.0
150.64	3.0
151.58	4.0
152.53	1.0
153.46	2.0
154.39	3.0
155.31	4.0
156.22	1.0
157.15	2.0
158.08	3.0
159.0	4.0
159.94	1.0
160.89	2.0
161.81	3.0
162.74	4.0
163.66	1.0
164.58	2.0
165.51	3.0
166.46	4.0
167.4	1.0
168.39	2.0
169.33	3.0
170.25	4.0
171.19	1.0
172.14	2.0
173.08	3.0
174.01	4.0
174.94	1.0
175.89	2.0
176.84	3.0
177.76	4.0
178.69	1.0
179.64	2.0
180.58	3.0
181.51	4.0
182.45	1.0
183.39	2.0
184.34	3.0
185.25	4.0
186.21	1.0
187.14	2.0
188.07	3.0
188.99	4.0
189.93	1.0
190.87	2.0
191.83	3.0
192.77	4.0
193.68	1.0
194.63	2.0
195.57	3.0
196.48	4.0
197.41	1.0
198.37	2.0
199.29	3.0
200.19	4.0
201.12	1.0
202.1	2.0
203.02	3.0
203.91	4.0
204.84	1.0
205.8	2.0
206.73	3.0
207.66	4.0
208.59	1.0
209.52	2.0
210.45	3.0
211.37	4.0
212.34	1.0
213.26	2.0
214.2	3.0
215.11	4.0
216.05	1.0
216.97	2.0
217.89	3.0
218.81	4.0
219.75	1.0
220.68	2.0
221.6	3.0
222.52	4.0
223.44	1.0
224.39	2.0
225.29	3.0
226.19	4.0
227.11	1.0
228.07	2.0
229.01	3.0
229.97	4.0
230.9	1.0
231.89	2.0
232.82	3.0
233.77	4.0
234.71	1.0
235.66	2.0
236.62	3.0
237.56	4.0
238.49	1.0
239.45	2.0
240.38	3.0
241.33	4.0
242.28	1.0
243.25	2.0
244.21	3.0
245.15	4.0
246.09	1.0
247.05	2.0
247.99	3.0
248.95	4.0
249.89	1.0
250.85	2.0
251.79	3.0
252.74	4.0
253.68	1.0
254.63	2.0
255.54	3.0
256.49	4.0
257.42	1.0
258.38	2.0
259.32	3.0
260.27	4.0
261.2	1.0
262.14	2.0
263.09	3.0
264.01	4.0
264.98	1.0
265.92	2.0
266.84	3.0
267.76	4.0
268.67	1.0
269.62	2.0
270.52	3.0
271.46	4.0
272.38	1.0
273.32	2.0
274.23	3.0
