0.5	4.0
0.93	1.0
1.33	2.0
1.75	3.0
2.17	4.0
2.61	1.0
3.02	2.0
3.45	3.0
3.85	4.0
4.23	1.0
4.63	2.0
5.02	3.0
5.39	4.0
5.8	1.0
6.2	2.0
6.61	3.0
7.0	4.0
7.41	1.0
7.82	2.0
8.24	3.0
8.63	4.0
9.05	1.0
9.47	2.0
9.88	3.0
10.28	4.0
10.71	1.0
11.14	2.0
11.56	3.0
11.96	4.0
12.36	1.0
12.74	2.0
13.14	3.0
13.57	4.0
14.02	1.0
14.45	2.0
14.87	3.0
15.29	4.0
15.7	1.0
16.12	2.0
16.53	3.0
16.96	4.0
17.39	1.0
17.81	2.0
18.21	3.0
18.61	4.0
19.03	1.0
19.46	2.0
19.88	3.0
20.29	4.0
20.72	1.0
21.13	2.0
21.54	3.0
21.96	4.0
22.38	1.0
22.81	2.0
23.26	3.0
23.69	4.0
24.14	1.0
24.57	2.0
24.96	3.0
25.38	4.0
25.77	1.0
26.17	2.0
26.57	3.0
27.02	4.0
27.48	1.0
27.93	2.0
28.36	3.0
28.77	4.0
29.16	1.0
29.57	2.0
29.98	3.0
30.43	4.0
30.85	1.0
31.28	2.0
31.7	3.0
32.13	4.0
32.57	1.0
33.03	2.0
33.48	3.0
33.91	4.0
34.36	1.0
34.8	2.0
35.24	3.0
35.65	4.0
36.08	1.0
36.52	2.0
36.98	3.0
37.42	4.0
37.84	1.0
38.28	2.0
38.71	3.0
39.14	4.0
39.58	1.0
40.01	2.0
40.44	3.0
40.86	4.0
41.31	1.0
41.79	2.0
42.25	3.0
42.73	4.0
43.25	1.0
43.74	2.0
44.21	3.0
44.63	4.0
45.08	1.0
45.5	2.0
45.93	3.0
46.36	4.0
46.82	1.0
47.24	2.0
47.68	3.0
48.14	4.0
48.58	1.0
49.05	2.0
49.49	3.0
49.95	4.0
50.42	1.0
50.91	2.0
51.38	3.0
51.84	4.0
52.27	1.0
52.7	2.0
53.16	3.0
53.58	4.0
54.03	1.0
54.48	2.0
54.94	3.0
55.4	4.0
55.88	1.0
56.34	2.0
56.81	3.0
57.32	4.0
57.9	1.0
58.53	2.0
59.1	3.0
59.72	4.0
60.31	1.0
60.78	2.0
61.21	3.0
61.62	4.0
62.05	1.0
62.45	2.0
62.91	3.0
63.36	4.0
63.82	1.0
64.26	2.0
64.72	3.0
65.17	4.0
65.65	1.0
66.09	2.0
66.57	3.0
67.01	4.0
67.49	1.0
67.95	2.0
68.39	3.0
68.86	4.0
69.34	1.0
69.83	2.0
70.31	3.0
70.77	4.0
71.27	1.0
71.75	2.0
72.2	3.0
72.68	4.0
73.15	1.0
73.57	2.0
73.99	3.0
74.42	4.0
74.85	1.0
75.29	2.0
75.73	3.0
76.14	4.0
76.58	1.0
77.04	2.0
77.5	3.0
77.93	4.0
78.39	1.0
78.85	2.0
79.29	3.0
79.71	4.0
80.17	1.0
80.59	2.0
81.03	3.0
81.47	4.0
81.93	1.0
82.37	2.0
82.8	3.0
83.26	4.0
83.7	1.0
84.17	2.0
84.62	3.0
85.07	4.0
85.51	1.0
85.95	2.0
86.42	3.0
86.85	4.0
87.3	1.0
87.75	2.0
88.21	3.0
88.66	4.0
89.09	1.0
89.53	2.0
89.96	3.0
90.4	4.0
90.85	1.0
91.28	2.0
91.73	3.0
92.16	4.0
92.61	1.0
93.04	2.0
93.48	3.0
93.93	4.0
94.39	1.0
94.85	2.0
95.3	3.0
95.73	4.0
96.18	1.0
96.62	2.0
97.05	3.0
97.48	4.0
97.91	1.0
98.33	2.0
98.78	3.0
99.23	4.0
99.67	1.0
100.14	2.0
100.6	3.0
101.08	4.0
101.56	1.0
102.01	2.0
102.5	3.0
102.95	4.0
103.41	1.0
103.89	2.0
104.32	3.0
104.77	4.0
105.21	1.0
105.63	2.0
106.1	3.0
106.54	4.0
106.98	1.0
107.46	2.0
107.9	3.0
108.36	4.0
108.82	1.0
109.3	2.0
109.76	3.0
110.22	4.0
110.66	1.0
111.12	2.0
111.56	3.0
112.0	4.0
112.47	1.0
112.92	2.0
113.37	3.0
113.8	4.0
114.32	1.0
114.83	2.0
115.33	3.0
115.84	4.0
116.4	1.0
116.99	2.0
117.54	3.0
118.1	4.0
118.58	1.0
119.0	2.0
119.46	3.0
119.87	4.0
120.28	1.0
120.7	2.0
121.15	3.0
121.57	4.0
122.0	1.0
122.44	2.0
122.89	3.0
123.34	4.0
123.77	1.0
124.21	2.0
124.66	3.0
125.09	4.0
125.54	1.0
126.0	2.0
126.45	3.0
126.9	4.0
127.35	1.0
127.8	2.0
128.23	3.0
128.68	4.0
129.16	1.0
129.6	2.0
130.08	3.0
130.52	4.0
130.98	1.0
131.46	2.0
131.89	3.0
132.34	4.0
132.8	1.0
133.26	2.0
133.69	3.0
134.13	4.0
134.56	1.0
135.0	2.0
135.46	3.0
135.9	4.0
136.33	1.0
136.78	2.0
137.24	3.0
137.67	4.0
138.14	1.0
138.57	2.0
139.03	3.0
139.46	4.0
139.9	1.0
140.34	2.0
140.75	3.0
141.19	4.0
141.61	1.0
142.05	2.0
142.52	3.0
142.99	4.0
143.48	1.0
143.96	2.0
144.43	3.0
144.88	4.0
145.34	1.0
145.8	2.0
146.26	3.0
146.74	4.0
147.19	1.0
147.66	2.0
148.1	3.0
148.58	4.0
148.99	1.0
149.44	2.0
149.87	3.0
150.3	4.0
150.72	1.0
151.14	2.0
151.57	3.0
152.01	4.0
152.43	1.0
152.86	2.0
153.3	3.0
153.75	4.0
154.2	1.0
154.63	2.0
155.08	3.0
155.51	4.0
155.93	1.0
156.37	2.0
156.81	3.0
157.24	4.0
157.67	1.0
158.09	2.0
158.51	3.0
158.95	4.0
159.39	1.0
159.81	2.0
160.23	3.0
160.66	4.0
161.09	1.0
161.52	2.0
161.94	3.0
162.36	4.0
162.79	1.0
163.2	2.0
163.64	3.0
164.06	4.0
164.5	1.0
164.92	2.0
165.34	3.0
165.78	4.0
166.2	1.0
166.63	2.0
167.04	3.0
167.46	4.0
167.9	1.0
168.32	2.0
168.75	3.0
169.2	4.0
169.62	1.0
170.03	2.0
170.46	3.0
170.88	4.0
171.29	1.0
171.7	2.0
172.12	3.0
172.55	4.0
172.98	1.0
173.4	2.0
173.8	3.0
174.24	4.0
174.67	1.0
175.11	2.0
175.53	3.0
175.95	4.0
176.37	1.0
176.77	2.0
177.19	3.0
177.62	4.0
178.05	1.0
178.45	2.0
178.89	3.0
179.3	4.0
179.73	1.0
180.18	2.0
180.59	3.0
181.02	4.0
181.47	1.0
181.88	2.0
182.31	3.0
182.74	4.0
183.17	1.0
183.62	2.0
184.03	3.0
184.47	4.0
184.9	1.0
185.33	2.0
185.75	3.0
186.15	4.0
186.59	1.0
186.99	2.0
187.41	3.0
187.84	4.0
188.25	1.0
188.69	2.0
189.1	3.0
189.53	4.0
189.94	1.0
190.37	2.0
190.79	3.0
191.22	4.0
191.66	1.0
192.08	2.0
192.53	3.0
192.98	4.0
193.42	1.0
193.85	2.0
194.27	3.0
194.67	4.0
195.1	1.0
195.51	2.0
195.94	3.0
196.36	4.0
196.77	1.0
197.2	2.0
197.61	3.0
198.04	4.0
198.46	1.0
198.88	2.0
199.3	3.0
199.71	4.0
200.15	1.0
200.57	2.0
200.99	3.0
201.4	4.0
201.83	1.0
202.25	2.0
202.67	3.0
203.1	4.0
203.54	1.0
203.96	2.0
204.4	3.0
204.84	4.0
205.26	1.0
205.69	2.0
206.12	3.0
206.54	4.0
206.96	1.0
207.39	2.0
207.82	3.0
208.24	4.0
208.65	1.0
209.05	2.0
209.47	3.0
209.89	4.0
210.29	1.0
210.71	2.0
211.11	3.0
211.52	4.0
211.96	1.0
212.37	2.0
212.78	3.0
213.2	4.0
213.59	1.0
214.0	2.0
214.41	3.0
214.83	4.0
215.23	1.0
215.63	2.0
216.04	3.0
216.43	4.0
216.83	1.0
217.26	2.0
217.66	3.0
218.06	4.0
218.48	1.0
218.9	2.0
219.3	3.0
219.72	4.0
220.12	1.0
220.53	2.0
220.95	3.0
221.34	4.0
221.75	1.0
222.18	2.0
222.56	3.0
222.98	4.0
223.38	1.0
223.78	2.0
224.19	3.0
224.6	4.0
225.03	1.0
225.43	2.0
225.83	3.0
226.25	4.0
226.66	1.0
227.07	2.0
227.51	3.0
227.93	4.0
228.34	1.0
228.75	2.0
229.18	3.0
229.59	4.0
230.02	1.0
230.43	2.0
230.85	3.0
231.24	4.0
231.65	1.0
232.09	2.0
232.51	3.0
232.91	4.0
233.33	1.0
233.77	2.0
234.19	3.0
234.59	4.0
235.03	1.0
235.45	2.0
235.87	3.0
236.27	4.0
236.71	1.0
237.11	2.0
237.55	3.0
237.96	4.0
238.37	1.0
238.8	2.0
239.22	3.0
239.64	4.0
240.07	1.0
240.47	2.0
240.89	3.0
241.33	4.0
241.76	1.0
242.19	2.0
242.6	3.0
243.03	4.0
243.47	1.0
243.89	2.0
244.31	3.0
244.75	4.0
245.16	1.0
245.59	2.0
245.99	3.0
246.43	4.0
246.85	1.0
247.28	2.0
247.69	3.0
248.12	4.0
248.55	1.0
248.97	2.0
249.38	3.0
249.8	4.0
250.23	1.0
250.64	2.0
251.05	3.0
251.47	4.0
251.9	1.0
252.33	2.0
252.73	3.0
253.16	4.0
253.57	1.0
254.01	2.0
254.41	3.0
254.83	4.0
255.26	1.0
255.68	2.0
256.11	3.0
256.51	4.0
256.95	1.0
257.35	2.0
257.77	3.0
258.17	4.0
258.6	1.0
258.99	2.0
259.42	3.0
259.84	4.0
260.24	1.0
260.66	2.0
261.08	3.0
261.5	4.0
261.93	1.0
262.36	2.0
262.77	3.0
263.2	4.0
263.6	1.0
264.04	2.0
264.46	3.0
264.87	4.0
265.27	1.0
265.68	2.0
266.09	3.0
266.51	4.0
266.92	1.0
267.31	2.0
267.75	3.0
268.16	4.0
268.59	1.0
269.0	2.0
269.41	3.0
269.82	4.0
270.25	1.0
270.64	2.0
271.05	3.0
271.46	4.0
271.87	1.0
272.28	2.0
272.7	3.0
273.12	4.0
273.53	1.0
273.94	2.0
274.35	3.0
274.74	4.0
275.15	1.0
275.58	2.0
275.98	3.0
276.38	4.0
276.76	1.0
277.16	2.0
277.55	3.0
277.95	4.0
278.53	1.0
279.12	2.0
279.95	3.0
280.77	4.0
281.57	1.0
282.43	2.0
283.25	3.0
284.04	4.0
284.78	1.0
285.52	2.0
286.26	3.0
287.03	4.0
287.76	1.0
288.56	2.0
289.32	3.0
290.09	4.0
290.86	1.0
291.64	2.0
292.4	3.0
293.15	4.0
293.92	1.0
294.68	2.0
295.48	3.0
296.23	4.0
297.0	1.0
297.74	2.0
298.51	3.0
299.25	4.0
300.0	1.0
300.75	2.0
301.48	3.0
302.24	4.0
303.01	1.0
303.74	2.0
304.51	3.0
305.25	4.0
305.99	1.0
306.74	2.0
307.49	3.0
308.26	4.0
309.0	1.0
309.72	2.0
310.47	3.0
311.17	4.0
311.9	1.0
312.66	2.0
313.41	3.0
314.14	4.0
314.87	1.0
315.61	2.0
316.37	3.0
317.1	4.0
317.84	1.0
318.58	2.0
319.29	3.0
320.02	4.0
320.73	1.0
321.49	2.0
322.23	3.0
322.93	4.0
323.65	1.0
324.4	2.0
325.15	3.0
325.88	4.0
326.61	1.0
327.39	2.0
328.12	3.0
328.85	4.0
329.57	1.0
330.27	2.0
330.98	3.0
331.68	4.0
332.41	1.0
333.17	2.0
333.9	3.0
334.62	4.0
335.36	1.0
336.1	2.0
336.84	3.0
337.57	4.0
338.28	1.0
339.03	2.0
339.78	3.0
340.52	4.0
341.24	1.0
341.95	2.0
342.66	3.0
343.36	4.0
344.07	1.0
344.82	2.0
345.56	3.0
346.31	4.0
347.05	1.0
347.8	2.0
348.53	3.0
349.25	4.0
349.98	1.0
350.74	2.0
351.51	3.0
352.25	4.0
352.98	1.0
353.7	2.0
354.46	3.0
355.2	4.0
355.94	1.0
356.67	2.0
357.42	3.0
358.17	4.0
358.89	1.0
359.68	2.0
360.45	3.0
361.2	4.0
361.92	1.0
362.7	2.0
363.45	3.0
364.17	4.0
364.88	1.0
365.58	2.0
366.24	3.0
366.89	4.0
367.52	1.0
368.2	2.0
368.82	3.0
369.49	4.0
370.11	1.0
370.75	2.0
371.35	3.0
371.96	4.0
372.57	1.0
373.17	2.0
373.81	3.0
374.4	4.0
375.02	1.0
375.61	2.0
376.23	3.0
376.85	4.0
377.45	1.0
378.1	2.0
378.71	3.0
379.36	4.0
379.96	1.0
380.62	2.0
381.2	3.0
381.81	4.0
382.42	1.0
383.06	2.0
383.63	3.0
384.22	4.0
384.81	1.0
385.37	2.0
385.98	3.0
386.54	4.0
387.13	1.0
387.77	2.0
388.38	3.0
388.99	4.0
389.61	1.0
390.22	2.0
390.83	3.0
391.45	4.0
392.07	1.0
392.68	2.0
393.3	3.0
393.91	4.0
394.53	1.0
395.14	2.0
395.75	3.0
396.36	4.0
396.95	1.0
397.59	2.0
398.19	3.0
398.8	4.0
399.41	1.0
400.02	2.0
400.6	3.0
401.17	4.0
401.73	1.0
402.35	2.0
402.95	3.0
403.53	4.0
404.12	1.0
404.72	2.0
405.32	3.0
405.89	4.0
406.49	1.0
407.09	2.0
407.68	3.0
408.27	4.0
408.88	1.0
409.46	2.0
410.04	3.0
410.59	4.0
411.13	1.0
411.74	2.0
412.31	3.0
412.89	4.0
413.47	1.0
414.05	2.0
414.63	3.0
415.22	4.0
415.77	1.0
416.37	2.0
416.97	3.0
417.56	4.0
418.15	1.0
418.73	2.0
419.32	3.0
419.91	4.0
420.49	1.0
421.1	2.0
421.68	3.0
422.27	4.0
422.86	1.0
423.43	2.0
424.02	3.0
424.59	4.0
425.16	1.0
425.75	2.0
426.34	3.0
426.9	4.0
427.49	1.0
428.07	2.0
428.64	3.0
429.16	4.0
429.71	1.0
430.32	2.0
430.92	3.0
431.51	4.0
432.09	1.0
432.67	2.0
433.24	3.0
433.8	4.0
434.38	1.0
435.0	2.0
435.57	3.0
436.16	4.0
436.76	1.0
437.35	2.0
437.94	3.0
438.48	4.0
439.05	1.0
439.65	2.0
440.23	3.0
440.8	4.0
441.37	1.0
441.91	2.0
442.43	3.0
442.98	4.0
443.54	1.0
444.13	2.0
444.7	3.0
445.29	4.0
445.88	1.0
446.46	2.0
447.04	3.0
447.62	4.0
448.19	1.0
448.79	2.0
449.37	3.0
449.93	4.0
450.51	1.0
451.1	2.0
451.7	3.0
452.27	4.0
452.87	1.0
453.46	2.0
454.04	3.0
454.63	4.0
455.2	1.0
455.8	2.0
456.4	3.0
456.96	4.0
457.54	1.0
458.14	2.0
458.73	3.0
459.29	4.0
459.85	1.0
460.44	2.0
461.02	3.0
461.57	4.0
462.16	1.0
462.75	2.0
463.33	3.0
463.88	4.0
464.45	1.0
465.01	2.0
465.58	3.0
466.14	4.0
466.72	1.0
467.29	2.0
467.86	3.0
468.42	4.0
468.98	1.0
469.56	2.0
470.15	3.0
470.75	4.0
471.32	1.0
471.94	2.0
472.54	3.0
473.13	4.0
473.74	1.0
474.31	2.0
474.91	3.0
475.49	4.0
476.08	1.0
476.68	2.0
477.26	3.0
477.82	4.0
478.41	1.0
478.98	2.0
479.56	3.0
480.14	4.0
480.73	1.0
481.32	2.0
481.92	3.0
482.49	4.0
483.09	1.0
483.66	2.0
484.23	3.0
484.81	4.0
485.38	1.0
485.93	2.0
486.51	3.0
487.07	4.0
487.65	1.0
488.2	2.0
488.76	3.0
489.34	4.0
489.92	1.0
490.5	2.0
491.1	3.0
491.67	4.0
492.26	1.0
492.83	2.0
493.41	3.0
493.98	4.0
494.55	1.0
495.12	2.0
495.72	3.0
496.29	4.0
496.88	1.0
497.45	2.0
498.01	3.0
498.56	4.0
499.13	1.0
499.72	2.0
500.3	3.0
500.87	4.0
501.46	1.0
502.02	2.0
502.58	3.0
503.15	4.0
503.68	1.0
504.27	2.0
504.86	3.0
505.43	4.0
505.99	1.0
506.58	2.0
507.16	3.0
507.71	4.0
508.28	1.0
508.87	2.0
509.45	3.0
510.02	4.0
510.6	1.0
511.17	2.0
511.73	3.0
512.3	4.0
512.84	1.0
513.42	2.0
514.0	3.0
514.57	4.0
515.14	1.0
515.7	2.0
516.24	3.0
516.79	4.0
517.31	1.0
517.89	2.0
518.47	3.0
519.04	4.0
519.6	1.0
520.14	2.0
520.65	3.0
521.17	4.0
521.73	1.0
522.31	2.0
522.9	3.0
523.47	4.0
524.06	1.0
524.61	2.0
525.14	3.0
525.7	4.0
526.26	1.0
526.83	2.0
527.43	3.0
528.02	4.0
528.61	1.0
529.17	2.0
529.76	3.0
530.35	4.0
530.92	1.0
531.51	2.0
532.09	3.0
532.67	4.0
533.25	1.0
533.82	2.0
534.4	3.0
534.97	4.0
535.55	1.0
536.14	2.0
536.72	3.0
537.33	4.0
537.92	1.0
538.49	2.0
539.03	3.0
539.59	4.0
540.13	1.0
540.72	2.0
541.32	3.0
541.91	4.0
542.5	1.0
543.1	2.0
543.67	3.0
544.23	4.0
544.77	1.0
545.36	2.0
545.96	3.0
546.54	4.0
547.14	1.0
547.7	2.0
548.27	3.0
548.87	4.0
549.44	1.0
550.04	2.0
550.65	3.0
551.28	4.0
551.89	1.0
552.5	2.0
553.09	3.0
553.69	4.0
554.34	1.0
554.96	2.0
555.55	3.0
556.16	4.0
556.77	1.0
557.38	2.0
557.96	3.0
558.57	4.0
559.15	1.0
559.76	2.0
560.36	3.0
560.97	4.0
561.58	1.0
562.18	2.0
562.76	3.0
563.36	4.0
563.94	1.0
564.55	2.0
565.14	3.0
565.74	4.0
566.34	1.0
566.93	2.0
567.52	3.0
568.12	4.0
568.71	1.0
569.32	2.0
569.92	3.0
570.51	4.0
571.1	1.0
571.71	2.0
572.3	3.0
572.9	4.0
573.48	1.0
574.09	2.0
574.68	3.0
575.27	4.0
575.86	1.0
576.47	2.0
577.06	3.0
577.65	4.0
578.24	1.0
578.84	2.0
579.42	3.0
580.01	4.0
580.6	1.0
581.2	2.0
581.77	3.0
582.38	4.0
582.96	1.0
583.56	2.0
584.15	3.0
584.74	4.0
585.33	1.0
585.92	2.0
586.51	3.0
587.11	4.0
587.68	1.0
588.29	2.0
588.85	3.0
589.45	4.0
590.05	1.0
590.64	2.0
591.26	3.0
591.82	4.0
592.36	1.0
592.92	2.0
593.51	3.0
594.14	4.0
594.76	1.0
595.37	2.0
595.98	3.0
596.58	4.0
597.19	1.0
597.84	2.0
598.47	3.0
599.09	4.0
599.73	1.0
600.36	2.0
600.99	3.0
601.59	4.0
602.17	1.0
602.75	2.0
603.35	3.0
603.96	4.0
604.56	1.0
605.17	2.0
605.78	3.0
606.37	4.0
606.96	1.0
607.56	2.0
608.16	3.0
608.76	4.0
609.37	1.0
609.97	2.0
610.56	3.0
611.16	4.0
611.78	1.0
612.49	2.0
613.21	3.0
613.98	4.0
614.85	1.0
615.71	2.0
616.68	3.0
617.56	4.0
618.51	1.0
619.43	2.0
620.34	3.0
621.23	4.0
622.26	1.0
623.27	2.0
624.29	3.0
625.26	4.0
626.2	1.0
627.14	2.0
628.08	3.0
628.97	4.0
629.89	1.0
630.79	2.0
631.64	3.0
632.51	4.0
633.39	1.0
634.32	2.0
635.15	3.0
635.94	4.0
636.73	1.0
637.44	2.0
638.2	3.0
638.91	4.0
639.67	1.0
