0.4	4.0
0.82	1.0
1.24	2.0
1.65	3.0
2.06	4.0
2.48	1.0
2.9	2.0
3.3	3.0
3.73	4.0
4.15	1.0
4.56	2.0
4.97	3.0
5.38	4.0
5.81	1.0
6.22	2.0
6.62	3.0
7.03	4.0
7.46	1.0
7.87	2.0
8.28	3.0
8.69	4.0
9.12	1.0
9.53	2.0
9.93	3.0
10.35	4.0
10.78	1.0
11.19	2.0
11.6	3.0
12.01	4.0
12.44	1.0
12.84	2.0
13.25	3.0
13.66	4.0
14.09	1.0
14.51	2.0
14.91	3.0
15.32	4.0
15.75	1.0
16.16	2.0
16.57	3.0
16.98	4.0
17.41	1.0
17.81	2.0
18.22	3.0
18.64	4.0
19.06	1.0
19.47	2.0
19.88	3.0
20.3	4.0
20.72	1.0
21.13	2.0
21.54	3.0
21.96	4.0
22.38	1.0
22.79	2.0
23.2	3.0
23.61	4.0
24.03	1.0
24.45	2.0
24.86	3.0
25.27	4.0
25.68	1.0
26.09	2.0
26.51	3.0
26.92	4.0
27.35	1.0
27.77	2.0
28.17	3.0
28.58	4.0
29.01	1.0
29.42	2.0
29.82	3.0
30.25	4.0
30.67	1.0
31.07	2.0
31.49	3.0
31.9	4.0
32.32	1.0
32.72	2.0
33.14	3.0
33.55	4.0
33.98	1.0
34.39	2.0
34.8	3.0
35.21	4.0
35.63	1.0
36.05	2.0
36.45	3.0
36.87	4.0
37.29	1.0
37.71	2.0
38.11	3.0
38.53	4.0
38.95	1.0
39.36	2.0
39.76	3.0
40.18	4.0
40.61	1.0
41.02	2.0
41.42	3.0
41.84	4.0
42.26	1.0
42.67	2.0
43.08	3.0
43.49	4.0
43.92	1.0
44.33	2.0
44.74	3.0
45.16	4.0
45.58	1.0
45.99	2.0
46.39	3.0
46.8	4.0
47.24	1.0
47.65	2.0
48.05	3.0
48.47	4.0
48.89	1.0
49.3	2.0
49.71	3.0
50.14	4.0
50.55	1.0
50.97	2.0
51.37	3.0
51.79	4.0
52.21	1.0
52.62	2.0
53.03	3.0
53.44	4.0
53.87	1.0
54.28	2.0
54.69	3.0
55.09	4.0
55.52	1.0
55.94	2.0
56.35	3.0
56.76	4.0
57.18	1.0
57.59	2.0
58.0	3.0
58.42	4.0
58.83	1.0
59.24	2.0
59.66	3.0
60.07	4.0
60.49	1.0
60.9	2.0
61.31	3.0
61.73	4.0
62.15	1.0
62.56	2.0
62.97	3.0
63.38	4.0
63.8	1.0
64.22	2.0
64.63	3.0
65.05	4.0
65.45	1.0
65.87	2.0
66.28	3.0
66.7	4.0
67.12	1.0
67.53	2.0
67.95	3.0
68.36	4.0
68.77	1.0
69.18	2.0
69.59	3.0
70.02	4.0
70.43	1.0
70.84	2.0
71.26	3.0
71.68	4.0
72.08	1.0
72.5	2.0
72.91	3.0
73.31	4.0
73.75	1.0
74.16	2.0
74.57	3.0
74.99	4.0
75.41	1.0
75.81	2.0
76.22	3.0
76.63	4.0
77.06	1.0
77.47	2.0
77.89	3.0
78.3	4.0
78.71	1.0
79.14	2.0
79.55	3.0
79.96	4.0
80.38	1.0
80.79	2.0
81.2	3.0
81.62	4.0
82.03	1.0
82.44	2.0
82.85	3.0
83.27	4.0
83.69	1.0
84.11	2.0
84.51	3.0
84.94	4.0
85.34	1.0
85.76	2.0
86.17	3.0
86.59	4.0
87.02	1.0
87.42	2.0
87.83	3.0
88.25	4.0
88.66	1.0
89.07	2.0
89.49	3.0
89.91	4.0
90.32	1.0
90.74	2.0
91.14	3.0
91.56	4.0
91.98	1.0
92.38	2.0
92.8	3.0
93.21	4.0
93.64	1.0
94.05	2.0
94.46	3.0
94.88	4.0
95.29	1.0
95.7	2.0
96.11	3.0
96.53	4.0
96.95	1.0
97.36	2.0
97.77	3.0
98.19	4.0
98.61	1.0
99.02	2.0
99.43	3.0
99.84	4.0
100.27	1.0
100.67	2.0
101.09	3.0
101.51	4.0
101.92	1.0
102.33	2.0
102.74	3.0
103.16	4.0
103.59	1.0
104.0	2.0
104.4	3.0
104.82	4.0
105.24	1.0
105.64	2.0
106.06	3.0
106.47	4.0
106.91	1.0
107.31	2.0
107.71	3.0
108.13	4.0
108.56	1.0
108.97	2.0
109.37	3.0
109.79	4.0
110.2	1.0
110.62	2.0
111.03	3.0
111.45	4.0
111.86	1.0
112.27	2.0
112.69	3.0
113.1	4.0
113.52	1.0
113.94	2.0
114.36	3.0
114.77	4.0
115.18	1.0
115.6	2.0
115.99	3.0
116.42	4.0
116.84	1.0
117.25	2.0
117.66	3.0
118.08	4.0
118.49	1.0
118.91	2.0
119.32	3.0
119.73	4.0
120.15	1.0
120.77	2.0
121.39	3.0
122.22	4.0
123.04	1.0
123.88	2.0
124.71	3.0
125.54	4.0
126.36	1.0
127.19	2.0
128.02	3.0
128.85	4.0
129.66	1.0
130.49	2.0
131.33	3.0
132.16	4.0
132.99	1.0
133.81	2.0
134.64	3.0
135.47	4.0
136.31	1.0
137.13	2.0
137.96	3.0
138.79	4.0
139.61	1.0
140.45	2.0
141.27	3.0
142.11	4.0
142.93	1.0
143.76	2.0
144.59	3.0
145.42	4.0
146.24	1.0
147.08	2.0
147.9	3.0
148.73	4.0
149.56	1.0
150.4	2.0
151.22	3.0
152.05	4.0
152.86	1.0
153.7	2.0
154.53	3.0
155.36	4.0
156.18	1.0
157.01	2.0
157.85	3.0
158.67	4.0
159.5	1.0
160.33	2.0
161.17	3.0
161.98	4.0
162.82	1.0
163.65	2.0
164.48	3.0
165.3	4.0
166.13	1.0
166.95	2.0
167.78	3.0
168.62	4.0
169.45	1.0
170.28	2.0
171.11	3.0
171.93	4.0
172.76	1.0
173.59	2.0
174.41	3.0
175.24	4.0
176.08	1.0
176.9	2.0
177.73	3.0
178.56	4.0
179.38	1.0
180.22	2.0
181.05	3.0
181.87	4.0
182.7	1.0
183.53	2.0
184.36	3.0
185.19	4.0
186.02	1.0
186.85	2.0
187.68	3.0
188.5	4.0
189.33	1.0
190.16	2.0
191.0	3.0
191.81	4.0
192.64	1.0
193.48	2.0
194.3	3.0
195.14	4.0
195.96	1.0
196.79	2.0
197.62	3.0
198.45	4.0
199.27	1.0
200.11	2.0
200.94	3.0
201.77	4.0
202.59	1.0
203.42	2.0
204.25	3.0
205.08	4.0
205.9	1.0
206.73	2.0
207.56	3.0
208.39	4.0
209.21	1.0
210.05	2.0
210.88	3.0
211.7	4.0
212.53	1.0
213.36	2.0
214.19	3.0
215.02	4.0
215.85	1.0
216.67	2.0
217.51	3.0
218.33	4.0
219.16	1.0
219.99	2.0
220.83	3.0
221.64	4.0
222.47	1.0
223.3	2.0
224.14	3.0
224.96	4.0
