0.67	1.0
1.27	2.0
1.87	3.0
2.49	4.0
3.12	1.0
3.72	2.0
4.34	3.0
4.94	4.0
5.57	1.0
6.21	2.0
6.8	3.0
7.41	4.0
8.03	1.0
8.63	2.0
9.25	3.0
9.86	4.0
10.47	1.0
11.09	2.0
11.7	3.0
12.31	4.0
12.92	1.0
13.53	2.0
14.15	3.0
14.76	4.0
15.37	1.0
15.98	2.0
16.59	3.0
17.21	4.0
17.82	1.0
18.43	2.0
19.05	3.0
19.66	4.0
20.27	1.0
20.88	2.0
21.49	3.0
22.11	4.0
22.72	1.0
23.33	2.0
23.94	3.0
24.55	4.0
25.17	1.0
25.78	2.0
26.39	3.0
27.0	4.0
27.62	1.0
28.23	2.0
28.84	3.0
29.45	4.0
30.07	1.0
30.68	2.0
31.29	3.0
31.9	4.0
32.52	1.0
33.12	2.0
33.74	3.0
34.35	4.0
34.96	1.0
35.58	2.0
36.19	3.0
36.8	4.0
37.42	1.0
38.02	2.0
38.64	3.0
39.25	4.0
39.86	1.0
40.47	2.0
41.09	3.0
41.7	4.0
42.31	1.0
42.92	2.0
43.54	3.0
44.15	4.0
44.76	1.0
45.37	2.0
45.99	3.0
46.6	4.0
47.21	1.0
47.82	2.0
48.44	3.0
49.04	4.0
49.66	1.0
50.27	2.0
50.88	3.0
51.49	4.0
52.11	1.0
52.72	2.0
53.33	3.0
53.94	4.0
54.56	1.0
55.17	2.0
55.78	3.0
56.39	4.0
57.01	1.0
57.62	2.0
58.23	3.0
58.84	4.0
59.46	1.0
60.06	2.0
60.68	3.0
61.29	4.0
61.9	1.0
62.51	2.0
63.13	3.0
63.74	4.0
64.35	1.0
64.97	2.0
65.58	3.0
66.17	4.0
66.8	1.0
67.4	2.0
68.02	3.0
68.64	4.0
69.25	1.0
69.86	2.0
70.47	3.0
71.09	4.0
71.7	1.0
72.31	2.0
72.92	3.0
73.53	4.0
74.15	1.0
74.76	2.0
75.37	3.0
75.98	4.0
76.6	1.0
77.21	2.0
77.82	3.0
78.43	4.0
79.05	1.0
79.66	2.0
80.27	3.0
80.88	4.0
81.49	1.0
82.11	2.0
82.72	3.0
83.33	4.0
83.95	1.0
84.55	2.0
85.17	3.0
85.78	4.0
86.39	1.0
87.0	2.0
87.62	3.0
88.23	4.0
88.84	1.0
89.45	2.0
90.07	3.0
90.68	4.0
91.29	1.0
91.9	2.0
92.52	3.0
93.13	4.0
93.74	1.0
94.35	2.0
94.96	3.0
95.58	4.0
96.19	1.0
96.8	2.0
97.41	3.0
98.02	4.0
98.64	1.0
99.25	2.0
99.86	3.0
100.47	4.0
101.09	1.0
101.7	2.0
102.31	3.0
102.92	4.0
103.54	1.0
104.15	2.0
104.76	3.0
105.37	4.0
105.99	1.0
106.6	2.0
107.21	3.0
107.82	4.0
108.44	1.0
109.04	2.0
109.66	3.0
110.27	4.0
110.88	1.0
111.49	2.0
112.11	3.0
112.72	4.0
113.33	1.0
113.94	2.0
114.56	3.0
115.17	4.0
115.78	1.0
116.39	2.0
117.01	3.0
117.62	4.0
118.23	1.0
118.84	2.0
119.46	3.0
120.07	4.0
120.68	1.0
121.29	2.0
121.91	3.0
122.51	4.0
123.13	1.0
123.74	2.0
124.35	3.0
124.96	4.0
125.58	1.0
126.19	2.0
126.8	3.0
127.41	4.0
128.03	1.0
128.64	2.0
129.25	3.0
129.86	4.0
130.47	1.0
131.09	2.0
131.7	3.0
132.31	4.0
132.92	1.0
133.53	2.0
134.15	3.0
134.76	4.0
135.37	1.0
135.99	2.0
136.6	3.0
137.21	4.0
137.82	1.0
138.43	2.0
139.05	3.0
139.66	4.0
140.27	1.0
140.88	2.0
141.5	3.0
142.11	4.0
142.72	1.0
143.33	2.0
143.94	3.0
144.56	4.0
145.17	1.0
145.78	2.0
146.4	3.0
147.0	4.0
147.62	1.0
148.23	2.0
148.84	3.0
149.45	4.0
150.07	1.0
150.68	2.0
151.29	3.0
151.9	4.0
152.52	1.0
153.13	2.0
153.74	3.0
154.35	4.0
154.97	1.0
155.58	2.0
156.19	3.0
156.8	4.0
157.41	1.0
158.02	2.0
158.64	3.0
159.25	4.0
159.86	1.0
160.48	2.0
161.09	3.0
161.7	4.0
162.32	1.0
162.92	2.0
163.54	3.0
164.15	4.0
164.76	1.0
165.37	2.0
165.99	3.0
166.6	4.0
167.21	1.0
167.82	2.0
168.44	3.0
169.04	4.0
169.66	1.0
170.27	2.0
170.89	3.0
171.5	4.0
172.11	1.0
172.72	2.0
173.34	3.0
173.94	4.0
174.56	1.0
175.17	2.0
175.78	3.0
176.39	4.0
177.01	1.0
177.62	2.0
178.23	3.0
178.84	4.0
179.45	1.0
180.07	2.0
180.68	3.0
181.29	4.0
181.9	1.0
182.52	2.0
183.13	3.0
183.74	4.0
184.35	1.0
184.96	2.0
185.58	3.0
186.19	4.0
186.8	1.0
187.41	2.0
188.03	3.0
188.63	4.0
189.25	1.0
189.86	2.0
190.48	3.0
191.09	4.0
191.7	1.0
192.31	2.0
192.93	3.0
193.54	4.0
194.15	1.0
194.76	2.0
195.38	3.0
195.99	4.0
196.6	1.0
197.21	2.0
197.82	3.0
198.43	4.0
199.05	1.0
199.66	2.0
200.27	3.0
200.88	4.0
201.5	1.0
202.1	2.0
202.72	3.0
203.33	4.0
203.94	1.0
204.56	2.0
205.17	3.0
205.78	4.0
206.39	1.0
207.01	2.0
207.62	3.0
208.23	4.0
208.85	1.0
209.45	2.0
210.06	3.0
210.68	4.0
