1.04	1.0
1.5	2.0
1.96	3.0
2.43	4.0
2.89	1.0
3.34	2.0
3.81	3.0
4.27	4.0
4.73	1.0
5.17	2.0
5.65	3.0
6.09	4.0
6.56	1.0
7.04	2.0
7.51	3.0
7.97	4.0
8.43	1.0
8.88	2.0
9.34	3.0
9.8	4.0
10.28	1.0
10.72	2.0
11.19	3.0
11.65	4.0
12.12	1.0
12.56	2.0
13.02	3.0
13.48	4.0
13.94	1.0
14.4	2.0
14.87	3.0
15.33	4.0
15.79	1.0
16.25	2.0
16.71	3.0
17.16	4.0
17.64	1.0
18.09	2.0
18.56	3.0
19.02	4.0
19.47	1.0
19.94	2.0
20.38	3.0
20.86	4.0
21.32	1.0
21.78	2.0
22.24	3.0
22.7	4.0
23.16	1.0
23.63	2.0
24.09	3.0
24.55	4.0
25.0	1.0
25.46	2.0
25.93	3.0
26.39	4.0
26.85	1.0
27.31	2.0
27.77	3.0
28.23	4.0
28.69	1.0
29.15	2.0
29.61	3.0
30.07	4.0
30.54	1.0
31.0	2.0
31.46	3.0
31.92	4.0
32.38	1.0
32.84	2.0
33.3	3.0
33.76	4.0
34.23	1.0
34.68	2.0
35.15	3.0
35.61	4.0
36.07	1.0
36.53	2.0
36.99	3.0
37.45	4.0
37.91	1.0
38.37	2.0
38.83	3.0
39.29	4.0
39.75	1.0
40.21	2.0
40.67	3.0
41.14	4.0
41.6	1.0
42.06	2.0
42.53	3.0
42.98	4.0
43.45	1.0
43.9	2.0
44.37	3.0
44.83	4.0
45.29	1.0
45.75	2.0
46.21	3.0
46.67	4.0
47.13	1.0
47.59	2.0
48.05	3.0
48.51	4.0
48.97	1.0
49.43	2.0
49.9	3.0
50.36	4.0
50.82	1.0
51.28	2.0
51.74	3.0
52.2	4.0
52.66	1.0
53.12	2.0
53.58	3.0
54.04	4.0
54.5	1.0
54.96	2.0
55.43	3.0
55.89	4.0
56.35	1.0
56.81	2.0
57.27	3.0
57.73	4.0
58.19	1.0
58.65	2.0
59.11	3.0
59.58	4.0
60.04	1.0
60.5	2.0
60.96	3.0
61.42	4.0
61.88	1.0
62.34	2.0
62.8	3.0
63.26	4.0
63.72	1.0
64.18	2.0
64.64	3.0
65.11	4.0
65.57	1.0
66.03	2.0
66.49	3.0
66.95	4.0
67.41	1.0
67.87	2.0
68.33	3.0
68.79	4.0
69.25	1.0
69.72	2.0
70.17	3.0
70.64	4.0
71.1	1.0
71.56	2.0
72.02	3.0
72.48	4.0
72.94	1.0
73.4	2.0
73.86	3.0
74.33	4.0
74.78	1.0
75.25	2.0
75.7	3.0
76.17	4.0
76.62	1.0
77.09	2.0
77.55	3.0
78.01	4.0
78.47	1.0
78.94	2.0
79.39	3.0
79.86	4.0
80.31	1.0
80.78	2.0
81.24	3.0
81.7	4.0
82.16	1.0
82.62	2.0
83.08	3.0
83.54	4.0
84.0	1.0
84.47	2.0
84.93	3.0
85.39	4.0
85.85	1.0
86.31	2.0
86.77	3.0
87.23	4.0
87.7	1.0
88.16	2.0
88.62	3.0
89.08	4.0
89.54	1.0
90.0	2.0
90.46	3.0
90.92	4.0
91.38	1.0
91.84	2.0
92.3	3.0
92.76	4.0
93.22	1.0
93.69	2.0
94.15	3.0
94.61	4.0
95.07	1.0
95.53	2.0
95.99	3.0
96.45	4.0
96.92	1.0
97.37	2.0
97.84	3.0
98.3	4.0
98.76	1.0
99.22	2.0
99.68	3.0
100.14	4.0
100.6	1.0
101.06	2.0
101.52	3.0
101.98	4.0
102.44	1.0
102.9	2.0
103.37	3.0
103.83	4.0
104.29	1.0
104.75	2.0
105.21	3.0
105.67	4.0
106.13	1.0
106.59	2.0
107.05	3.0
107.51	4.0
107.98	1.0
108.44	2.0
108.9	3.0
109.36	4.0
109.82	1.0
110.28	2.0
110.74	3.0
111.2	4.0
111.66	1.0
112.12	2.0
112.59	3.0
113.05	4.0
113.51	1.0
113.97	2.0
114.43	3.0
114.89	4.0
115.35	1.0
115.81	2.0
116.27	3.0
116.73	4.0
117.19	1.0
117.65	2.0
118.11	3.0
118.58	4.0
119.03	1.0
119.5	2.0
119.96	3.0
120.42	4.0
120.88	1.0
121.34	2.0
121.8	3.0
122.26	4.0
122.72	1.0
123.18	2.0
123.64	3.0
124.11	4.0
124.56	1.0
125.03	2.0
125.48	3.0
125.95	4.0
126.42	1.0
126.88	2.0
127.34	3.0
127.8	4.0
128.26	1.0
128.73	2.0
129.18	3.0
129.64	4.0
130.1	1.0
130.56	2.0
131.03	3.0
131.49	4.0
131.94	1.0
132.41	2.0
132.87	3.0
133.33	4.0
133.79	1.0
134.25	2.0
134.71	3.0
135.17	4.0
135.63	1.0
136.09	2.0
136.55	3.0
137.02	4.0
137.48	1.0
137.94	2.0
138.4	3.0
138.86	4.0
139.32	1.0
139.78	2.0
140.24	3.0
140.7	4.0
141.16	1.0
141.63	2.0
142.08	3.0
142.54	4.0
143.01	1.0
143.47	2.0
143.93	3.0
144.39	4.0
144.86	1.0
145.31	2.0
145.78	3.0
146.23	4.0
146.69	1.0
147.15	2.0
147.61	3.0
148.08	4.0
148.54	1.0
149.0	2.0
149.46	3.0
149.92	4.0
150.38	1.0
150.84	2.0
151.3	3.0
151.76	4.0
152.22	1.0
152.69	2.0
153.15	3.0
153.61	4.0
154.07	1.0
154.53	2.0
154.99	3.0
155.45	4.0
155.91	1.0
156.37	2.0
156.83	3.0
157.29	4.0
157.75	1.0
158.22	2.0
158.67	3.0
159.14	4.0
159.6	1.0
160.06	2.0
160.52	3.0
160.98	4.0
161.44	1.0
161.9	2.0
162.37	3.0
162.83	4.0
163.29	1.0
163.75	2.0
164.21	3.0
164.67	4.0
165.13	1.0
165.6	2.0
166.06	3.0
166.52	4.0
166.98	1.0
167.44	2.0
167.9	3.0
168.36	4.0
168.82	1.0
169.29	2.0
169.75	3.0
170.21	4.0
170.67	1.0
171.13	2.0
171.59	3.0
172.05	4.0
172.51	1.0
172.97	2.0
173.43	3.0
173.89	4.0
174.36	1.0
174.82	2.0
175.28	3.0
175.74	4.0
176.2	1.0
176.66	2.0
177.12	3.0
177.58	4.0
178.04	1.0
178.5	2.0
178.96	3.0
179.42	4.0
179.88	1.0
180.35	2.0
180.81	3.0
181.27	4.0
181.73	1.0
182.19	2.0
182.65	3.0
183.11	4.0
183.57	1.0
184.04	2.0
184.49	3.0
184.96	4.0
185.42	1.0
185.88	2.0
186.34	3.0
186.8	4.0
187.26	1.0
187.72	2.0
188.18	3.0
188.64	4.0
189.1	1.0
189.56	2.0
190.03	3.0
190.48	4.0
190.95	1.0
191.41	2.0
191.87	3.0
192.33	4.0
192.81	1.0
193.27	2.0
193.73	3.0
194.19	4.0
194.66	1.0
195.11	2.0
195.58	3.0
196.04	4.0
196.5	1.0
196.98	2.0
197.43	3.0
197.9	4.0
198.35	1.0
198.81	2.0
199.27	3.0
199.73	4.0
200.19	1.0
200.64	2.0
201.11	3.0
201.56	4.0
202.03	1.0
202.49	2.0
202.95	3.0
203.42	4.0
203.88	1.0
204.32	2.0
204.8	3.0
205.24	4.0
205.72	1.0
206.18	2.0
206.62	3.0
207.09	4.0
207.55	1.0
208.03	2.0
208.5	3.0
208.97	4.0
209.43	1.0
209.89	2.0
210.35	3.0
210.81	4.0
211.27	1.0
211.73	2.0
212.19	3.0
212.65	4.0
213.12	1.0
213.58	2.0
214.04	3.0
214.5	4.0
214.96	1.0
215.42	2.0
215.88	3.0
216.34	4.0
216.8	1.0
217.26	2.0
217.73	3.0
218.19	4.0
218.65	1.0
219.11	2.0
219.57	3.0
220.03	4.0
220.49	1.0
220.95	2.0
221.41	3.0
221.87	4.0
222.33	1.0
222.79	2.0
223.25	3.0
223.72	4.0
224.18	1.0
224.64	2.0
225.1	3.0
225.56	4.0
226.02	1.0
226.48	2.0
226.94	3.0
227.4	4.0
227.86	1.0
228.32	2.0
228.78	3.0
229.24	4.0
229.71	1.0
230.17	2.0
230.63	3.0
231.09	4.0
231.55	1.0
232.01	2.0
232.47	3.0
232.93	4.0
233.39	1.0
233.85	2.0
234.31	3.0
234.77	4.0
235.24	1.0
235.7	2.0
236.16	3.0
236.62	4.0
237.08	1.0
237.54	2.0
238.0	3.0
238.46	4.0
238.93	1.0
239.39	2.0
239.85	3.0
240.31	4.0
240.77	1.0
241.23	2.0
241.69	3.0
242.15	4.0
242.61	1.0
243.07	2.0
243.53	3.0
243.99	4.0
244.45	1.0
244.91	2.0
245.38	3.0
245.84	4.0
246.3	1.0
246.76	2.0
247.22	3.0
247.68	4.0
248.14	1.0
248.6	2.0
249.06	3.0
249.52	4.0
249.99	1.0
250.45	2.0
250.91	3.0
251.37	4.0
251.83	1.0
252.29	2.0
252.75	3.0
253.21	4.0
253.67	1.0
254.13	2.0
254.6	3.0
255.06	4.0
255.52	1.0
255.98	2.0
256.44	3.0
256.9	4.0
257.36	1.0
257.82	2.0
258.29	3.0
258.74	4.0
259.2	1.0
259.66	2.0
260.13	3.0
260.59	4.0
