0.57	4.0
1.16	1.0
1.76	2.0
2.37	3.0
3.07	4.0
3.74	1.0
4.42	2.0
5.03	3.0
5.68	4.0
6.33	1.0
6.95	2.0
7.59	3.0
8.25	4.0
8.89	1.0
9.52	2.0
10.19	3.0
10.8	4.0
11.45	1.0
12.11	2.0
12.78	3.0
13.43	4.0
14.09	1.0
14.75	2.0
15.41	3.0
16.05	4.0
16.7	1.0
17.34	2.0
18.02	3.0
18.66	4.0
19.32	1.0
19.97	2.0
20.63	3.0
21.28	4.0
21.93	1.0
22.59	2.0
23.24	3.0
23.89	4.0
24.54	1.0
25.19	2.0
25.84	3.0
26.48	4.0
27.13	1.0
27.77	2.0
28.41	3.0
29.05	4.0
29.71	1.0
30.36	2.0
31.01	3.0
31.65	4.0
32.29	1.0
32.94	2.0
33.59	3.0
34.22	4.0
34.86	1.0
35.5	2.0
36.16	3.0
36.8	4.0
37.45	1.0
38.08	2.0
38.74	3.0
39.38	4.0
40.04	1.0
40.67	2.0
41.33	3.0
41.98	4.0
42.62	1.0
43.28	2.0
43.92	3.0
44.58	4.0
45.24	1.0
45.88	2.0
46.54	3.0
47.19	4.0
47.84	1.0
48.47	2.0
49.11	3.0
49.76	4.0
50.41	1.0
51.07	2.0
51.73	3.0
52.37	4.0
52.99	1.0
53.64	2.0
54.3	3.0
54.94	4.0
55.59	1.0
56.23	2.0
56.89	3.0
57.54	4.0
58.19	1.0
58.83	2.0
59.48	3.0
60.12	4.0
60.76	1.0
61.4	2.0
62.05	3.0
62.71	4.0
63.37	1.0
64.0	2.0
64.67	3.0
65.31	4.0
65.97	1.0
66.62	2.0
67.26	3.0
67.91	4.0
68.56	1.0
69.2	2.0
69.87	3.0
70.51	4.0
71.15	1.0
71.81	2.0
72.47	3.0
73.13	4.0
73.76	1.0
74.41	2.0
75.07	3.0
75.71	4.0
76.38	1.0
77.03	2.0
77.7	3.0
78.34	4.0
79.01	1.0
79.67	2.0
80.33	3.0
80.97	4.0
81.65	1.0
82.3	2.0
82.96	3.0
83.59	4.0
84.26	1.0
84.93	2.0
85.6	3.0
86.25	4.0
86.92	1.0
87.57	2.0
88.23	3.0
88.87	4.0
89.55	1.0
90.21	2.0
90.86	3.0
91.5	4.0
92.18	1.0
92.85	2.0
93.5	3.0
94.16	4.0
94.8	1.0
95.45	2.0
96.12	3.0
96.77	4.0
97.42	1.0
98.07	2.0
98.73	3.0
99.38	4.0
100.04	1.0
100.69	2.0
101.34	3.0
101.98	4.0
102.64	1.0
103.29	2.0
103.95	3.0
104.57	4.0
105.22	1.0
105.87	2.0
106.54	3.0
107.17	4.0
107.84	1.0
108.48	2.0
109.14	3.0
109.79	4.0
110.44	1.0
111.08	2.0
111.73	3.0
112.37	4.0
113.03	1.0
113.68	2.0
114.34	3.0
114.99	4.0
115.63	1.0
116.24	2.0
116.91	3.0
117.55	4.0
118.22	1.0
118.86	2.0
119.53	3.0
120.15	4.0
120.82	1.0
121.44	2.0
122.1	3.0
122.73	4.0
123.35	1.0
123.99	2.0
124.62	3.0
125.25	4.0
125.89	1.0
126.52	2.0
127.17	3.0
127.83	4.0
128.51	1.0
129.16	2.0
129.8	3.0
130.44	4.0
131.11	1.0
131.75	2.0
132.38	3.0
133.01	4.0
133.65	1.0
134.29	2.0
134.93	3.0
135.57	4.0
136.22	1.0
136.85	2.0
137.5	3.0
138.11	4.0
138.75	1.0
139.41	2.0
140.04	3.0
140.68	4.0
141.35	1.0
141.97	2.0
142.65	3.0
143.25	4.0
143.88	1.0
144.45	2.0
145.01	3.0
145.49	4.0
145.95	1.0
146.42	2.0
146.87	3.0
147.31	4.0
147.77	1.0
148.21	2.0
148.67	3.0
149.11	4.0
149.55	1.0
150.0	2.0
150.45	3.0
150.9	4.0
151.34	1.0
151.78	2.0
152.22	3.0
152.66	4.0
153.12	1.0
153.57	2.0
154.02	3.0
154.46	4.0
154.92	1.0
155.36	2.0
155.8	3.0
156.25	4.0
156.69	1.0
157.13	2.0
157.59	3.0
158.03	4.0
158.49	1.0
158.92	2.0
159.39	3.0
159.84	4.0
160.29	1.0
160.73	2.0
161.18	3.0
161.63	4.0
162.07	1.0
162.52	2.0
162.96	3.0
163.4	4.0
163.85	1.0
164.29	2.0
164.74	3.0
165.18	4.0
165.63	1.0
166.07	2.0
166.51	3.0
166.97	4.0
167.4	1.0
167.84	2.0
168.29	3.0
168.73	4.0
169.16	1.0
169.6	2.0
170.04	3.0
170.48	4.0
170.92	1.0
171.36	2.0
171.79	3.0
172.24	4.0
172.88	1.0
173.51	2.0
174.14	3.0
174.74	4.0
175.38	1.0
176.02	2.0
176.67	3.0
177.3	4.0
177.93	1.0
178.59	2.0
179.23	3.0
179.88	4.0
180.53	1.0
181.18	2.0
181.82	3.0
182.45	4.0
183.1	1.0
183.71	2.0
184.36	3.0
185.0	4.0
185.63	1.0
186.27	2.0
186.96	3.0
187.61	4.0
188.25	1.0
188.9	2.0
189.56	3.0
190.2	4.0
190.84	1.0
191.5	2.0
192.15	3.0
192.8	4.0
193.45	1.0
194.09	2.0
194.74	3.0
195.38	4.0
196.02	1.0
196.66	2.0
197.32	3.0
197.97	4.0
198.63	1.0
199.29	2.0
199.95	3.0
200.59	4.0
201.23	1.0
201.88	2.0
202.54	3.0
203.19	4.0
203.84	1.0
204.48	2.0
205.13	3.0
205.77	4.0
206.41	1.0
207.05	2.0
207.7	3.0
208.35	4.0
209.01	1.0
209.65	2.0
210.31	3.0
210.96	4.0
211.62	1.0
212.26	2.0
212.92	3.0
213.56	4.0
214.21	1.0
214.85	2.0
215.51	3.0
216.16	4.0
216.8	1.0
217.46	2.0
218.12	3.0
218.81	4.0
219.45	1.0
220.05	2.0
220.68	3.0
221.32	4.0
221.96	1.0
222.62	2.0
223.28	3.0
223.93	4.0
224.66	1.0
225.37	2.0
226.1	3.0
226.79	4.0
227.49	1.0
228.19	2.0
228.95	3.0
229.75	4.0
230.5	1.0
231.27	2.0
231.97	3.0
232.73	4.0
233.49	1.0
234.15	2.0
234.73	3.0
235.32	4.0
235.93	1.0
236.5	2.0
237.08	3.0
