5.68	4.0
6.25	1.0
6.83	2.0
7.43	3.0
8.02	4.0
8.57	1.0
9.11	2.0
9.7	3.0
10.26	4.0
10.78	1.0
11.34	2.0
11.88	3.0
12.46	4.0
13.01	1.0
13.55	2.0
14.11	3.0
14.62	4.0
15.18	1.0
15.71	2.0
16.24	3.0
16.79	4.0
17.32	1.0
17.89	2.0
18.41	3.0
18.96	4.0
19.53	1.0
20.08	2.0
20.63	3.0
21.19	4.0
21.75	1.0
22.29	2.0
22.85	3.0
23.4	4.0
23.95	1.0
24.5	2.0
25.05	3.0
25.6	4.0
26.16	1.0
26.7	2.0
27.26	3.0
27.8	4.0
28.36	1.0
28.91	2.0
29.46	3.0
30.01	4.0
30.56	1.0
31.11	2.0
31.66	3.0
32.21	4.0
32.75	1.0
33.31	2.0
33.87	3.0
34.41	4.0
34.96	1.0
35.51	2.0
36.07	3.0
36.61	4.0
37.17	1.0
37.72	2.0
38.27	3.0
38.81	4.0
39.37	1.0
39.9	2.0
40.45	3.0
41.0	4.0
41.57	1.0
42.12	2.0
42.67	3.0
43.22	4.0
43.77	1.0
44.32	2.0
44.87	3.0
45.42	4.0
45.97	1.0
46.52	2.0
47.07	3.0
47.62	4.0
48.17	1.0
48.72	2.0
49.27	3.0
49.82	4.0
50.38	1.0
50.93	2.0
51.48	3.0
52.02	4.0
52.58	1.0
53.13	2.0
53.68	3.0
54.23	4.0
54.78	1.0
55.33	2.0
55.88	3.0
56.43	4.0
56.98	1.0
57.53	2.0
58.08	3.0
58.63	4.0
59.18	1.0
59.73	2.0
60.28	3.0
60.83	4.0
61.38	1.0
61.93	2.0
62.48	3.0
63.03	4.0
63.58	1.0
64.14	2.0
64.69	3.0
65.24	4.0
65.79	1.0
66.34	2.0
66.89	3.0
67.44	4.0
67.99	1.0
68.54	2.0
69.1	3.0
69.64	4.0
70.19	1.0
70.73	2.0
71.31	3.0
71.83	4.0
72.39	1.0
72.95	2.0
73.5	3.0
74.05	4.0
74.6	1.0
75.16	2.0
75.71	3.0
76.26	4.0
76.81	1.0
77.36	2.0
77.91	3.0
78.46	4.0
79.01	1.0
79.57	2.0
80.12	3.0
80.67	4.0
81.22	1.0
81.77	2.0
82.32	3.0
82.87	4.0
83.42	1.0
83.97	2.0
84.52	3.0
85.07	4.0
85.63	1.0
86.18	2.0
86.73	3.0
87.27	4.0
87.83	1.0
88.38	2.0
88.93	3.0
89.48	4.0
90.03	1.0
90.58	2.0
91.13	3.0
91.68	4.0
92.23	1.0
92.78	2.0
93.34	3.0
93.89	4.0
94.44	1.0
94.99	2.0
95.54	3.0
96.09	4.0
96.65	1.0
97.19	2.0
97.75	3.0
98.3	4.0
98.86	1.0
99.4	2.0
99.95	3.0
100.5	4.0
101.06	1.0
101.6	2.0
102.15	3.0
102.71	4.0
103.26	1.0
103.8	2.0
104.36	3.0
104.91	4.0
105.46	1.0
106.01	2.0
106.56	3.0
107.11	4.0
107.66	1.0
108.21	2.0
108.77	3.0
109.32	4.0
109.87	1.0
110.42	2.0
110.96	3.0
111.52	4.0
112.07	1.0
112.62	2.0
113.17	3.0
113.72	4.0
114.27	1.0
114.82	2.0
115.38	3.0
115.92	4.0
116.47	1.0
117.03	2.0
117.58	3.0
118.13	4.0
118.68	1.0
119.23	2.0
119.78	3.0
120.33	4.0
120.88	1.0
121.43	2.0
121.98	3.0
122.53	4.0
123.09	1.0
123.63	2.0
124.18	3.0
124.74	4.0
125.29	1.0
125.86	2.0
126.41	3.0
126.97	4.0
127.49	1.0
128.05	2.0
128.6	3.0
129.15	4.0
129.7	1.0
130.25	2.0
130.8	3.0
131.35	4.0
131.9	1.0
132.45	2.0
133.0	3.0
133.56	4.0
134.11	1.0
134.66	2.0
135.21	3.0
135.76	4.0
136.31	1.0
136.86	2.0
137.41	3.0
137.96	4.0
138.51	1.0
139.06	2.0
139.61	3.0
140.16	4.0
140.7	1.0
141.27	2.0
141.82	3.0
142.37	4.0
142.92	1.0
143.47	2.0
144.02	3.0
144.57	4.0
145.12	1.0
145.67	2.0
146.23	3.0
146.77	4.0
147.33	1.0
147.88	2.0
148.43	3.0
148.98	4.0
149.53	1.0
150.08	2.0
150.63	3.0
151.18	4.0
151.72	1.0
152.24	2.0
152.78	3.0
153.36	4.0
153.91	1.0
154.47	2.0
155.02	3.0
155.57	4.0
156.12	1.0
156.67	2.0
157.22	3.0
157.77	4.0
158.32	1.0
158.87	2.0
159.42	3.0
159.97	4.0
160.53	1.0
161.08	2.0
161.63	3.0
162.18	4.0
162.73	1.0
163.28	2.0
163.83	3.0
164.38	4.0
164.93	1.0
165.48	2.0
166.03	3.0
166.58	4.0
167.13	1.0
167.68	2.0
168.24	3.0
168.79	4.0
169.34	1.0
169.89	2.0
170.44	3.0
170.99	4.0
171.54	1.0
172.09	2.0
172.64	3.0
173.19	4.0
173.74	1.0
174.29	2.0
174.85	3.0
175.4	4.0
175.95	1.0
176.5	2.0
177.05	3.0
177.6	4.0
178.15	1.0
178.7	2.0
179.23	3.0
179.79	4.0
180.35	1.0
180.9	2.0
181.46	3.0
182.0	4.0
182.55	1.0
183.1	2.0
183.66	3.0
184.21	4.0
184.76	1.0
185.31	2.0
185.86	3.0
186.41	4.0
186.96	1.0
187.56	2.0
188.14	3.0
188.69	4.0
189.23	1.0
189.77	2.0
190.32	3.0
190.87	4.0
191.42	1.0
191.97	2.0
192.53	3.0
193.08	4.0
193.63	1.0
194.18	2.0
194.73	3.0
195.28	4.0
195.83	1.0
196.38	2.0
196.93	3.0
197.48	4.0
198.04	1.0
198.59	2.0
199.14	3.0
199.68	4.0
200.24	1.0
200.79	2.0
201.34	3.0
201.89	4.0
202.44	1.0
202.99	2.0
203.54	3.0
204.09	4.0
204.64	1.0
205.19	2.0
205.74	3.0
206.3	4.0
206.84	1.0
207.4	2.0
207.95	3.0
208.5	4.0
209.05	1.0
209.6	2.0
210.15	3.0
210.7	4.0
211.26	1.0
211.8	2.0
212.36	3.0
212.9	4.0
213.46	1.0
214.0	2.0
214.55	3.0
215.1	4.0
215.66	1.0
216.21	2.0
216.76	3.0
217.31	4.0
217.86	1.0
218.41	2.0
218.96	3.0
219.51	4.0
220.07	1.0
220.61	2.0
221.16	3.0
221.72	4.0
222.27	1.0
222.83	2.0
223.37	3.0
223.92	4.0
224.47	1.0
225.02	2.0
225.57	3.0
226.12	4.0
226.67	1.0
227.22	2.0
227.78	3.0
228.32	4.0
228.88	1.0
229.43	2.0
229.98	3.0
230.53	4.0
231.08	1.0
231.63	2.0
232.18	3.0
232.73	4.0
233.28	1.0
233.83	2.0
234.38	3.0
234.93	4.0
235.48	1.0
236.04	2.0
236.59	3.0
237.14	4.0
237.69	1.0
238.24	2.0
238.79	3.0
239.34	4.0
239.89	1.0
240.44	2.0
240.99	3.0
241.54	4.0
242.09	1.0
242.64	2.0
243.19	3.0
243.74	4.0
244.3	1.0
244.85	2.0
245.4	3.0
245.95	4.0
246.5	1.0
247.05	2.0
247.6	3.0
248.15	4.0
248.7	1.0
249.25	2.0
249.8	3.0
250.35	4.0
250.91	1.0
251.45	2.0
252.01	3.0
252.55	4.0
253.11	1.0
253.65	2.0
254.21	3.0
254.76	4.0
255.32	1.0
255.86	2.0
256.43	3.0
256.96	4.0
