0.81	3.0
1.59	4.0
2.42	1.0
3.19	2.0
3.99	3.0
4.77	4.0
5.58	1.0
6.33	2.0
7.12	3.0
7.91	4.0
8.73	1.0
9.54	2.0
10.33	3.0
11.18	4.0
11.97	1.0
12.81	2.0
13.75	3.0
14.74	4.0
15.79	1.0
16.78	2.0
17.7	3.0
18.69	4.0
19.67	1.0
20.58	2.0
21.54	3.0
22.51	4.0
23.47	1.0
24.46	2.0
25.43	3.0
26.34	4.0
27.35	1.0
28.29	2.0
29.17	3.0
29.98	4.0
30.74	1.0
31.54	2.0
32.36	3.0
33.21	4.0
34.06	1.0
34.96	2.0
35.83	3.0
36.67	4.0
37.56	1.0
38.42	2.0
39.34	3.0
40.15	4.0
41.03	1.0
41.84	2.0
42.66	3.0
43.54	4.0
44.37	1.0
45.21	2.0
46.04	3.0
46.94	4.0
47.83	1.0
48.73	2.0
49.56	3.0
50.49	4.0
51.35	1.0
52.21	2.0
53.07	3.0
53.87	4.0
54.7	1.0
55.56	2.0
56.43	3.0
57.22	4.0
58.07	1.0
58.91	2.0
59.72	3.0
60.49	4.0
61.32	1.0
62.2	2.0
63.12	3.0
64.05	4.0
64.86	1.0
65.72	2.0
66.53	3.0
67.31	4.0
68.12	1.0
68.98	2.0
69.76	3.0
70.6	4.0
71.52	1.0
72.48	2.0
73.4	3.0
74.3	4.0
75.2	1.0
76.1	2.0
76.98	3.0
77.86	4.0
78.71	1.0
79.64	2.0
80.52	3.0
81.43	4.0
82.35	1.0
83.3	2.0
84.2	3.0
85.09	4.0
85.84	1.0
86.65	2.0
87.46	3.0
88.2	4.0
89.02	1.0
89.77	2.0
90.55	3.0
91.34	4.0
92.12	1.0
92.91	2.0
93.7	3.0
94.44	4.0
95.23	1.0
96.11	2.0
96.99	3.0
97.83	4.0
98.72	1.0
99.55	2.0
100.41	3.0
101.27	4.0
102.11	1.0
103.0	2.0
103.84	3.0
104.74	4.0
105.56	1.0
106.35	2.0
107.21	3.0
108.01	4.0
108.86	1.0
109.64	2.0
110.46	3.0
111.29	4.0
112.13	1.0
112.94	2.0
113.77	3.0
114.59	4.0
115.51	1.0
116.35	2.0
117.26	3.0
118.19	4.0
119.09	1.0
119.95	2.0
120.9	3.0
121.73	4.0
122.59	1.0
123.4	2.0
124.25	3.0
125.03	4.0
125.88	1.0
126.73	2.0
127.58	3.0
128.42	4.0
129.25	1.0
130.12	2.0
130.97	3.0
131.85	4.0
132.66	1.0
133.52	2.0
134.39	3.0
135.22	4.0
136.06	1.0
136.92	2.0
137.76	3.0
138.61	4.0
139.46	1.0
140.32	2.0
141.18	3.0
141.99	4.0
142.84	1.0
143.71	2.0
144.55	3.0
145.4	4.0
146.26	1.0
147.11	2.0
147.96	3.0
148.81	4.0
149.64	1.0
150.53	2.0
151.37	3.0
152.2	4.0
153.05	1.0
153.91	2.0
154.76	3.0
155.57	4.0
156.44	1.0
157.32	2.0
158.15	3.0
158.99	4.0
159.83	1.0
160.66	2.0
161.54	3.0
162.42	4.0
163.22	1.0
164.05	2.0
164.94	3.0
165.8	4.0
166.61	1.0
167.45	2.0
168.31	3.0
169.13	4.0
169.97	1.0
170.86	2.0
171.69	3.0
172.54	4.0
173.38	1.0
174.24	2.0
175.06	3.0
175.91	4.0
176.76	1.0
177.63	2.0
178.48	3.0
179.33	4.0
180.16	1.0
181.05	2.0
181.87	3.0
182.71	4.0
183.58	1.0
184.45	2.0
185.28	3.0
186.12	4.0
186.97	1.0
187.8	2.0
188.67	3.0
189.51	4.0
190.36	1.0
191.2	2.0
192.06	3.0
192.85	4.0
193.7	1.0
194.6	2.0
195.42	3.0
196.27	4.0
197.11	1.0
197.98	2.0
198.78	3.0
199.63	4.0
200.49	1.0
201.36	2.0
202.21	3.0
203.06	4.0
203.89	1.0
204.78	2.0
205.6	3.0
206.44	4.0
207.31	1.0
208.18	2.0
209.0	3.0
209.85	4.0
210.7	1.0
211.53	2.0
212.4	3.0
213.24	4.0
214.09	1.0
214.97	2.0
215.82	3.0
216.68	4.0
217.52	1.0
218.38	2.0
219.22	3.0
220.07	4.0
220.92	1.0
221.81	2.0
222.59	3.0
223.46	4.0
224.25	1.0
225.11	2.0
226.0	3.0
226.88	4.0
227.72	1.0
228.58	2.0
229.42	3.0
230.3	4.0
231.13	1.0
232.09	2.0
233.1	3.0
234.01	4.0
234.96	1.0
235.79	2.0
236.64	3.0
237.5	4.0
238.34	1.0
239.2	2.0
240.05	3.0
240.94	4.0
241.77	1.0
242.6	2.0
243.46	3.0
244.27	4.0
245.14	1.0
245.94	2.0
246.77	3.0
247.66	4.0
248.54	1.0
249.38	2.0
250.22	3.0
251.09	4.0
251.89	1.0
252.75	2.0
253.57	3.0
254.43	4.0
255.32	1.0
256.19	2.0
257.01	3.0
257.91	4.0
258.71	1.0
259.55	2.0
260.44	3.0
261.28	4.0
262.1	1.0
262.94	2.0
263.75	3.0
264.65	4.0
265.49	1.0
266.38	2.0
267.17	3.0
268.05	4.0
268.88	1.0
269.73	2.0
270.58	3.0
271.38	4.0
272.21	1.0
273.12	2.0
273.97	3.0
274.79	4.0
275.7	1.0
276.48	2.0
277.32	3.0
