0.26	4.0
0.78	1.0
1.3	2.0
1.83	3.0
2.35	4.0
2.87	1.0
3.4	2.0
3.93	3.0
4.44	4.0
4.96	1.0
5.48	2.0
6.01	3.0
6.53	4.0
7.05	1.0
7.57	2.0
8.1	3.0
8.62	4.0
9.14	1.0
9.66	2.0
10.19	3.0
10.71	4.0
11.23	1.0
11.76	2.0
12.29	3.0
12.8	4.0
13.32	1.0
13.85	2.0
14.37	3.0
14.89	4.0
15.42	1.0
15.94	2.0
16.47	3.0
16.98	4.0
17.5	1.0
18.02	2.0
18.55	3.0
19.07	4.0
19.59	1.0
20.12	2.0
20.65	3.0
21.17	4.0
21.69	1.0
22.21	2.0
22.75	3.0
23.26	4.0
23.78	1.0
24.3	2.0
24.83	3.0
25.35	4.0
25.86	1.0
26.39	2.0
26.92	3.0
27.44	4.0
27.96	1.0
28.48	2.0
29.02	3.0
29.52	4.0
30.04	1.0
30.57	2.0
31.09	3.0
31.62	4.0
32.14	1.0
32.66	2.0
33.2	3.0
33.71	4.0
34.23	1.0
34.75	2.0
35.28	3.0
35.8	4.0
36.32	1.0
36.84	2.0
37.38	3.0
37.89	4.0
38.41	1.0
38.94	2.0
39.47	3.0
39.98	4.0
40.5	1.0
41.03	2.0
41.56	3.0
42.07	4.0
42.59	1.0
43.11	2.0
43.64	3.0
44.16	4.0
44.68	1.0
45.21	2.0
45.74	3.0
46.25	4.0
46.77	1.0
47.3	2.0
47.83	3.0
48.34	4.0
48.86	1.0
49.39	2.0
49.92	3.0
50.44	4.0
50.96	1.0
51.48	2.0
52.01	3.0
52.52	4.0
53.05	1.0
53.57	2.0
54.11	3.0
54.61	4.0
55.13	1.0
55.66	2.0
56.19	3.0
56.7	4.0
57.23	1.0
57.75	2.0
58.28	3.0
58.8	4.0
59.31	1.0
59.84	2.0
60.37	3.0
60.89	4.0
61.41	1.0
61.93	2.0
62.47	3.0
62.98	4.0
63.5	1.0
64.02	2.0
64.55	3.0
65.07	4.0
65.59	1.0
66.11	2.0
66.65	3.0
67.16	4.0
67.69	1.0
68.21	2.0
68.74	3.0
69.25	4.0
69.77	1.0
70.3	2.0
70.83	3.0
71.34	4.0
71.87	1.0
72.38	2.0
72.92	3.0
73.44	4.0
73.96	1.0
74.48	2.0
75.0	3.0
75.52	4.0
76.04	1.0
76.57	2.0
77.1	3.0
77.62	4.0
78.13	1.0
78.66	2.0
79.19	3.0
79.71	4.0
80.23	1.0
80.75	2.0
81.28	3.0
81.8	4.0
82.32	1.0
82.84	2.0
83.36	3.0
83.89	4.0
84.41	1.0
84.94	2.0
85.46	3.0
85.98	4.0
86.5	1.0
87.03	2.0
87.56	3.0
88.07	4.0
88.59	1.0
89.11	2.0
89.64	3.0
90.16	4.0
90.68	1.0
91.2	2.0
91.73	3.0
92.25	4.0
92.77	1.0
93.29	2.0
93.83	3.0
94.34	4.0
94.86	1.0
95.38	2.0
95.92	3.0
96.43	4.0
96.95	1.0
97.47	2.0
98.0	3.0
98.52	4.0
99.04	1.0
99.56	2.0
100.09	3.0
100.61	4.0
101.14	1.0
101.66	2.0
102.18	3.0
102.71	4.0
103.23	1.0
103.75	2.0
104.25	3.0
104.8	4.0
105.31	1.0
105.84	2.0
106.37	3.0
106.88	4.0
107.41	1.0
107.93	2.0
108.46	3.0
108.98	4.0
109.49	1.0
110.01	2.0
110.54	3.0
111.06	4.0
111.59	1.0
112.11	2.0
112.64	3.0
113.16	4.0
113.68	1.0
114.2	2.0
114.73	3.0
115.25	4.0
115.77	1.0
116.29	2.0
116.82	3.0
117.34	4.0
117.86	1.0
118.38	2.0
118.9	3.0
119.43	4.0
119.95	1.0
120.47	2.0
120.98	3.0
121.52	4.0
122.04	1.0
122.56	2.0
123.09	3.0
123.61	4.0
124.13	1.0
124.66	2.0
125.18	3.0
125.7	4.0
126.22	1.0
126.74	2.0
127.27	3.0
127.79	4.0
128.31	1.0
128.84	2.0
129.37	3.0
129.88	4.0
130.4	1.0
130.92	2.0
131.45	3.0
131.97	4.0
132.49	1.0
133.02	2.0
133.54	3.0
134.07	4.0
134.58	1.0
135.11	2.0
135.63	3.0
136.15	4.0
136.67	1.0
137.19	2.0
137.73	3.0
138.24	4.0
138.77	1.0
139.29	2.0
139.81	3.0
140.33	4.0
140.85	1.0
141.38	2.0
141.91	3.0
142.43	4.0
142.94	1.0
143.47	2.0
143.99	3.0
144.51	4.0
145.04	1.0
145.56	2.0
146.09	3.0
146.61	4.0
147.13	1.0
147.64	2.0
148.18	3.0
148.7	4.0
149.22	1.0
149.74	2.0
150.27	3.0
150.79	4.0
151.31	1.0
151.83	2.0
152.36	3.0
152.88	4.0
153.4	1.0
153.92	2.0
154.46	3.0
154.97	4.0
155.49	1.0
156.01	2.0
156.54	3.0
157.06	4.0
157.58	1.0
158.1	2.0
158.63	3.0
159.15	4.0
159.67	1.0
160.2	2.0
160.72	3.0
161.24	4.0
161.76	1.0
162.29	2.0
162.81	3.0
163.33	4.0
163.86	1.0
164.38	2.0
164.91	3.0
165.42	4.0
165.95	1.0
166.47	2.0
166.99	3.0
167.51	4.0
168.03	1.0
168.55	2.0
169.08	3.0
169.61	4.0
170.13	1.0
170.65	2.0
171.18	3.0
171.69	4.0
172.22	1.0
172.74	2.0
173.27	3.0
173.78	4.0
174.31	1.0
174.83	2.0
175.36	3.0
175.87	4.0
176.4	1.0
176.92	2.0
177.45	3.0
177.97	4.0
178.49	1.0
179.01	2.0
179.54	3.0
180.06	4.0
180.58	1.0
181.1	2.0
181.63	3.0
182.15	4.0
182.67	1.0
183.19	2.0
183.72	3.0
184.24	4.0
184.76	1.0
185.27	2.0
185.81	3.0
186.33	4.0
186.85	1.0
187.37	2.0
187.9	3.0
188.42	4.0
188.94	1.0
189.46	2.0
189.99	3.0
190.51	4.0
191.03	1.0
191.55	2.0
192.07	3.0
192.6	4.0
193.12	1.0
193.64	2.0
194.17	3.0
194.69	4.0
195.21	1.0
195.73	2.0
196.27	3.0
196.78	4.0
197.3	1.0
197.81	2.0
198.35	3.0
198.87	4.0
199.39	1.0
199.91	2.0
200.44	3.0
200.96	4.0
201.48	1.0
202.0	2.0
202.52	3.0
203.05	4.0
203.57	1.0
204.09	2.0
204.62	3.0
205.14	4.0
205.66	1.0
206.18	2.0
206.71	3.0
207.23	4.0
207.75	1.0
208.27	2.0
208.8	3.0
209.32	4.0
209.84	1.0
210.36	2.0
210.89	3.0
211.41	4.0
211.93	1.0
212.45	2.0
212.98	3.0
213.5	4.0
214.02	1.0
214.54	2.0
215.07	3.0
215.59	4.0
216.12	1.0
216.63	2.0
217.17	3.0
217.68	4.0
218.21	1.0
218.73	2.0
219.26	3.0
219.78	4.0
220.3	1.0
220.82	2.0
221.35	3.0
221.87	4.0
222.39	1.0
222.91	2.0
223.44	3.0
223.96	4.0
224.48	1.0
225.0	2.0
225.53	3.0
226.05	4.0
226.57	1.0
227.09	2.0
227.63	3.0
228.14	4.0
228.66	1.0
229.18	2.0
229.71	3.0
230.23	4.0
230.75	1.0
231.27	2.0
231.8	3.0
232.32	4.0
232.84	1.0
233.36	2.0
233.89	3.0
234.41	4.0
234.93	1.0
235.46	2.0
235.99	3.0
236.5	4.0
237.03	1.0
237.55	2.0
238.07	3.0
238.59	4.0
239.12	1.0
239.64	2.0
240.17	3.0
240.68	4.0
241.2	1.0
241.73	2.0
242.26	3.0
242.77	4.0
243.3	1.0
243.82	2.0
244.35	3.0
244.86	4.0
245.39	1.0
245.91	2.0
246.44	3.0
246.95	4.0
247.48	1.0
248.0	2.0
248.53	3.0
249.04	4.0
249.57	1.0
250.09	2.0
250.62	3.0
251.13	4.0
251.66	1.0
252.18	2.0
252.71	3.0
253.23	4.0
253.75	1.0
254.27	2.0
254.81	3.0
255.31	4.0
255.83	1.0
256.36	2.0
256.89	3.0
257.41	4.0
257.93	1.0
258.45	2.0
258.97	3.0
259.49	4.0
260.02	1.0
260.54	2.0
261.07	3.0
261.59	4.0
262.11	1.0
262.63	2.0
263.16	3.0
263.68	4.0
264.2	1.0
264.72	2.0
265.25	3.0
265.77	4.0
266.29	1.0
266.82	2.0
267.34	3.0
267.86	4.0
268.38	1.0
268.9	2.0
269.43	3.0
269.95	4.0
270.48	1.0
271.0	2.0
271.54	3.0
272.05	4.0
272.56	1.0
273.09	2.0
273.6	3.0
274.14	4.0
274.66	1.0
275.18	2.0
