0.6	1.0
1.05	2.0
1.49	3.0
1.95	1.0
2.4	2.0
2.85	3.0
3.31	1.0
3.75	2.0
4.17	3.0
4.59	1.0
5.03	2.0
5.48	3.0
5.96	1.0
6.42	2.0
6.88	3.0
7.32	1.0
7.79	2.0
8.26	3.0
8.71	1.0
9.16	2.0
9.61	3.0
10.07	1.0
10.51	2.0
11.0	3.0
11.45	1.0
11.94	2.0
12.4	3.0
12.88	1.0
13.35	2.0
13.82	3.0
14.27	1.0
14.76	2.0
15.21	3.0
15.66	1.0
16.12	2.0
16.59	3.0
17.07	1.0
17.55	2.0
18.0	3.0
18.47	1.0
18.94	2.0
19.4	3.0
19.85	1.0
20.31	2.0
20.8	3.0
21.27	1.0
21.72	2.0
22.2	3.0
22.68	1.0
23.14	2.0
23.6	3.0
24.05	1.0
24.5	2.0
24.96	3.0
25.42	1.0
25.88	2.0
26.34	3.0
26.82	1.0
27.3	2.0
27.8	3.0
28.28	1.0
28.73	2.0
29.19	3.0
29.64	1.0
30.13	2.0
30.59	3.0
31.07	1.0
31.54	2.0
32.0	3.0
32.46	1.0
32.95	2.0
33.4	3.0
33.9	1.0
34.38	2.0
34.86	3.0
35.32	1.0
35.81	2.0
36.29	3.0
36.75	1.0
37.23	2.0
37.7	3.0
38.18	1.0
38.66	2.0
39.14	3.0
39.61	1.0
40.1	2.0
40.57	3.0
41.02	1.0
41.49	2.0
41.93	3.0
42.41	1.0
42.85	2.0
43.31	3.0
43.8	1.0
44.27	2.0
44.72	3.0
45.21	1.0
45.65	2.0
46.12	3.0
46.58	1.0
47.03	2.0
47.5	3.0
47.96	1.0
48.43	2.0
48.91	3.0
49.39	1.0
49.89	2.0
50.35	3.0
50.85	1.0
51.33	2.0
51.8	3.0
52.26	1.0
52.7	2.0
53.17	3.0
53.64	1.0
54.12	2.0
54.59	3.0
55.06	1.0
55.53	2.0
56.0	3.0
56.46	1.0
56.94	2.0
57.42	3.0
57.87	1.0
58.32	2.0
58.79	3.0
59.26	1.0
59.73	2.0
60.2	3.0
60.65	1.0
61.12	2.0
61.61	3.0
62.07	1.0
62.55	2.0
63.0	3.0
63.46	1.0
63.93	2.0
64.38	3.0
64.83	1.0
65.31	2.0
65.78	3.0
66.23	1.0
66.72	2.0
67.17	3.0
67.66	1.0
68.13	2.0
68.59	3.0
69.05	1.0
69.53	2.0
70.0	3.0
70.48	1.0
70.95	2.0
71.42	3.0
71.87	1.0
72.37	2.0
72.83	3.0
73.33	1.0
73.79	2.0
74.29	3.0
74.75	1.0
75.28	2.0
75.78	3.0
76.26	1.0
76.76	2.0
77.25	3.0
77.77	1.0
78.28	2.0
78.76	3.0
79.25	1.0
79.75	2.0
80.24	3.0
80.74	1.0
81.24	2.0
81.72	3.0
82.22	1.0
82.69	2.0
83.17	3.0
83.66	1.0
84.17	2.0
84.65	3.0
85.13	1.0
85.6	2.0
86.09	3.0
86.57	1.0
87.04	2.0
87.51	3.0
87.99	1.0
88.49	2.0
88.99	3.0
89.47	1.0
89.94	2.0
90.42	3.0
90.91	1.0
91.4	2.0
91.86	3.0
92.34	1.0
92.84	2.0
93.3	3.0
93.79	1.0
94.28	2.0
94.75	3.0
95.25	1.0
95.74	2.0
96.2	3.0
96.66	1.0
97.14	2.0
97.6	3.0
98.07	1.0
98.55	2.0
99.03	3.0
99.53	1.0
100.01	2.0
100.48	3.0
100.97	1.0
101.45	2.0
101.92	3.0
102.4	1.0
102.92	2.0
103.39	3.0
103.88	1.0
104.38	2.0
104.85	3.0
105.35	1.0
105.88	2.0
106.38	3.0
106.86	1.0
107.35	2.0
107.81	3.0
108.3	1.0
108.76	2.0
109.23	3.0
109.71	1.0
110.17	2.0
110.64	3.0
111.12	1.0
111.59	2.0
112.05	3.0
112.52	1.0
113.02	2.0
113.48	3.0
113.97	1.0
114.45	2.0
114.92	3.0
115.42	1.0
115.88	2.0
116.36	3.0
116.84	1.0
117.35	2.0
117.81	3.0
118.33	1.0
118.79	2.0
119.28	3.0
119.8	1.0
120.29	2.0
120.76	3.0
121.26	1.0
121.77	2.0
122.24	3.0
122.75	1.0
123.25	2.0
123.73	3.0
124.23	1.0
124.69	2.0
125.13	3.0
125.61	1.0
126.07	2.0
126.51	3.0
126.98	1.0
127.46	2.0
127.91	3.0
128.4	1.0
128.87	2.0
129.32	3.0
129.81	1.0
130.26	2.0
130.73	3.0
131.19	1.0
131.67	2.0
132.11	3.0
132.58	1.0
133.03	2.0
133.51	3.0
133.97	1.0
134.43	2.0
134.87	3.0
135.36	1.0
135.83	2.0
136.29	3.0
136.75	1.0
137.22	2.0
137.71	3.0
138.18	1.0
138.65	2.0
139.12	3.0
139.58	1.0
140.05	2.0
140.53	3.0
140.99	1.0
141.48	2.0
141.95	3.0
142.42	1.0
142.92	2.0
143.39	3.0
143.87	1.0
144.34	2.0
144.81	3.0
145.29	1.0
145.76	2.0
146.21	3.0
146.68	1.0
147.18	2.0
147.66	3.0
148.12	1.0
148.6	2.0
149.09	3.0
149.58	1.0
150.06	2.0
150.56	3.0
151.09	1.0
151.59	2.0
152.08	3.0
152.55	1.0
153.03	2.0
153.51	3.0
153.99	1.0
154.49	2.0
154.97	3.0
155.45	1.0
155.93	2.0
156.39	3.0
156.85	1.0
157.34	2.0
157.81	3.0
158.28	1.0
158.77	2.0
159.25	3.0
159.71	1.0
160.19	2.0
160.67	3.0
161.15	1.0
161.63	2.0
162.12	3.0
162.61	1.0
163.09	2.0
163.57	3.0
164.01	1.0
164.49	2.0
164.94	3.0
165.4	1.0
165.87	2.0
166.34	3.0
166.83	1.0
167.3	2.0
167.75	3.0
168.26	1.0
168.74	2.0
169.22	3.0
169.73	1.0
170.2	2.0
170.69	3.0
171.17	1.0
171.64	2.0
172.13	3.0
172.61	1.0
173.09	2.0
173.56	3.0
174.06	1.0
174.51	2.0
174.96	3.0
175.42	1.0
175.88	2.0
176.36	3.0
176.82	1.0
177.27	2.0
177.74	3.0
178.19	1.0
178.65	2.0
179.1	3.0
179.56	1.0
180.04	2.0
180.5	3.0
180.95	1.0
181.42	2.0
181.88	3.0
182.34	1.0
182.8	2.0
183.25	3.0
183.71	1.0
184.17	2.0
184.62	3.0
185.06	1.0
185.54	2.0
186.0	3.0
186.45	1.0
186.9	2.0
187.37	3.0
187.84	1.0
188.3	2.0
188.77	3.0
189.23	1.0
189.7	2.0
190.16	3.0
190.63	1.0
191.11	2.0
191.58	3.0
192.06	1.0
192.53	2.0
193.0	3.0
193.45	1.0
193.94	2.0
194.39	3.0
194.88	1.0
195.33	2.0
195.81	3.0
196.29	1.0
196.76	2.0
197.23	3.0
197.71	1.0
198.2	2.0
198.68	3.0
199.15	1.0
199.63	2.0
200.11	3.0
200.6	1.0
201.06	2.0
201.54	3.0
202.02	1.0
202.52	2.0
203.02	3.0
203.49	1.0
204.0	2.0
204.5	3.0
204.98	1.0
205.46	2.0
205.94	3.0
206.4	1.0
206.92	2.0
207.38	3.0
207.87	1.0
208.37	2.0
208.85	3.0
209.33	1.0
209.81	2.0
210.29	3.0
210.76	1.0
