0.49	1.0
1.05	2.0
1.59	3.0
2.14	4.0
2.68	1.0
3.22	2.0
3.75	3.0
4.29	4.0
4.82	1.0
5.39	2.0
5.93	3.0
6.44	4.0
7.0	1.0
7.58	2.0
8.14	3.0
8.68	4.0
9.23	1.0
9.78	2.0
10.33	3.0
10.87	4.0
11.41	1.0
11.95	2.0
12.51	3.0
13.04	4.0
13.59	1.0
14.12	2.0
14.67	3.0
15.21	4.0
15.76	1.0
16.31	2.0
16.86	3.0
17.4	4.0
17.96	1.0
18.5	2.0
19.02	3.0
19.57	4.0
20.1	1.0
20.64	2.0
21.19	3.0
21.73	4.0
22.26	1.0
22.81	2.0
23.34	3.0
23.87	4.0
24.41	1.0
24.94	2.0
25.47	3.0
26.0	4.0
26.53	1.0
27.06	2.0
27.59	3.0
28.12	4.0
28.64	1.0
29.18	2.0
29.72	3.0
30.26	4.0
30.79	1.0
31.31	2.0
31.83	3.0
32.37	4.0
32.87	1.0
33.42	2.0
33.96	3.0
34.5	4.0
35.02	1.0
35.56	2.0
36.13	3.0
36.65	4.0
37.2	1.0
37.77	2.0
38.34	3.0
38.86	4.0
39.41	1.0
39.94	2.0
40.46	3.0
41.0	4.0
41.52	1.0
42.05	2.0
42.58	3.0
43.1	4.0
43.64	1.0
44.16	2.0
44.69	3.0
45.22	4.0
45.77	1.0
46.3	2.0
46.84	3.0
47.36	4.0
47.9	1.0
48.42	2.0
48.95	3.0
49.47	4.0
50.0	1.0
50.53	2.0
51.06	3.0
51.58	4.0
52.12	1.0
52.66	2.0
53.2	3.0
53.72	4.0
54.26	1.0
54.78	2.0
55.33	3.0
55.86	4.0
56.38	1.0
56.92	2.0
57.46	3.0
57.99	4.0
58.53	1.0
59.05	2.0
59.57	3.0
60.09	4.0
60.63	1.0
61.02	2.0
61.42	3.0
61.8	4.0
62.18	1.0
62.56	2.0
62.92	3.0
63.29	4.0
63.67	1.0
64.06	2.0
64.42	3.0
64.8	4.0
65.19	1.0
65.55	2.0
65.92	3.0
66.31	4.0
66.66	1.0
67.04	2.0
67.41	3.0
67.77	4.0
68.14	1.0
68.51	2.0
68.86	3.0
69.23	4.0
69.61	1.0
69.96	2.0
70.34	3.0
70.72	4.0
71.07	1.0
71.44	2.0
71.8	3.0
72.15	4.0
72.52	1.0
72.87	2.0
73.24	3.0
73.59	4.0
73.96	1.0
74.31	2.0
74.69	3.0
75.06	4.0
75.42	1.0
75.79	2.0
76.16	3.0
76.53	4.0
76.89	1.0
77.26	2.0
77.61	3.0
77.97	4.0
78.32	1.0
78.67	2.0
79.03	3.0
79.39	4.0
79.74	1.0
80.09	2.0
80.47	3.0
80.81	4.0
81.17	1.0
81.54	2.0
81.89	3.0
82.25	4.0
82.61	1.0
82.95	2.0
83.32	3.0
83.68	4.0
84.04	1.0
84.39	2.0
84.77	3.0
85.11	4.0
85.47	1.0
85.85	2.0
86.22	3.0
86.59	4.0
87.02	1.0
87.55	2.0
88.08	3.0
88.63	4.0
89.17	1.0
89.75	2.0
90.31	3.0
90.84	4.0
91.39	1.0
91.94	2.0
92.47	3.0
93.0	4.0
93.54	1.0
94.07	2.0
94.61	3.0
95.14	4.0
95.67	1.0
96.21	2.0
96.76	3.0
97.29	4.0
97.83	1.0
98.38	2.0
98.91	3.0
99.46	4.0
100.0	1.0
100.53	2.0
101.07	3.0
101.61	4.0
102.13	1.0
102.66	2.0
103.23	3.0
103.75	4.0
104.29	1.0
104.84	2.0
105.38	3.0
105.92	4.0
106.44	1.0
106.99	2.0
107.52	3.0
108.06	4.0
108.6	1.0
109.13	2.0
109.65	3.0
110.18	4.0
110.72	1.0
111.25	2.0
111.78	3.0
112.32	4.0
112.83	1.0
113.38	2.0
113.91	3.0
114.44	4.0
114.94	1.0
115.47	2.0
116.0	3.0
116.53	4.0
117.08	1.0
117.61	2.0
118.18	3.0
118.72	4.0
119.27	1.0
119.81	2.0
120.37	3.0
120.9	4.0
121.44	1.0
121.97	2.0
122.53	3.0
123.08	4.0
123.61	1.0
124.12	2.0
124.68	3.0
125.22	4.0
125.75	1.0
126.3	2.0
126.86	3.0
127.4	4.0
127.95	1.0
128.49	2.0
129.02	3.0
129.56	4.0
130.09	1.0
130.64	2.0
131.17	3.0
131.71	4.0
132.25	1.0
132.79	2.0
133.34	3.0
133.87	4.0
134.39	1.0
134.93	2.0
135.48	3.0
136.01	4.0
136.53	1.0
137.07	2.0
137.6	3.0
138.13	4.0
138.66	1.0
139.19	2.0
139.72	3.0
140.26	4.0
140.78	1.0
141.32	2.0
141.87	3.0
142.41	4.0
142.94	1.0
143.47	2.0
144.0	3.0
144.54	4.0
145.07	1.0
145.61	2.0
146.17	3.0
146.71	4.0
147.26	1.0
147.8	2.0
148.36	3.0
148.89	4.0
149.44	1.0
149.97	2.0
150.49	3.0
151.05	4.0
151.58	1.0
152.1	2.0
152.62	3.0
153.14	4.0
153.69	1.0
