4.26	1.0
5.02	2.0
5.82	3.0
6.64	4.0
7.4	1.0
8.18	2.0
8.97	3.0
9.8	4.0
10.58	1.0
11.34	2.0
12.17	3.0
12.96	4.0
13.74	1.0
14.5	2.0
15.29	3.0
16.11	4.0
16.88	1.0
17.7	2.0
18.48	3.0
19.13	4.0
19.83	1.0
20.47	2.0
21.11	3.0
21.73	4.0
22.4	1.0
23.01	2.0
23.67	3.0
24.28	4.0
24.82	1.0
25.33	2.0
25.85	3.0
26.38	4.0
26.9	1.0
27.41	2.0
27.93	3.0
28.45	4.0
28.98	1.0
29.47	2.0
29.99	3.0
30.49	4.0
30.97	1.0
31.47	2.0
31.99	3.0
32.5	4.0
33.02	1.0
33.51	2.0
34.02	3.0
34.54	4.0
35.03	1.0
35.53	2.0
36.04	3.0
36.54	4.0
37.04	1.0
37.54	2.0
38.04	3.0
38.54	4.0
39.04	1.0
39.54	2.0
40.04	3.0
40.55	4.0
41.06	1.0
41.57	2.0
42.05	3.0
42.55	4.0
43.07	1.0
43.56	2.0
44.07	3.0
44.57	4.0
45.08	1.0
45.57	2.0
46.06	3.0
46.56	4.0
47.06	1.0
47.56	2.0
48.06	3.0
48.57	4.0
49.07	1.0
49.56	2.0
50.06	3.0
50.57	4.0
51.06	1.0
51.56	2.0
52.05	3.0
52.56	4.0
53.04	1.0
53.55	2.0
54.03	3.0
54.51	4.0
55.0	1.0
55.49	2.0
55.97	3.0
56.46	4.0
56.97	1.0
57.47	2.0
57.95	3.0
58.45	4.0
58.93	1.0
59.4	2.0
59.89	3.0
60.38	4.0
60.86	1.0
61.34	2.0
61.81	3.0
62.29	4.0
62.77	1.0
63.25	2.0
63.75	3.0
64.22	4.0
64.72	1.0
65.2	2.0
65.68	3.0
66.17	4.0
66.64	1.0
67.12	2.0
67.59	3.0
68.07	4.0
68.56	1.0
69.03	2.0
69.52	3.0
70.01	4.0
70.49	1.0
70.96	2.0
71.44	3.0
71.92	4.0
72.4	1.0
72.88	2.0
73.36	3.0
73.84	4.0
74.33	1.0
74.81	2.0
75.27	3.0
75.76	4.0
76.23	1.0
76.71	2.0
77.2	3.0
77.68	4.0
78.16	1.0
78.63	2.0
79.11	3.0
79.57	4.0
80.05	1.0
80.53	2.0
81.01	3.0
81.48	4.0
81.97	1.0
82.44	2.0
82.93	3.0
83.41	4.0
83.9	1.0
84.39	2.0
84.87	3.0
85.33	4.0
85.82	1.0
86.29	2.0
86.77	3.0
87.26	4.0
87.75	1.0
88.24	2.0
88.72	3.0
89.19	4.0
89.65	1.0
90.13	2.0
90.6	3.0
91.08	4.0
91.58	1.0
92.06	2.0
92.54	3.0
93.02	4.0
93.5	1.0
93.97	2.0
94.44	3.0
94.95	4.0
95.42	1.0
95.92	2.0
96.4	3.0
96.87	4.0
97.34	1.0
97.82	2.0
98.29	3.0
98.78	4.0
99.24	1.0
99.7	2.0
100.17	3.0
100.66	4.0
101.12	1.0
101.59	2.0
102.05	3.0
102.53	4.0
103.02	1.0
103.49	2.0
103.94	3.0
104.41	4.0
104.89	1.0
105.34	2.0
105.81	3.0
106.28	4.0
106.73	1.0
107.2	2.0
107.67	3.0
108.14	4.0
108.61	1.0
109.07	2.0
109.54	3.0
110.01	4.0
110.48	1.0
110.96	2.0
111.42	3.0
111.91	4.0
112.36	1.0
112.77	2.0
113.22	3.0
113.65	4.0
114.06	1.0
114.51	2.0
114.92	3.0
115.36	4.0
115.8	1.0
116.21	2.0
116.64	3.0
117.09	4.0
117.57	1.0
118.02	2.0
118.47	3.0
118.94	4.0
119.43	1.0
119.91	2.0
120.39	3.0
120.87	4.0
121.34	1.0
121.83	2.0
122.3	3.0
122.78	4.0
123.27	1.0
123.76	2.0
124.23	3.0
124.7	4.0
125.18	1.0
125.64	2.0
126.1	3.0
126.59	4.0
127.07	1.0
127.55	2.0
128.04	3.0
128.52	4.0
128.98	1.0
129.44	2.0
129.91	3.0
130.38	4.0
130.85	1.0
131.33	2.0
131.81	3.0
132.3	4.0
132.79	1.0
133.24	2.0
133.72	3.0
134.18	4.0
134.67	1.0
135.15	2.0
135.61	3.0
136.08	4.0
136.56	1.0
137.0	2.0
137.46	3.0
137.94	4.0
138.41	1.0
138.85	2.0
139.32	3.0
139.77	4.0
140.26	1.0
140.71	2.0
141.18	3.0
141.66	4.0
142.13	1.0
142.61	2.0
143.08	3.0
143.55	4.0
144.03	1.0
144.52	2.0
145.01	3.0
145.49	4.0
145.96	1.0
146.44	2.0
146.92	3.0
147.41	4.0
147.88	1.0
148.36	2.0
148.84	3.0
149.32	4.0
149.8	1.0
150.27	2.0
150.75	3.0
151.23	4.0
151.71	1.0
152.19	2.0
152.67	3.0
153.14	4.0
153.62	1.0
154.09	2.0
154.58	3.0
155.06	4.0
155.53	1.0
156.0	2.0
156.49	3.0
156.96	4.0
157.44	1.0
157.9	2.0
158.37	3.0
158.85	4.0
159.33	1.0
159.81	2.0
160.28	3.0
160.75	4.0
161.23	1.0
161.72	2.0
162.18	3.0
162.66	4.0
163.13	1.0
163.6	2.0
164.09	3.0
164.56	4.0
165.03	1.0
165.49	2.0
165.97	3.0
166.43	4.0
166.92	1.0
167.38	2.0
167.85	3.0
168.32	4.0
168.79	1.0
169.28	2.0
169.74	3.0
170.21	4.0
170.68	1.0
171.16	2.0
171.63	3.0
172.09	4.0
172.55	1.0
173.03	2.0
173.5	3.0
173.97	4.0
174.42	1.0
174.9	2.0
175.36	3.0
175.82	4.0
176.3	1.0
176.76	2.0
177.24	3.0
177.7	4.0
178.17	1.0
178.65	2.0
179.11	3.0
179.6	4.0
180.05	1.0
180.53	2.0
181.01	3.0
181.47	4.0
181.94	1.0
182.4	2.0
182.87	3.0
183.36	4.0
183.83	1.0
184.3	2.0
184.77	3.0
185.25	4.0
185.73	1.0
186.18	2.0
186.66	3.0
187.12	4.0
187.59	1.0
188.06	2.0
188.54	3.0
189.01	4.0
189.48	1.0
189.96	2.0
190.43	3.0
190.9	4.0
191.36	1.0
191.83	2.0
192.3	3.0
192.78	4.0
193.24	1.0
193.71	2.0
194.16	3.0
194.63	4.0
195.09	1.0
195.56	2.0
196.03	3.0
196.5	4.0
196.97	1.0
197.44	2.0
197.9	3.0
198.37	4.0
198.84	1.0
199.3	2.0
199.78	3.0
200.22	4.0
200.69	1.0
201.15	2.0
201.62	3.0
202.08	4.0
202.53	1.0
202.99	2.0
203.45	3.0
203.91	4.0
204.36	1.0
204.83	2.0
205.3	3.0
205.77	4.0
206.24	1.0
206.71	2.0
207.19	3.0
207.63	4.0
208.11	1.0
208.56	2.0
209.03	3.0
209.49	4.0
209.93	1.0
210.37	2.0
210.79	3.0
211.23	4.0
211.69	1.0
212.13	2.0
212.55	3.0
213.01	4.0
213.43	1.0
213.87	2.0
214.31	3.0
214.77	4.0
215.19	1.0
215.66	2.0
216.16	3.0
216.64	4.0
217.1	1.0
217.58	2.0
218.08	3.0
218.56	4.0
219.04	1.0
219.51	2.0
219.96	3.0
220.43	4.0
220.92	1.0
221.37	2.0
221.84	3.0
222.32	4.0
222.8	1.0
223.28	2.0
223.76	3.0
224.24	4.0
224.73	1.0
225.21	2.0
225.69	3.0
226.18	4.0
226.65	1.0
227.13	2.0
227.6	3.0
228.07	4.0
228.53	1.0
229.0	2.0
229.45	3.0
229.92	4.0
230.39	1.0
230.85	2.0
231.3	3.0
231.76	4.0
232.22	1.0
232.68	2.0
233.13	3.0
233.59	4.0
234.06	1.0
234.54	2.0
235.0	3.0
235.45	4.0
235.92	1.0
236.38	2.0
236.85	3.0
237.3	4.0
237.77	1.0
238.23	2.0
238.7	3.0
239.15	4.0
239.61	1.0
240.07	2.0
240.52	3.0
240.98	4.0
241.46	1.0
241.91	2.0
242.39	3.0
242.84	4.0
243.29	1.0
243.77	2.0
244.23	3.0
244.67	4.0
245.14	1.0
245.6	2.0
246.06	3.0
246.52	4.0
246.99	1.0
247.46	2.0
247.91	3.0
248.37	4.0
248.84	1.0
249.32	2.0
249.77	3.0
250.23	4.0
250.69	1.0
251.16	2.0
251.62	3.0
252.07	4.0
252.52	1.0
252.97	2.0
253.45	3.0
253.9	4.0
254.35	1.0
254.82	2.0
255.28	3.0
255.74	4.0
256.21	1.0
256.67	2.0
257.13	3.0
257.59	4.0
258.05	1.0
258.5	2.0
258.95	3.0
259.4	4.0
259.86	1.0
260.31	2.0
260.78	3.0
261.23	4.0
261.7	1.0
262.16	2.0
262.61	3.0
263.07	4.0
263.52	1.0
263.98	2.0
264.44	3.0
264.9	4.0
265.36	1.0
265.82	2.0
266.28	3.0
266.73	4.0
267.11	1.0
267.53	2.0
267.93	3.0
268.31	4.0
268.71	1.0
269.13	2.0
269.52	3.0
269.94	4.0
270.4	1.0
270.83	2.0
271.27	3.0
271.72	4.0
272.15	1.0
272.59	2.0
273.06	3.0
273.5	4.0
273.98	1.0
274.44	2.0
274.88	3.0
275.35	4.0
275.8	1.0
276.27	2.0
276.73	3.0
277.19	4.0
277.65	1.0
278.11	2.0
278.58	3.0
279.02	4.0
279.48	1.0
279.92	2.0
280.37	3.0
280.84	4.0
281.31	1.0
281.77	2.0
282.23	3.0
282.69	4.0
283.14	1.0
283.61	2.0
284.05	3.0
284.52	4.0
284.98	1.0
285.45	2.0
285.91	3.0
286.37	4.0
286.83	1.0
287.27	2.0
287.73	3.0
288.19	4.0
288.64	1.0
289.11	2.0
289.56	3.0
290.0	4.0
290.44	1.0
290.9	2.0
291.36	3.0
291.8	4.0
292.26	1.0
292.71	2.0
293.14	3.0
293.58	4.0
294.03	1.0
294.49	2.0
294.94	3.0
295.4	4.0
295.83	1.0
296.3	2.0
296.75	3.0
297.18	4.0
297.64	1.0
298.08	2.0
298.54	3.0
299.0	4.0
299.45	1.0
299.88	2.0
300.35	3.0
300.78	4.0
301.23	1.0
301.68	2.0
302.14	3.0
302.58	4.0
303.03	1.0
303.5	2.0
