0.36	1.0
0.78	2.0
1.23	3.0
1.64	4.0
2.09	1.0
2.52	2.0
2.96	3.0
3.39	4.0
3.85	1.0
4.26	2.0
4.71	3.0
5.13	4.0
5.58	1.0
6.01	2.0
6.44	3.0
6.88	4.0
7.32	1.0
7.75	2.0
8.19	3.0
8.62	4.0
9.06	1.0
9.47	2.0
9.93	3.0
10.35	4.0
10.81	1.0
11.23	2.0
11.69	3.0
12.11	4.0
12.57	1.0
12.99	2.0
13.44	3.0
13.87	4.0
14.33	1.0
14.75	2.0
15.2	3.0
15.62	4.0
16.06	1.0
16.48	2.0
16.93	3.0
17.35	4.0
17.79	1.0
18.22	2.0
18.66	3.0
19.08	4.0
19.52	1.0
19.95	2.0
20.38	3.0
20.8	4.0
21.23	1.0
21.66	2.0
22.1	3.0
22.53	4.0
22.96	1.0
23.39	2.0
23.81	3.0
24.25	4.0
24.68	1.0
25.11	2.0
25.54	3.0
25.95	4.0
26.39	1.0
26.81	2.0
27.25	3.0
27.67	4.0
28.12	1.0
28.53	2.0
28.98	3.0
29.39	4.0
29.83	1.0
30.25	2.0
30.7	3.0
31.11	4.0
31.56	1.0
31.97	2.0
32.42	3.0
32.83	4.0
33.28	1.0
33.69	2.0
34.13	3.0
34.55	4.0
34.98	1.0
35.4	2.0
35.83	3.0
36.25	4.0
36.68	1.0
37.11	2.0
37.54	3.0
37.97	4.0
38.38	1.0
38.81	2.0
39.24	3.0
39.66	4.0
40.07	1.0
40.51	2.0
40.94	3.0
41.36	4.0
41.79	1.0
42.21	2.0
42.63	3.0
43.04	4.0
43.48	1.0
43.89	2.0
44.31	3.0
44.73	4.0
45.16	1.0
45.58	2.0
46.0	3.0
46.43	4.0
46.85	1.0
47.27	2.0
47.71	3.0
48.13	4.0
48.54	1.0
48.97	2.0
49.41	3.0
49.85	4.0
50.29	1.0
50.74	2.0
51.17	3.0
51.59	4.0
52.02	1.0
52.44	2.0
52.86	3.0
53.28	4.0
53.71	1.0
54.12	2.0
54.55	3.0
54.97	4.0
55.39	1.0
55.8	2.0
56.24	3.0
56.65	4.0
57.07	1.0
57.48	2.0
57.91	3.0
58.33	4.0
58.76	1.0
59.19	2.0
59.62	3.0
60.04	4.0
60.47	1.0
60.87	2.0
61.31	3.0
61.73	4.0
62.16	1.0
62.58	2.0
63.01	3.0
63.44	4.0
63.86	1.0
64.29	2.0
64.72	3.0
65.14	4.0
65.57	1.0
66.01	2.0
66.45	3.0
66.88	4.0
67.31	1.0
67.72	2.0
68.17	3.0
68.58	4.0
69.03	1.0
69.44	2.0
69.88	3.0
70.3	4.0
70.74	1.0
71.15	2.0
71.59	3.0
72.0	4.0
72.43	1.0
72.85	2.0
73.28	3.0
73.72	4.0
74.14	1.0
74.57	2.0
75.0	3.0
75.42	4.0
75.85	1.0
76.27	2.0
76.7	3.0
77.12	4.0
77.54	1.0
77.97	2.0
78.39	3.0
78.79	4.0
79.21	1.0
79.64	2.0
80.07	3.0
80.47	4.0
80.9	1.0
81.31	2.0
81.75	3.0
82.15	4.0
82.6	1.0
83.01	2.0
83.46	3.0
83.86	4.0
84.3	1.0
84.7	2.0
85.14	3.0
85.55	4.0
85.99	1.0
86.4	2.0
86.85	3.0
87.26	4.0
87.7	1.0
88.11	2.0
88.55	3.0
88.95	4.0
89.38	1.0
89.8	2.0
90.24	3.0
90.65	4.0
91.08	1.0
91.52	2.0
91.94	3.0
92.35	4.0
92.79	1.0
93.23	2.0
93.64	3.0
94.08	4.0
94.5	1.0
94.92	2.0
95.34	3.0
95.76	4.0
96.18	1.0
96.61	2.0
97.04	3.0
97.45	4.0
97.88	1.0
98.29	2.0
98.71	3.0
99.13	4.0
99.55	1.0
99.97	2.0
100.4	3.0
100.81	4.0
101.25	1.0
101.67	2.0
102.09	3.0
102.52	4.0
102.94	1.0
103.36	2.0
103.78	3.0
104.22	4.0
104.62	1.0
105.06	2.0
105.48	3.0
105.89	4.0
106.28	1.0
106.71	2.0
107.13	3.0
107.55	4.0
107.97	1.0
108.39	2.0
108.82	3.0
109.25	4.0
109.67	1.0
110.08	2.0
110.5	3.0
110.92	4.0
111.35	1.0
111.77	2.0
112.19	3.0
112.61	4.0
113.03	1.0
113.45	2.0
113.86	3.0
114.28	4.0
114.71	1.0
115.13	2.0
115.56	3.0
116.0	4.0
116.43	1.0
116.84	2.0
117.27	3.0
117.68	4.0
118.11	1.0
118.54	2.0
118.96	3.0
119.4	4.0
119.81	1.0
120.24	2.0
120.66	3.0
121.09	4.0
121.51	1.0
121.97	2.0
122.4	3.0
122.83	4.0
123.26	1.0
123.67	2.0
124.12	3.0
124.53	4.0
124.98	1.0
125.39	2.0
125.84	3.0
126.25	4.0
126.69	1.0
127.11	2.0
127.54	3.0
127.97	4.0
128.41	1.0
128.82	2.0
129.26	3.0
129.66	4.0
130.09	1.0
130.5	2.0
130.94	3.0
131.36	4.0
131.79	1.0
132.2	2.0
132.63	3.0
133.05	4.0
133.47	1.0
133.89	2.0
134.3	3.0
134.71	4.0
135.13	1.0
135.57	2.0
135.98	3.0
136.39	4.0
136.82	1.0
137.23	2.0
137.67	3.0
138.08	4.0
138.51	1.0
138.93	2.0
139.37	3.0
139.78	4.0
140.22	1.0
140.62	2.0
141.05	3.0
141.46	4.0
141.9	1.0
142.3	2.0
142.72	3.0
143.15	4.0
143.59	1.0
143.99	2.0
144.43	3.0
144.83	4.0
145.27	1.0
145.67	2.0
146.12	3.0
146.53	4.0
146.97	1.0
147.38	2.0
147.81	3.0
148.23	4.0
148.66	1.0
149.08	2.0
149.5	3.0
149.92	4.0
150.37	1.0
150.79	2.0
151.23	3.0
151.65	4.0
152.08	1.0
152.5	2.0
152.95	3.0
153.36	4.0
153.8	1.0
154.22	2.0
154.66	3.0
155.07	4.0
155.5	1.0
155.92	2.0
156.33	3.0
