0.22	1.0
1.01	2.0
1.82	3.0
2.59	4.0
3.38	1.0
4.17	2.0
4.96	3.0
5.76	4.0
6.6	1.0
7.39	2.0
8.2	3.0
8.97	4.0
9.78	1.0
10.55	2.0
11.3	3.0
12.1	4.0
12.88	1.0
13.68	2.0
14.47	3.0
15.24	4.0
16.0	1.0
16.76	2.0
17.52	3.0
18.3	4.0
19.08	1.0
19.86	2.0
20.64	3.0
21.4	4.0
22.17	1.0
22.95	2.0
23.73	3.0
24.52	4.0
25.26	1.0
26.03	2.0
26.8	3.0
27.58	4.0
28.38	1.0
29.19	2.0
29.97	3.0
30.75	4.0
31.52	1.0
32.29	2.0
33.06	3.0
33.87	4.0
34.62	1.0
35.4	2.0
36.19	3.0
36.95	4.0
37.76	1.0
38.54	2.0
39.32	3.0
40.1	4.0
40.86	1.0
41.64	2.0
42.43	3.0
43.21	4.0
43.99	1.0
44.81	2.0
45.57	3.0
46.29	4.0
47.07	1.0
47.83	2.0
48.58	3.0
49.36	4.0
50.12	1.0
50.93	2.0
51.7	3.0
52.46	4.0
53.25	1.0
54.05	2.0
54.84	3.0
55.61	4.0
56.35	1.0
57.13	2.0
57.92	3.0
58.68	4.0
59.46	1.0
60.23	2.0
61.01	3.0
61.71	4.0
62.49	1.0
63.3	2.0
64.08	3.0
64.85	4.0
65.61	1.0
66.42	2.0
67.17	3.0
67.9	4.0
68.66	1.0
69.43	2.0
70.19	3.0
70.98	4.0
71.74	1.0
72.54	2.0
73.32	3.0
74.08	4.0
74.86	1.0
75.59	2.0
76.32	3.0
77.1	4.0
77.86	1.0
78.68	2.0
79.46	3.0
80.2	4.0
80.95	1.0
81.75	2.0
82.49	3.0
83.26	4.0
84.02	1.0
84.83	2.0
85.57	3.0
86.33	4.0
87.09	1.0
87.86	2.0
88.6	3.0
89.35	4.0
90.11	1.0
90.58	2.0
90.96	3.0
91.35	4.0
91.74	1.0
92.1	2.0
92.49	3.0
92.86	4.0
93.24	1.0
93.62	2.0
94.0	3.0
94.4	4.0
94.77	1.0
95.15	2.0
95.55	3.0
95.93	4.0
96.33	1.0
96.72	2.0
97.1	3.0
97.48	4.0
97.85	1.0
98.24	2.0
98.61	3.0
98.99	4.0
99.38	1.0
99.79	2.0
100.16	3.0
100.54	4.0
100.91	1.0
101.31	2.0
101.69	3.0
102.06	4.0
102.44	1.0
102.83	2.0
103.2	3.0
103.58	4.0
103.96	1.0
104.37	2.0
104.76	3.0
105.14	4.0
105.52	1.0
105.9	2.0
106.28	3.0
106.65	4.0
107.06	1.0
107.46	2.0
107.86	3.0
108.25	4.0
108.63	1.0
109.04	2.0
109.42	3.0
109.82	4.0
110.19	1.0
110.59	2.0
110.98	3.0
111.34	4.0
111.75	1.0
112.13	2.0
112.52	3.0
112.91	4.0
113.29	1.0
113.68	2.0
114.06	3.0
114.44	4.0
114.83	1.0
115.23	2.0
115.61	3.0
115.99	4.0
116.35	1.0
116.75	2.0
117.11	3.0
117.5	4.0
117.87	1.0
118.27	2.0
118.63	3.0
119.03	4.0
119.39	1.0
119.78	2.0
120.16	3.0
120.54	4.0
120.91	1.0
121.31	2.0
121.68	3.0
122.07	4.0
122.45	1.0
122.84	2.0
123.24	3.0
123.62	4.0
124.0	1.0
124.37	2.0
124.74	3.0
125.09	4.0
125.46	1.0
125.83	2.0
126.2	3.0
126.58	4.0
126.94	1.0
127.32	2.0
127.69	3.0
128.06	4.0
128.42	1.0
128.8	2.0
129.16	3.0
129.53	4.0
129.9	1.0
130.26	2.0
130.62	3.0
130.98	4.0
131.34	1.0
131.7	2.0
132.08	3.0
132.42	4.0
132.8	1.0
133.16	2.0
133.52	3.0
133.87	4.0
134.24	1.0
134.61	2.0
134.97	3.0
135.34	4.0
135.72	1.0
136.1	2.0
136.48	3.0
136.85	4.0
137.22	1.0
137.58	2.0
137.93	3.0
138.29	4.0
138.66	1.0
139.04	2.0
139.39	3.0
139.76	4.0
140.13	1.0
140.49	2.0
140.85	3.0
141.21	4.0
141.58	1.0
141.94	2.0
142.32	3.0
142.69	4.0
143.06	1.0
143.42	2.0
143.77	3.0
144.14	4.0
144.5	1.0
144.87	2.0
145.23	3.0
145.6	4.0
145.97	1.0
146.34	2.0
146.7	3.0
147.06	4.0
147.42	1.0
147.8	2.0
148.17	3.0
148.53	4.0
148.89	1.0
149.26	2.0
149.62	3.0
149.99	4.0
150.35	1.0
150.7	2.0
151.07	3.0
151.44	4.0
151.8	1.0
152.15	2.0
152.51	3.0
152.87	4.0
153.24	1.0
153.61	2.0
153.97	3.0
154.32	4.0
154.69	1.0
155.04	2.0
155.4	3.0
155.76	4.0
156.13	1.0
156.51	2.0
156.88	3.0
157.24	4.0
157.61	1.0
157.96	2.0
158.31	3.0
158.68	4.0
159.05	1.0
159.42	2.0
159.78	3.0
160.15	4.0
160.51	1.0
160.86	2.0
161.25	3.0
161.61	4.0
161.99	1.0
162.34	2.0
162.71	3.0
163.06	4.0
163.42	1.0
163.79	2.0
164.16	3.0
164.52	4.0
164.86	1.0
165.22	2.0
165.59	3.0
165.95	4.0
166.31	1.0
166.67	2.0
167.03	3.0
167.39	4.0
167.75	1.0
168.1	2.0
168.46	3.0
168.82	4.0
169.18	1.0
169.54	2.0
169.9	3.0
170.26	4.0
170.62	1.0
171.0	2.0
171.35	3.0
171.73	4.0
172.1	1.0
172.47	2.0
172.84	3.0
173.2	4.0
173.57	1.0
173.93	2.0
174.3	3.0
174.66	4.0
175.02	1.0
175.4	2.0
175.77	3.0
176.13	4.0
176.51	1.0
176.86	2.0
177.23	3.0
177.6	4.0
177.96	1.0
178.33	2.0
178.68	3.0
179.04	4.0
179.41	1.0
179.78	2.0
180.15	3.0
180.52	4.0
180.89	1.0
181.28	2.0
181.65	3.0
182.01	4.0
182.37	1.0
182.74	2.0
183.1	3.0
183.46	4.0
183.82	1.0
184.19	2.0
184.55	3.0
184.9	4.0
185.26	1.0
185.63	2.0
185.99	3.0
186.34	4.0
186.7	1.0
187.08	2.0
187.43	3.0
187.8	4.0
188.16	1.0
188.53	2.0
188.89	3.0
189.25	4.0
189.61	1.0
189.97	2.0
190.33	3.0
190.71	4.0
191.07	1.0
191.44	2.0
191.78	3.0
192.14	4.0
192.5	1.0
192.87	2.0
193.24	3.0
193.61	4.0
193.99	1.0
194.37	2.0
194.73	3.0
195.09	4.0
195.48	1.0
195.82	2.0
196.18	3.0
196.56	4.0
196.92	1.0
197.28	2.0
197.65	3.0
198.01	4.0
198.37	1.0
198.75	2.0
199.15	3.0
199.52	4.0
199.89	1.0
200.27	2.0
200.64	3.0
201.02	4.0
201.39	1.0
201.77	2.0
202.14	3.0
202.5	4.0
202.87	1.0
203.23	2.0
203.6	3.0
203.97	4.0
204.34	1.0
204.71	2.0
205.09	3.0
205.46	4.0
205.83	1.0
206.19	2.0
206.57	3.0
206.93	4.0
207.3	1.0
207.68	2.0
208.05	3.0
208.43	4.0
208.77	1.0
209.13	2.0
209.51	3.0
209.85	4.0
210.22	1.0
210.59	2.0
210.97	3.0
211.35	4.0
211.72	1.0
212.09	2.0
212.44	3.0
212.81	4.0
213.18	1.0
213.56	2.0
213.92	3.0
214.28	4.0
214.63	1.0
215.01	2.0
215.35	3.0
215.71	4.0
216.1	1.0
216.48	2.0
216.86	3.0
217.23	4.0
217.61	1.0
217.99	2.0
218.34	3.0
218.69	4.0
219.05	1.0
219.43	2.0
219.81	3.0
220.16	4.0
220.52	1.0
220.87	2.0
221.25	3.0
221.61	4.0
221.97	1.0
222.35	2.0
222.71	3.0
223.08	4.0
223.45	1.0
223.79	2.0
224.16	3.0
224.52	4.0
224.91	1.0
225.28	2.0
225.65	3.0
226.02	4.0
226.37	1.0
226.74	2.0
227.11	3.0
227.47	4.0
227.83	1.0
228.19	2.0
228.56	3.0
228.91	4.0
229.27	1.0
229.65	2.0
230.01	3.0
230.37	4.0
230.73	1.0
231.09	2.0
231.44	3.0
231.79	4.0
232.15	1.0
232.52	2.0
232.89	3.0
233.25	4.0
233.61	1.0
233.97	2.0
234.35	3.0
234.7	4.0
235.07	1.0
235.43	2.0
235.79	3.0
236.16	4.0
236.52	1.0
236.87	2.0
237.22	3.0
237.6	4.0
237.96	1.0
238.34	2.0
238.72	3.0
239.08	4.0
239.44	1.0
239.8	2.0
240.16	3.0
240.52	4.0
240.87	1.0
241.22	2.0
241.6	3.0
241.94	4.0
242.3	1.0
242.66	2.0
243.04	3.0
243.38	4.0
243.74	1.0
244.09	2.0
244.46	3.0
244.79	4.0
245.16	1.0
245.49	2.0
245.85	3.0
246.21	4.0
246.55	1.0
246.9	2.0
247.25	3.0
247.61	4.0
247.96	1.0
248.31	2.0
248.65	3.0
248.99	4.0
249.34	1.0
249.7	2.0
250.08	3.0
250.43	4.0
250.79	1.0
251.13	2.0
251.5	3.0
251.84	4.0
252.18	1.0
252.51	2.0
252.85	3.0
253.18	4.0
253.55	1.0
253.9	2.0
254.25	3.0
254.58	4.0
254.93	1.0
255.28	2.0
255.63	3.0
255.99	4.0
256.33	1.0
256.69	2.0
257.03	3.0
257.4	4.0
257.73	1.0
258.1	2.0
258.43	3.0
258.8	4.0
259.14	1.0
259.49	2.0
259.84	3.0
260.2	4.0
260.52	1.0
260.84	2.0
261.16	3.0
261.49	4.0
261.81	1.0
262.12	2.0
262.44	3.0
262.76	4.0
263.09	1.0
263.4	2.0
263.72	3.0
264.04	4.0
264.36	1.0
264.68	2.0
265.01	3.0
265.32	4.0
265.65	1.0
265.96	2.0
266.29	3.0
266.6	4.0
266.92	1.0
267.25	2.0
267.56	3.0
267.89	4.0
268.21	1.0
268.53	2.0
268.85	3.0
269.17	4.0
269.49	1.0
269.8	2.0
270.13	3.0
270.44	4.0
270.77	1.0
271.09	2.0
271.41	3.0
271.72	4.0
272.04	1.0
272.36	2.0
272.68	3.0
272.99	4.0
273.29	1.0
273.61	2.0
273.91	3.0
274.22	4.0
274.54	1.0
274.85	2.0
275.16	3.0
275.47	4.0
275.78	1.0
276.09	2.0
276.39	3.0
276.7	4.0
277.03	1.0
277.34	2.0
277.67	3.0
277.99	4.0
278.31	1.0
278.62	2.0
278.94	3.0
279.27	4.0
279.59	1.0
279.91	2.0
280.22	3.0
280.54	4.0
280.87	1.0
281.19	2.0
281.5	3.0
281.83	4.0
282.15	1.0
282.47	2.0
282.79	3.0
283.1	4.0
283.43	1.0
283.74	2.0
284.07	3.0
284.38	4.0
284.7	1.0
285.03	2.0
285.34	3.0
285.67	4.0
285.98	1.0
286.31	2.0
286.62	3.0
286.95	4.0
287.26	1.0
287.58	2.0
287.91	3.0
288.23	4.0
288.54	1.0
288.87	2.0
289.19	3.0
289.51	4.0
289.83	1.0
290.14	2.0
290.46	3.0
290.78	4.0
291.11	1.0
291.43	2.0
291.74	3.0
292.07	4.0
292.38	1.0
292.7	2.0
293.02	3.0
293.34	4.0
293.66	1.0
293.99	2.0
294.3	3.0
294.63	4.0
294.94	1.0
295.26	2.0
295.58	3.0
295.91	4.0
296.23	1.0
296.54	2.0
296.87	3.0
297.19	4.0
297.5	1.0
297.82	2.0
298.14	3.0
298.46	4.0
298.79	1.0
299.11	2.0
299.42	3.0
299.74	4.0
300.06	1.0
300.38	2.0
300.7	3.0
301.02	4.0
301.34	1.0
301.67	2.0
301.99	3.0
302.3	4.0
302.63	1.0
302.95	2.0
303.27	3.0
303.59	4.0
303.9	1.0
304.23	2.0
304.55	3.0
304.87	4.0
305.19	1.0
305.51	2.0
305.83	3.0
306.15	4.0
306.46	1.0
306.79	2.0
307.11	3.0
307.43	4.0
307.74	1.0
308.06	2.0
308.39	3.0
308.71	4.0
309.07	1.0
309.43	2.0
309.78	3.0
310.16	4.0
310.54	1.0
310.9	2.0
311.26	3.0
311.64	4.0
312.01	1.0
312.39	2.0
312.81	3.0
313.22	4.0
313.63	1.0
314.04	2.0
314.43	3.0
314.85	4.0
315.25	1.0
315.68	2.0
316.08	3.0
316.49	4.0
316.91	1.0
317.32	2.0
317.72	3.0
318.12	4.0
318.53	1.0
318.94	2.0
319.37	3.0
319.77	4.0
320.18	1.0
320.6	2.0
321.01	3.0
321.41	4.0
321.81	1.0
322.23	2.0
322.63	3.0
323.06	4.0
323.46	1.0
323.87	2.0
324.29	3.0
324.7	4.0
325.1	1.0
325.5	2.0
325.92	3.0
326.32	4.0
326.75	1.0
327.15	2.0
327.56	3.0
327.98	4.0
328.39	1.0
328.79	2.0
329.19	3.0
329.61	4.0
330.01	1.0
330.44	2.0
330.84	3.0
331.24	4.0
