0.27	4.0
1.11	1.0
2.0	2.0
2.96	3.0
3.91	4.0
4.78	1.0
5.68	2.0
6.61	3.0
7.45	4.0
8.34	1.0
9.12	2.0
9.94	3.0
10.74	4.0
11.52	1.0
12.25	2.0
12.99	3.0
13.69	4.0
14.42	1.0
15.18	2.0
15.93	3.0
16.68	4.0
17.48	1.0
18.42	2.0
19.4	3.0
20.37	4.0
21.15	1.0
21.94	2.0
22.72	3.0
23.47	4.0
24.24	1.0
25.02	2.0
25.76	3.0
26.51	4.0
27.29	1.0
28.04	2.0
28.8	3.0
29.54	4.0
30.27	1.0
31.06	2.0
31.83	3.0
32.6	4.0
33.42	1.0
34.23	2.0
35.05	3.0
35.85	4.0
36.67	1.0
37.42	2.0
38.2	3.0
38.95	4.0
39.68	1.0
40.46	2.0
41.24	3.0
42.02	4.0
42.77	1.0
43.55	2.0
44.32	3.0
45.06	4.0
45.84	1.0
46.6	2.0
47.34	3.0
48.07	4.0
48.83	1.0
49.59	2.0
50.34	3.0
51.09	4.0
51.86	1.0
52.75	2.0
53.6	3.0
54.53	4.0
55.38	1.0
56.11	2.0
56.87	3.0
57.63	4.0
58.38	1.0
59.14	2.0
59.8	3.0
60.45	4.0
61.2	1.0
61.97	2.0
62.74	3.0
63.54	4.0
64.28	1.0
65.09	2.0
65.82	3.0
66.57	4.0
67.34	1.0
68.07	2.0
68.78	3.0
69.54	4.0
70.28	1.0
71.09	2.0
71.87	3.0
72.68	4.0
73.45	1.0
74.23	2.0
75.02	3.0
75.77	4.0
76.55	1.0
77.33	2.0
78.12	3.0
78.88	4.0
79.66	1.0
80.47	2.0
81.25	3.0
82.07	4.0
82.89	1.0
83.7	2.0
84.56	3.0
85.36	4.0
86.16	1.0
86.97	2.0
87.8	3.0
88.62	4.0
89.61	1.0
90.62	2.0
91.57	3.0
92.6	4.0
93.37	1.0
94.13	2.0
94.91	3.0
95.73	4.0
96.53	1.0
97.41	2.0
98.23	3.0
99.08	4.0
99.9	1.0
100.72	2.0
101.56	3.0
102.34	4.0
103.14	1.0
103.94	2.0
104.75	3.0
105.5	4.0
106.3	1.0
107.18	2.0
108.06	3.0
108.9	4.0
109.68	1.0
110.53	2.0
111.32	3.0
112.09	4.0
112.89	1.0
113.7	2.0
114.49	3.0
115.28	4.0
116.0	1.0
116.74	2.0
117.5	3.0
118.28	4.0
119.06	1.0
119.86	2.0
120.66	3.0
121.5	4.0
122.35	1.0
123.16	2.0
124.02	3.0
124.85	4.0
125.64	1.0
126.43	2.0
127.2	3.0
127.98	4.0
128.75	1.0
129.5	2.0
130.28	3.0
131.05	4.0
131.85	1.0
132.72	2.0
133.51	3.0
134.35	4.0
135.26	1.0
136.2	2.0
137.15	3.0
138.12	4.0
138.97	1.0
139.85	2.0
140.72	3.0
141.56	4.0
142.34	1.0
143.17	2.0
143.95	3.0
144.73	4.0
145.51	1.0
146.27	2.0
147.08	3.0
147.87	4.0
148.67	1.0
149.44	2.0
150.23	3.0
150.97	4.0
151.77	1.0
152.53	2.0
153.3	3.0
154.11	4.0
154.91	1.0
155.68	2.0
156.44	3.0
157.23	4.0
158.04	1.0
158.78	2.0
159.59	3.0
160.37	4.0
161.17	1.0
161.94	2.0
162.75	3.0
163.49	4.0
164.3	1.0
165.07	2.0
165.86	3.0
166.68	4.0
167.47	1.0
168.25	2.0
169.04	3.0
169.8	4.0
170.57	1.0
171.34	2.0
172.11	3.0
172.91	4.0
173.72	1.0
174.5	2.0
175.29	3.0
176.03	4.0
176.84	1.0
177.63	2.0
178.4	3.0
179.21	4.0
180.02	1.0
180.8	2.0
181.58	3.0
182.34	4.0
183.14	1.0
183.93	2.0
184.72	3.0
185.5	4.0
186.32	1.0
187.08	2.0
187.87	3.0
188.63	4.0
189.45	1.0
190.2	2.0
191.0	3.0
191.76	4.0
192.55	1.0
193.29	2.0
194.07	3.0
194.8	4.0
195.57	1.0
196.32	2.0
197.12	3.0
197.88	4.0
198.63	1.0
199.41	2.0
200.14	3.0
200.9	4.0
201.65	1.0
202.4	2.0
203.16	3.0
203.93	4.0
204.69	1.0
205.48	2.0
206.24	3.0
207.0	4.0
207.75	1.0
208.52	2.0
209.26	3.0
210.01	4.0
210.76	1.0
211.5	2.0
212.23	3.0
212.97	4.0
213.71	1.0
214.47	2.0
215.2	3.0
215.96	4.0
216.7	1.0
217.43	2.0
218.16	3.0
218.91	4.0
219.63	1.0
220.37	2.0
221.1	3.0
221.83	4.0
222.57	1.0
223.27	2.0
223.77	3.0
224.27	4.0
224.73	1.0
225.22	2.0
225.8	3.0
226.38	4.0
227.16	1.0
227.93	2.0
228.66	3.0
229.4	4.0
230.14	1.0
230.9	2.0
231.64	3.0
232.38	4.0
233.13	1.0
233.88	2.0
234.61	3.0
235.36	4.0
236.09	1.0
236.84	2.0
237.55	3.0
238.29	4.0
239.02	1.0
239.74	2.0
240.45	3.0
241.2	4.0
241.93	1.0
242.65	2.0
243.4	3.0
244.12	4.0
244.85	1.0
245.58	2.0
246.35	3.0
247.08	4.0
247.9	1.0
248.67	2.0
249.51	3.0
250.31	4.0
251.09	1.0
251.89	2.0
252.73	3.0
253.54	4.0
254.34	1.0
255.12	2.0
255.95	3.0
256.73	4.0
257.55	1.0
258.32	2.0
259.14	3.0
259.93	4.0
260.75	1.0
261.53	2.0
262.35	3.0
263.14	4.0
263.94	1.0
264.74	2.0
265.55	3.0
266.35	4.0
267.15	1.0
267.95	2.0
268.77	3.0
269.55	4.0
270.38	1.0
271.23	2.0
272.04	3.0
272.85	4.0
273.66	1.0
274.48	2.0
275.34	3.0
276.28	4.0
277.15	1.0
278.04	2.0
278.96	3.0
280.0	4.0
281.03	1.0
282.02	2.0
283.09	3.0
284.07	4.0
285.01	1.0
285.96	2.0
286.93	3.0
287.87	4.0
288.79	1.0
289.74	2.0
290.67	3.0
291.61	4.0
292.57	1.0
293.39	2.0
294.26	3.0
295.1	4.0
295.82	1.0
296.57	2.0
297.33	3.0
298.01	4.0
298.75	1.0
299.45	2.0
300.13	3.0
300.86	4.0
301.57	1.0
302.27	2.0
302.99	3.0
303.69	4.0
304.39	1.0
305.05	2.0
305.73	3.0
306.46	4.0
307.15	1.0
307.84	2.0
308.56	3.0
309.25	4.0
309.92	1.0
310.6	2.0
311.3	3.0
311.98	4.0
312.65	1.0
313.34	2.0
314.04	3.0
314.73	4.0
315.44	1.0
316.13	2.0
316.81	3.0
317.5	4.0
318.18	1.0
318.86	2.0
319.55	3.0
320.23	4.0
320.92	1.0
321.64	2.0
322.35	3.0
323.05	4.0
323.76	1.0
324.48	2.0
325.18	3.0
325.86	4.0
326.55	1.0
327.25	2.0
327.95	3.0
328.66	4.0
329.37	1.0
330.07	2.0
330.79	3.0
331.49	4.0
332.17	1.0
332.86	2.0
333.55	3.0
334.23	4.0
334.91	1.0
335.62	2.0
336.32	3.0
337.01	4.0
337.71	1.0
338.4	2.0
339.1	3.0
339.78	4.0
340.46	1.0
341.14	2.0
341.84	3.0
342.56	4.0
343.29	1.0
344.0	2.0
344.72	3.0
345.43	4.0
346.14	1.0
346.84	2.0
347.52	3.0
348.23	4.0
348.94	1.0
349.66	2.0
350.36	3.0
351.07	4.0
351.79	1.0
352.5	2.0
353.22	3.0
353.94	4.0
354.65	1.0
355.35	2.0
356.05	3.0
356.76	4.0
357.47	1.0
358.17	2.0
358.87	3.0
359.58	4.0
360.27	1.0
360.96	2.0
361.63	3.0
362.3	4.0
363.02	1.0
363.75	2.0
364.49	3.0
365.18	4.0
365.92	1.0
366.62	2.0
367.33	3.0
368.03	4.0
368.75	1.0
369.47	2.0
