1.23	1.0
1.92	2.0
2.65	3.0
3.36	4.0
4.07	1.0
4.81	2.0
5.54	3.0
6.24	4.0
6.97	1.0
7.68	2.0
8.4	3.0
9.07	4.0
9.79	1.0
10.47	2.0
11.22	3.0
11.92	4.0
12.62	1.0
13.35	2.0
14.08	3.0
14.81	4.0
15.57	1.0
16.3	2.0
17.03	3.0
17.76	4.0
18.5	1.0
19.24	2.0
19.97	3.0
20.71	4.0
21.44	1.0
22.18	2.0
22.93	3.0
23.65	4.0
24.39	1.0
25.14	2.0
25.87	3.0
26.61	4.0
27.35	1.0
28.07	2.0
28.8	3.0
29.53	4.0
30.26	1.0
30.99	2.0
31.71	3.0
32.43	4.0
33.16	1.0
33.88	2.0
34.61	3.0
35.34	4.0
36.05	1.0
36.76	2.0
37.45	3.0
38.18	4.0
38.89	1.0
39.61	2.0
40.33	3.0
41.04	4.0
41.74	1.0
42.46	2.0
43.18	3.0
43.88	4.0
44.6	1.0
45.31	2.0
46.01	3.0
46.71	4.0
47.44	1.0
48.17	2.0
48.89	3.0
49.63	4.0
50.38	1.0
51.11	2.0
51.86	3.0
52.6	4.0
53.34	1.0
54.07	2.0
54.8	3.0
55.52	4.0
56.26	1.0
56.99	2.0
57.72	3.0
58.47	4.0
59.21	1.0
59.94	2.0
60.67	3.0
61.4	4.0
62.13	1.0
62.85	2.0
63.56	3.0
64.28	4.0
65.02	1.0
65.75	2.0
66.46	3.0
67.19	4.0
67.91	1.0
68.64	2.0
69.4	3.0
70.11	4.0
70.83	1.0
71.54	2.0
72.25	3.0
72.98	4.0
73.68	1.0
74.41	2.0
75.11	3.0
75.85	4.0
76.56	1.0
77.29	2.0
78.0	3.0
78.72	4.0
79.43	1.0
80.15	2.0
80.87	3.0
81.55	4.0
82.27	1.0
82.99	2.0
83.72	3.0
84.41	4.0
85.12	1.0
85.82	2.0
86.53	3.0
87.22	4.0
87.96	1.0
88.68	2.0
89.41	3.0
90.14	4.0
90.86	1.0
91.6	2.0
92.33	3.0
93.04	4.0
93.77	1.0
94.5	2.0
95.23	3.0
95.95	4.0
96.68	1.0
97.42	2.0
98.15	3.0
98.9	4.0
99.63	1.0
100.37	2.0
101.1	3.0
101.83	4.0
102.58	1.0
103.3	2.0
104.02	3.0
104.76	4.0
105.49	1.0
106.25	2.0
106.96	3.0
107.68	4.0
108.42	1.0
109.15	2.0
109.86	3.0
110.58	4.0
111.3	1.0
112.03	2.0
112.74	3.0
113.47	4.0
114.17	1.0
114.9	2.0
115.63	3.0
116.38	4.0
117.08	1.0
117.8	2.0
118.5	3.0
119.19	4.0
119.89	1.0
120.59	2.0
121.3	3.0
121.99	4.0
122.69	1.0
123.41	2.0
124.12	3.0
124.85	4.0
125.57	1.0
126.3	2.0
127.02	3.0
127.77	4.0
128.51	1.0
129.22	2.0
129.94	3.0
130.68	4.0
131.41	1.0
132.13	2.0
132.86	3.0
133.56	4.0
134.27	1.0
135.01	2.0
135.75	3.0
136.48	4.0
137.2	1.0
137.91	2.0
138.65	3.0
139.37	4.0
140.07	1.0
140.79	2.0
141.52	3.0
142.23	4.0
142.96	1.0
143.66	2.0
144.39	3.0
145.1	4.0
145.78	1.0
146.53	2.0
147.26	3.0
147.99	4.0
148.72	1.0
149.42	2.0
150.13	3.0
150.86	4.0
151.59	1.0
152.32	2.0
153.06	3.0
153.79	4.0
154.53	1.0
155.26	2.0
156.0	3.0
156.74	4.0
157.49	1.0
158.23	2.0
158.97	3.0
159.71	4.0
160.45	1.0
161.19	2.0
161.92	3.0
162.67	4.0
163.39	1.0
164.11	2.0
164.85	3.0
165.58	4.0
166.3	1.0
167.04	2.0
167.77	3.0
168.49	4.0
169.22	1.0
169.96	2.0
170.68	3.0
171.42	4.0
172.13	1.0
172.87	2.0
173.59	3.0
174.34	4.0
175.08	1.0
175.8	2.0
176.5	3.0
177.25	4.0
177.96	1.0
178.7	2.0
179.42	3.0
180.17	4.0
180.92	1.0
181.65	2.0
182.35	3.0
183.05	4.0
183.75	1.0
184.46	2.0
185.16	3.0
185.86	4.0
186.58	1.0
187.3	2.0
188.0	3.0
188.72	4.0
189.44	1.0
190.17	2.0
190.87	3.0
191.6	4.0
192.28	1.0
193.0	2.0
193.73	3.0
194.47	4.0
195.18	1.0
195.91	2.0
196.64	3.0
197.36	4.0
198.08	1.0
198.79	2.0
199.52	3.0
200.24	4.0
200.96	1.0
201.67	2.0
202.39	3.0
203.08	4.0
203.77	1.0
204.49	2.0
205.21	3.0
205.92	4.0
206.64	1.0
207.33	2.0
208.05	3.0
208.72	4.0
209.41	1.0
210.11	2.0
210.83	3.0
211.55	4.0
212.26	1.0
212.96	2.0
213.68	3.0
214.37	4.0
215.05	1.0
215.76	2.0
216.48	3.0
217.2	4.0
217.91	1.0
218.61	2.0
219.32	3.0
220.02	4.0
220.71	1.0
221.42	2.0
222.16	3.0
222.88	4.0
223.59	1.0
224.3	2.0
225.02	3.0
225.71	4.0
226.41	1.0
227.12	2.0
227.85	3.0
228.55	4.0
229.27	1.0
230.0	2.0
230.7	3.0
231.42	4.0
232.1	1.0
232.83	2.0
233.56	3.0
234.26	4.0
234.97	1.0
235.65	2.0
236.33	3.0
237.01	4.0
237.69	1.0
238.41	2.0
239.11	3.0
239.83	4.0
240.52	1.0
241.22	2.0
241.93	3.0
242.62	4.0
243.32	1.0
244.03	2.0
244.73	3.0
245.42	4.0
246.11	1.0
246.81	2.0
247.51	3.0
248.21	4.0
248.88	1.0
249.58	2.0
250.28	3.0
250.96	4.0
251.64	1.0
252.36	2.0
253.06	3.0
253.74	4.0
254.43	1.0
255.15	2.0
