0.37	4.0
1.3	1.0
2.26	2.0
3.22	3.0
4.19	4.0
5.15	1.0
6.12	2.0
7.03	3.0
7.97	4.0
8.9	1.0
9.84	2.0
10.78	3.0
11.65	4.0
12.55	1.0
13.52	2.0
14.43	3.0
15.34	4.0
16.23	1.0
17.15	2.0
18.07	3.0
19.0	4.0
19.89	1.0
20.81	2.0
21.7	3.0
22.66	4.0
23.56	1.0
24.49	2.0
25.4	3.0
26.34	4.0
27.24	1.0
28.17	2.0
29.09	3.0
30.0	4.0
30.88	1.0
31.77	2.0
32.67	3.0
33.57	4.0
34.46	1.0
35.43	2.0
36.35	3.0
37.27	4.0
38.21	1.0
39.16	2.0
40.07	3.0
41.02	4.0
41.97	1.0
42.89	2.0
43.8	3.0
44.69	4.0
45.56	1.0
46.52	2.0
47.38	3.0
48.32	4.0
49.23	1.0
50.16	2.0
51.05	3.0
51.99	4.0
52.88	1.0
53.76	2.0
54.65	3.0
55.59	4.0
56.5	1.0
57.47	2.0
58.35	3.0
59.24	4.0
60.09	1.0
61.01	2.0
61.91	3.0
62.82	4.0
63.71	1.0
64.6	2.0
65.51	3.0
66.43	4.0
67.3	1.0
68.25	2.0
69.17	3.0
70.09	4.0
71.02	1.0
71.96	2.0
72.87	3.0
73.79	4.0
74.68	1.0
75.56	2.0
76.38	3.0
77.24	4.0
78.09	1.0
78.96	2.0
79.78	3.0
80.63	4.0
81.49	1.0
82.33	2.0
83.17	3.0
84.02	4.0
84.87	1.0
85.74	2.0
86.61	3.0
87.46	4.0
88.34	1.0
89.21	2.0
90.01	3.0
90.87	4.0
91.7	1.0
92.55	2.0
93.38	3.0
94.21	4.0
95.05	1.0
95.91	2.0
96.73	3.0
97.57	4.0
98.42	1.0
99.26	2.0
100.13	3.0
101.0	4.0
101.88	1.0
102.81	2.0
103.72	3.0
104.63	4.0
105.53	1.0
106.44	2.0
107.34	3.0
108.19	4.0
109.04	1.0
109.95	2.0
110.85	3.0
111.77	4.0
112.67	1.0
113.54	2.0
114.44	3.0
115.3	4.0
116.13	1.0
117.05	2.0
117.96	3.0
118.86	4.0
119.78	1.0
120.66	2.0
121.56	3.0
122.47	4.0
123.37	1.0
124.27	2.0
125.15	3.0
126.04	4.0
126.89	1.0
127.76	2.0
128.64	3.0
129.49	4.0
130.39	1.0
131.3	2.0
132.2	3.0
133.09	4.0
134.0	1.0
134.92	2.0
135.82	3.0
136.75	4.0
137.65	1.0
138.57	2.0
139.48	3.0
140.39	4.0
141.29	1.0
142.22	2.0
143.12	3.0
144.02	4.0
144.91	1.0
145.82	2.0
146.72	3.0
147.58	4.0
148.44	1.0
149.33	2.0
150.26	3.0
151.17	4.0
152.08	1.0
152.99	2.0
153.89	3.0
154.78	4.0
155.66	1.0
156.56	2.0
157.46	3.0
158.33	4.0
159.23	1.0
160.14	2.0
161.03	3.0
161.93	4.0
162.84	1.0
163.75	2.0
164.66	3.0
165.57	4.0
166.47	1.0
167.38	2.0
168.27	3.0
169.1	4.0
169.95	1.0
170.86	2.0
171.77	3.0
172.74	4.0
173.76	1.0
