0.44	1.0
0.83	2.0
1.2	3.0
1.58	4.0
1.95	1.0
2.32	2.0
2.7	3.0
3.06	4.0
3.41	1.0
3.78	2.0
4.14	3.0
4.5	4.0
4.87	1.0
5.23	2.0
5.6	3.0
5.99	4.0
6.36	1.0
6.72	2.0
7.09	3.0
7.49	4.0
7.86	1.0
8.25	2.0
8.62	3.0
9.0	4.0
9.37	1.0
9.76	2.0
10.13	3.0
10.55	4.0
11.08	1.0
11.62	2.0
12.18	3.0
12.7	4.0
13.27	1.0
13.79	2.0
14.34	3.0
14.88	4.0
15.43	1.0
15.98	2.0
16.51	3.0
17.04	4.0
17.55	1.0
18.05	2.0
18.57	3.0
19.12	4.0
19.66	1.0
20.17	2.0
20.73	3.0
21.25	4.0
21.75	1.0
22.27	2.0
22.77	3.0
23.31	4.0
23.83	1.0
24.35	2.0
24.89	3.0
25.4	4.0
25.91	1.0
26.41	2.0
26.94	3.0
27.49	4.0
28.02	1.0
28.55	2.0
29.09	3.0
29.61	4.0
30.14	1.0
30.68	2.0
31.21	3.0
31.72	4.0
32.24	1.0
32.79	2.0
33.33	3.0
33.87	4.0
34.39	1.0
34.92	2.0
35.42	3.0
35.91	4.0
36.4	1.0
36.91	2.0
37.42	3.0
37.95	4.0
38.47	1.0
38.98	2.0
39.49	3.0
40.0	4.0
40.51	1.0
41.04	2.0
41.55	3.0
42.05	4.0
42.56	1.0
43.1	2.0
43.63	3.0
44.15	4.0
44.64	1.0
45.17	2.0
45.69	3.0
46.2	4.0
46.7	1.0
47.22	2.0
47.72	3.0
48.21	4.0
48.73	1.0
49.25	2.0
49.77	3.0
50.29	4.0
50.8	1.0
51.31	2.0
51.82	3.0
52.33	4.0
52.85	1.0
53.55	2.0
54.35	3.0
55.13	4.0
55.85	1.0
56.32	2.0
56.8	3.0
57.3	4.0
57.8	1.0
58.28	2.0
58.81	3.0
59.31	4.0
59.78	1.0
60.29	2.0
60.75	3.0
61.23	4.0
61.72	1.0
62.21	2.0
62.74	3.0
63.24	4.0
63.75	1.0
64.25	2.0
64.78	3.0
65.3	4.0
65.79	1.0
66.33	2.0
66.83	3.0
67.35	4.0
67.87	1.0
68.39	2.0
68.87	3.0
69.37	4.0
69.88	1.0
70.39	2.0
70.93	3.0
71.45	4.0
71.93	1.0
72.45	2.0
72.97	3.0
73.46	4.0
73.95	1.0
74.49	2.0
75.0	3.0
75.53	4.0
76.02	1.0
76.55	2.0
77.06	3.0
77.57	4.0
78.06	1.0
78.59	2.0
79.11	3.0
79.62	4.0
80.12	1.0
80.65	2.0
81.15	3.0
81.66	4.0
82.17	1.0
82.68	2.0
83.21	3.0
83.72	4.0
84.24	1.0
84.75	2.0
85.27	3.0
85.78	4.0
86.29	1.0
86.77	2.0
87.25	3.0
87.77	4.0
88.27	1.0
88.8	2.0
89.29	3.0
89.81	4.0
90.31	1.0
90.82	2.0
91.33	3.0
91.85	4.0
92.38	1.0
92.87	2.0
93.38	3.0
93.89	4.0
94.42	1.0
94.92	2.0
95.41	3.0
95.92	4.0
96.45	1.0
96.96	2.0
97.46	3.0
97.99	4.0
98.49	1.0
98.99	2.0
99.52	3.0
100.03	4.0
100.55	1.0
101.05	2.0
101.56	3.0
102.08	4.0
102.59	1.0
103.11	2.0
103.61	3.0
104.11	4.0
104.59	1.0
105.09	2.0
105.62	3.0
106.13	4.0
106.6	1.0
107.11	2.0
107.58	3.0
108.07	4.0
108.58	1.0
109.09	2.0
109.61	3.0
110.12	4.0
110.6	1.0
111.08	2.0
111.57	3.0
112.06	4.0
112.57	1.0
113.06	2.0
113.6	3.0
114.09	4.0
114.62	1.0
115.11	2.0
115.66	3.0
116.19	4.0
116.75	1.0
117.22	2.0
117.63	3.0
118.05	4.0
118.49	1.0
118.89	2.0
119.32	3.0
119.75	4.0
120.16	1.0
120.58	2.0
121.0	3.0
121.43	4.0
121.84	1.0
122.25	2.0
122.66	3.0
123.09	4.0
123.49	1.0
123.89	2.0
124.31	3.0
124.72	4.0
125.13	1.0
125.55	2.0
125.98	3.0
126.38	4.0
126.79	1.0
127.19	2.0
127.62	3.0
128.04	4.0
128.44	1.0
128.86	2.0
129.28	3.0
129.69	4.0
130.11	1.0
130.53	2.0
130.94	3.0
131.33	4.0
131.75	1.0
132.17	2.0
132.57	3.0
132.98	4.0
133.39	1.0
133.79	2.0
134.21	3.0
134.62	4.0
135.03	1.0
135.45	2.0
135.85	3.0
136.25	4.0
136.66	1.0
137.07	2.0
137.5	3.0
137.91	4.0
138.31	1.0
138.74	2.0
139.16	3.0
139.57	4.0
139.99	1.0
140.42	2.0
140.84	3.0
141.26	4.0
141.74	1.0
142.32	2.0
142.87	3.0
143.39	4.0
143.95	1.0
144.54	2.0
145.14	3.0
145.7	4.0
146.27	1.0
146.83	2.0
147.39	3.0
147.95	4.0
148.51	1.0
149.05	2.0
149.61	3.0
150.16	4.0
150.71	1.0
151.25	2.0
151.79	3.0
152.32	4.0
152.85	1.0
153.39	2.0
153.93	3.0
154.46	4.0
155.0	1.0
155.55	2.0
156.08	3.0
156.61	4.0
157.17	1.0
157.7	2.0
158.24	3.0
158.79	4.0
159.33	1.0
159.86	2.0
160.4	3.0
160.93	4.0
161.47	1.0
162.0	2.0
162.52	3.0
163.05	4.0
163.6	1.0
164.14	2.0
164.66	3.0
165.2	4.0
165.74	1.0
166.28	2.0
166.8	3.0
167.28	4.0
167.8	1.0
168.33	2.0
168.88	3.0
169.4	4.0
169.94	1.0
170.48	2.0
171.02	3.0
171.52	4.0
172.07	1.0
172.61	2.0
173.15	3.0
173.69	4.0
174.22	1.0
174.76	2.0
175.31	3.0
175.83	4.0
176.37	1.0
176.9	2.0
177.44	3.0
177.97	4.0
178.5	1.0
179.04	2.0
179.57	3.0
180.1	4.0
180.63	1.0
181.16	2.0
181.69	3.0
182.23	4.0
183.03	1.0
183.81	2.0
184.6	3.0
185.24	4.0
185.88	1.0
186.41	2.0
186.94	3.0
187.45	4.0
187.96	1.0
188.46	2.0
188.96	3.0
189.44	4.0
189.96	1.0
190.49	2.0
191.01	3.0
191.52	4.0
192.02	1.0
192.51	2.0
192.99	3.0
193.48	4.0
193.99	1.0
194.51	2.0
195.04	3.0
195.54	4.0
196.06	1.0
196.55	2.0
197.12	3.0
197.64	4.0
198.22	1.0
198.76	2.0
199.17	3.0
199.59	4.0
200.02	1.0
200.41	2.0
200.83	3.0
201.25	4.0
201.64	1.0
202.08	2.0
202.5	3.0
202.92	4.0
203.32	1.0
203.75	2.0
204.16	3.0
204.59	4.0
205.0	1.0
205.39	2.0
205.8	3.0
206.21	4.0
206.61	1.0
207.04	2.0
207.45	3.0
207.85	4.0
208.26	1.0
208.68	2.0
209.09	3.0
209.51	4.0
209.93	1.0
210.33	2.0
210.76	3.0
211.19	4.0
211.59	1.0
212.02	2.0
212.43	3.0
212.84	4.0
213.24	1.0
213.67	2.0
214.08	3.0
214.5	4.0
214.92	1.0
215.34	2.0
215.75	3.0
216.17	4.0
216.56	1.0
216.98	2.0
217.4	3.0
217.81	4.0
218.2	1.0
218.63	2.0
219.04	3.0
219.47	4.0
219.89	1.0
220.29	2.0
220.7	3.0
221.1	4.0
221.53	1.0
221.97	2.0
222.42	3.0
222.89	4.0
223.39	1.0
223.95	2.0
224.5	3.0
225.07	4.0
225.61	1.0
226.15	2.0
226.68	3.0
227.19	4.0
227.7	1.0
228.22	2.0
228.74	3.0
229.26	4.0
229.77	1.0
230.29	2.0
230.82	3.0
231.34	4.0
231.86	1.0
232.38	2.0
232.91	3.0
233.42	4.0
233.94	1.0
234.46	2.0
234.98	3.0
235.5	4.0
236.02	1.0
236.54	2.0
237.05	3.0
237.56	4.0
238.07	1.0
238.59	2.0
239.11	3.0
239.64	4.0
240.15	1.0
240.64	2.0
241.16	3.0
241.68	4.0
242.17	1.0
242.69	2.0
243.21	3.0
243.74	4.0
244.25	1.0
244.77	2.0
245.27	3.0
245.78	4.0
246.28	1.0
246.74	2.0
247.22	3.0
247.73	4.0
248.25	1.0
248.76	2.0
249.28	3.0
249.78	4.0
250.29	1.0
250.8	2.0
251.33	3.0
251.84	4.0
252.37	1.0
252.88	2.0
253.4	3.0
253.91	4.0
254.43	1.0
254.93	2.0
255.46	3.0
255.97	4.0
256.5	1.0
257.01	2.0
257.53	3.0
258.02	4.0
258.55	1.0
259.04	2.0
259.58	3.0
260.1	4.0
260.62	1.0
261.15	2.0
261.65	3.0
262.18	4.0
262.69	1.0
263.21	2.0
263.72	3.0
264.22	4.0
264.74	1.0
265.27	2.0
265.78	3.0
266.3	4.0
266.79	1.0
267.28	2.0
267.79	3.0
268.28	4.0
268.8	1.0
269.31	2.0
269.83	3.0
270.33	4.0
270.82	1.0
271.32	2.0
271.82	3.0
272.28	4.0
272.81	1.0
273.31	2.0
273.84	3.0
274.34	4.0
274.85	1.0
275.32	2.0
275.83	3.0
276.39	4.0
276.89	1.0
277.45	2.0
277.93	3.0
278.36	4.0
278.81	1.0
279.2	2.0
279.61	3.0
280.04	4.0
280.44	1.0
280.85	2.0
281.27	3.0
281.68	4.0
282.09	1.0
282.51	2.0
282.92	3.0
283.34	4.0
283.74	1.0
284.14	2.0
284.55	3.0
284.97	4.0
285.38	1.0
285.79	2.0
286.21	3.0
286.62	4.0
287.02	1.0
287.43	2.0
287.85	3.0
288.26	4.0
288.68	1.0
289.09	2.0
289.51	3.0
289.93	4.0
290.35	1.0
290.76	2.0
291.18	3.0
291.59	4.0
292.0	1.0
292.41	2.0
292.84	3.0
293.26	4.0
293.68	1.0
294.09	2.0
294.5	3.0
294.92	4.0
295.33	1.0
295.75	2.0
296.15	3.0
296.55	4.0
296.96	1.0
297.38	2.0
297.81	3.0
298.22	4.0
298.64	1.0
299.05	2.0
299.46	3.0
299.87	4.0
300.31	1.0
300.72	2.0
301.14	3.0
301.57	4.0
301.98	1.0
302.42	2.0
302.84	3.0
303.27	4.0
303.68	1.0
304.1	2.0
304.53	3.0
304.95	4.0
305.37	1.0
305.79	2.0
306.22	3.0
306.62	4.0
307.04	1.0
307.47	2.0
307.88	3.0
308.29	4.0
308.69	1.0
309.1	2.0
309.51	3.0
309.95	4.0
310.36	1.0
310.76	2.0
311.18	3.0
311.59	4.0
312.0	1.0
312.41	2.0
312.84	3.0
313.25	4.0
313.67	1.0
314.08	2.0
314.49	3.0
314.91	4.0
315.33	1.0
315.76	2.0
316.19	3.0
316.6	4.0
317.01	1.0
317.44	2.0
317.85	3.0
318.26	4.0
318.64	1.0
319.04	2.0
319.45	3.0
319.88	4.0
320.29	1.0
320.7	2.0
321.11	3.0
321.51	4.0
321.91	1.0
322.33	2.0
322.76	3.0
323.18	4.0
323.6	1.0
324.0	2.0
324.42	3.0
324.84	4.0
325.27	1.0
325.7	2.0
326.11	3.0
326.52	4.0
326.94	1.0
327.36	2.0
327.78	3.0
328.2	4.0
328.62	1.0
329.02	2.0
329.44	3.0
329.86	4.0
330.28	1.0
330.71	2.0
331.11	3.0
331.52	4.0
331.93	1.0
332.35	2.0
332.77	3.0
333.19	4.0
333.61	1.0
334.02	2.0
334.42	3.0
334.84	4.0
335.28	1.0
335.71	2.0
336.13	3.0
336.54	4.0
336.97	1.0
337.4	2.0
337.82	3.0
338.24	4.0
338.65	1.0
339.06	2.0
339.49	3.0
339.9	4.0
340.32	1.0
340.76	2.0
341.18	3.0
341.59	4.0
342.0	1.0
342.42	2.0
342.84	3.0
343.27	4.0
343.68	1.0
344.08	2.0
344.49	3.0
344.91	4.0
345.35	1.0
345.77	2.0
346.18	3.0
346.59	4.0
347.01	1.0
347.43	2.0
347.87	3.0
348.31	4.0
348.74	1.0
349.16	2.0
349.58	3.0
350.0	4.0
350.42	1.0
350.85	2.0
351.28	3.0
351.7	4.0
352.13	1.0
352.56	2.0
352.99	3.0
353.41	4.0
353.84	1.0
354.25	2.0
354.66	3.0
355.06	4.0
355.47	1.0
355.89	2.0
356.3	3.0
356.71	4.0
357.11	1.0
357.51	2.0
357.91	3.0
358.31	4.0
358.71	1.0
359.13	2.0
359.55	3.0
359.97	4.0
360.4	1.0
360.82	2.0
361.24	3.0
361.64	4.0
362.07	1.0
362.49	2.0
362.9	3.0
363.33	4.0
363.76	1.0
364.18	2.0
364.6	3.0
365.01	4.0
365.45	1.0
365.87	2.0
366.29	3.0
366.7	4.0
367.1	1.0
367.51	2.0
367.93	3.0
368.33	4.0
368.75	1.0
369.16	2.0
369.58	3.0
370.0	4.0
370.43	1.0
370.85	2.0
371.26	3.0
371.68	4.0
372.09	1.0
372.51	2.0
372.93	3.0
373.36	4.0
373.76	1.0
374.16	2.0
374.59	3.0
375.02	4.0
375.45	1.0
375.89	2.0
376.31	3.0
376.75	4.0
377.18	1.0
377.61	2.0
378.05	3.0
378.48	4.0
378.9	1.0
379.31	2.0
379.72	3.0
380.15	4.0
380.57	1.0
380.99	2.0
381.42	3.0
381.85	4.0
382.27	1.0
382.7	2.0
383.12	3.0
383.55	4.0
383.97	1.0
384.39	2.0
384.81	3.0
385.25	4.0
385.67	1.0
386.1	2.0
386.49	3.0
386.9	4.0
387.31	1.0
387.77	2.0
388.21	3.0
388.64	4.0
389.04	1.0
389.45	2.0
389.86	3.0
390.3	4.0
390.73	1.0
391.19	2.0
391.62	3.0
392.03	4.0
392.47	1.0
392.9	2.0
393.31	3.0
393.74	4.0
394.15	1.0
394.57	2.0
395.0	3.0
395.43	4.0
395.85	1.0
396.27	2.0
396.67	3.0
397.09	4.0
397.51	1.0
397.94	2.0
398.36	3.0
398.78	4.0
399.19	1.0
399.59	2.0
400.02	3.0
400.44	4.0
400.85	1.0
401.28	2.0
401.69	3.0
402.11	4.0
402.52	1.0
402.97	2.0
403.38	3.0
403.83	4.0
404.23	1.0
404.66	2.0
405.08	3.0
405.51	4.0
405.93	1.0
406.35	2.0
406.77	3.0
407.17	4.0
407.59	1.0
408.02	2.0
408.44	3.0
408.87	4.0
409.28	1.0
409.69	2.0
410.11	3.0
410.56	4.0
410.98	1.0
411.41	2.0
411.82	3.0
412.24	4.0
412.67	1.0
413.11	2.0
413.53	3.0
413.97	4.0
414.39	1.0
414.82	2.0
415.25	3.0
415.69	4.0
416.12	1.0
416.55	2.0
416.98	3.0
417.4	4.0
417.82	1.0
418.25	2.0
418.69	3.0
419.11	4.0
419.54	1.0
419.97	2.0
420.4	3.0
420.84	4.0
421.26	1.0
421.68	2.0
422.13	3.0
422.55	4.0
422.97	1.0
423.4	2.0
423.83	3.0
424.28	4.0
424.69	1.0
425.08	2.0
425.51	3.0
425.95	4.0
426.38	1.0
426.81	2.0
427.22	3.0
427.64	4.0
428.06	1.0
428.5	2.0
428.93	3.0
429.37	4.0
429.79	1.0
430.19	2.0
430.6	3.0
431.01	4.0
431.43	1.0
431.85	2.0
432.25	3.0
432.66	4.0
433.08	1.0
433.53	2.0
433.95	3.0
434.39	4.0
434.81	1.0
435.23	2.0
435.66	3.0
436.09	4.0
436.52	1.0
436.95	2.0
437.37	3.0
437.78	4.0
438.22	1.0
438.65	2.0
439.07	3.0
439.51	4.0
439.93	1.0
440.33	2.0
440.75	3.0
441.2	4.0
441.61	1.0
442.05	2.0
442.48	3.0
442.89	4.0
443.31	1.0
443.75	2.0
444.17	3.0
444.6	4.0
445.01	1.0
445.41	2.0
445.82	3.0
446.26	4.0
446.68	1.0
447.12	2.0
447.54	3.0
447.98	4.0
448.39	1.0
448.8	2.0
449.24	3.0
449.66	4.0
450.08	1.0
450.48	2.0
450.9	3.0
451.34	4.0
451.77	1.0
452.21	2.0
452.64	3.0
453.06	4.0
453.49	1.0
453.92	2.0
454.36	3.0
454.81	4.0
455.24	1.0
455.66	2.0
456.08	3.0
456.52	4.0
456.95	1.0
457.37	2.0
457.8	3.0
458.23	4.0
458.64	1.0
459.07	2.0
459.5	3.0
459.94	4.0
460.36	1.0
460.76	2.0
461.18	3.0
461.61	4.0
462.03	1.0
462.48	2.0
462.89	3.0
463.31	4.0
463.73	1.0
464.14	2.0
