0.42	2.0
0.89	3.0
1.36	4.0
1.81	1.0
2.28	2.0
2.73	3.0
3.2	4.0
3.69	1.0
4.15	2.0
4.61	3.0
5.07	4.0
5.52	1.0
5.98	2.0
6.44	3.0
6.91	4.0
7.37	1.0
7.83	2.0
8.29	3.0
8.74	4.0
9.2	1.0
9.65	2.0
10.12	3.0
10.59	4.0
11.04	1.0
11.5	2.0
11.97	3.0
12.41	4.0
12.89	1.0
13.34	2.0
13.81	3.0
14.29	4.0
14.76	1.0
15.21	2.0
15.68	3.0
16.13	4.0
16.59	1.0
17.06	2.0
17.49	3.0
17.95	4.0
18.41	1.0
18.88	2.0
19.33	3.0
19.79	4.0
20.26	1.0
20.72	2.0
21.16	3.0
21.63	4.0
22.08	1.0
22.53	2.0
22.98	3.0
23.42	4.0
23.88	1.0
24.34	2.0
24.8	3.0
25.26	4.0
25.71	1.0
26.15	2.0
26.62	3.0
27.07	4.0
27.55	1.0
28.03	2.0
28.48	3.0
28.95	4.0
29.42	1.0
29.9	2.0
30.35	3.0
30.81	4.0
31.27	1.0
31.74	2.0
32.19	3.0
32.67	4.0
33.13	1.0
33.59	2.0
34.05	3.0
34.53	4.0
34.99	1.0
35.47	2.0
35.93	3.0
36.42	4.0
36.88	1.0
37.35	2.0
37.81	3.0
38.28	4.0
38.74	1.0
39.21	2.0
39.67	3.0
40.14	4.0
40.6	1.0
41.07	2.0
41.54	3.0
42.03	4.0
42.48	1.0
42.96	2.0
43.42	3.0
43.89	4.0
44.35	1.0
44.81	2.0
45.27	3.0
45.75	4.0
46.21	1.0
46.7	2.0
47.17	3.0
47.64	4.0
48.1	1.0
48.56	2.0
49.02	3.0
49.48	4.0
49.94	1.0
50.42	2.0
50.88	3.0
51.35	4.0
51.82	1.0
52.27	2.0
52.74	3.0
53.21	4.0
53.66	1.0
54.13	2.0
54.61	3.0
55.06	4.0
55.53	1.0
56.02	2.0
56.47	3.0
56.93	4.0
57.38	1.0
57.86	2.0
58.32	3.0
58.76	4.0
59.22	1.0
59.69	2.0
60.14	3.0
60.62	4.0
61.08	1.0
61.56	2.0
62.01	3.0
62.49	4.0
62.95	1.0
63.42	2.0
63.89	3.0
64.36	4.0
64.81	1.0
65.29	2.0
65.75	3.0
66.23	4.0
66.68	1.0
67.16	2.0
67.62	3.0
68.11	4.0
68.58	1.0
69.05	2.0
69.51	3.0
70.0	4.0
70.46	1.0
70.94	2.0
71.41	3.0
71.88	4.0
72.34	1.0
72.8	2.0
73.27	3.0
73.75	4.0
74.21	1.0
74.69	2.0
75.17	3.0
75.66	4.0
76.12	1.0
76.59	2.0
77.05	3.0
77.53	4.0
77.98	1.0
78.46	2.0
78.91	3.0
79.39	4.0
79.85	1.0
80.31	2.0
80.78	3.0
81.26	4.0
81.72	1.0
82.19	2.0
82.64	3.0
83.1	4.0
83.57	1.0
84.04	2.0
84.5	3.0
84.98	4.0
85.43	1.0
85.88	2.0
86.36	3.0
86.81	4.0
87.28	1.0
87.78	2.0
88.24	3.0
88.71	4.0
89.16	1.0
89.63	2.0
90.09	3.0
90.53	4.0
90.99	1.0
91.46	2.0
91.9	3.0
92.36	4.0
92.83	1.0
93.27	2.0
93.74	3.0
94.18	4.0
94.63	1.0
95.08	2.0
95.52	3.0
95.98	4.0
96.42	1.0
96.87	2.0
97.33	3.0
97.77	4.0
98.23	1.0
98.71	2.0
99.16	3.0
99.62	4.0
100.07	1.0
100.53	2.0
100.98	3.0
101.41	4.0
101.86	1.0
102.31	2.0
102.77	3.0
103.23	4.0
103.66	1.0
104.12	2.0
104.6	3.0
105.04	4.0
105.51	1.0
105.96	2.0
106.41	3.0
106.87	4.0
107.29	1.0
107.73	2.0
108.18	3.0
108.63	4.0
109.1	1.0
109.53	2.0
109.99	3.0
110.47	4.0
110.91	1.0
111.39	2.0
111.84	3.0
112.29	4.0
112.74	1.0
113.17	2.0
113.62	3.0
114.04	4.0
114.51	1.0
114.96	2.0
115.41	3.0
115.86	4.0
116.34	1.0
116.78	2.0
117.26	3.0
117.73	4.0
118.4	1.0
119.07	2.0
119.7	3.0
120.36	4.0
120.83	1.0
121.27	2.0
121.72	3.0
122.19	4.0
122.63	1.0
123.11	2.0
123.56	3.0
124.03	4.0
124.48	1.0
124.94	2.0
125.41	3.0
125.85	4.0
126.3	1.0
126.76	2.0
127.2	3.0
127.66	4.0
128.1	1.0
128.55	2.0
129.0	3.0
129.44	4.0
129.9	1.0
130.35	2.0
130.79	3.0
131.28	4.0
131.74	1.0
132.24	2.0
132.69	3.0
133.17	4.0
133.63	1.0
134.1	2.0
134.54	3.0
135.02	4.0
135.48	1.0
135.96	2.0
136.42	3.0
136.89	4.0
137.36	1.0
137.81	2.0
138.26	3.0
138.73	4.0
139.19	1.0
139.67	2.0
140.13	3.0
140.62	4.0
141.08	1.0
141.56	2.0
142.02	3.0
142.49	4.0
142.96	1.0
143.42	2.0
143.89	3.0
144.35	4.0
144.81	1.0
145.28	2.0
145.74	3.0
146.22	4.0
146.68	1.0
147.16	2.0
147.62	3.0
148.1	4.0
148.58	1.0
149.05	2.0
149.5	3.0
149.98	4.0
150.46	1.0
150.93	2.0
151.39	3.0
151.86	4.0
152.33	1.0
152.79	2.0
153.24	3.0
153.71	4.0
154.17	1.0
154.65	2.0
155.11	3.0
155.58	4.0
156.04	1.0
156.5	2.0
156.97	3.0
157.43	4.0
157.89	1.0
158.34	2.0
158.81	3.0
159.25	4.0
159.73	1.0
160.21	2.0
160.66	3.0
161.13	4.0
161.61	1.0
162.07	2.0
162.52	3.0
162.99	4.0
163.46	1.0
163.93	2.0
164.39	3.0
164.85	4.0
165.31	1.0
165.77	2.0
166.22	3.0
166.71	4.0
167.17	1.0
167.66	2.0
168.13	3.0
168.61	4.0
169.06	1.0
169.51	2.0
169.97	3.0
170.45	4.0
170.91	1.0
171.36	2.0
171.84	3.0
172.3	4.0
172.76	1.0
173.25	2.0
173.7	3.0
174.18	4.0
174.64	1.0
175.09	2.0
175.55	3.0
176.03	4.0
176.48	1.0
176.93	2.0
177.41	3.0
177.86	4.0
178.34	1.0
178.79	2.0
179.27	3.0
179.76	4.0
180.23	1.0
180.74	2.0
