0.36	3.0
1.07	4.0
1.76	1.0
2.42	2.0
3.05	3.0
3.68	4.0
4.32	1.0
4.96	2.0
5.58	3.0
6.21	4.0
6.83	1.0
7.46	2.0
8.07	3.0
8.69	4.0
9.29	1.0
9.9	2.0
10.51	3.0
11.11	4.0
11.72	1.0
12.33	2.0
12.93	3.0
13.53	4.0
14.14	1.0
14.74	2.0
15.34	3.0
15.93	4.0
16.51	1.0
17.11	2.0
17.71	3.0
18.32	4.0
18.91	1.0
19.51	2.0
20.11	3.0
20.69	4.0
21.27	1.0
21.88	2.0
22.48	3.0
23.07	4.0
23.67	1.0
24.28	2.0
24.89	3.0
25.47	4.0
26.07	1.0
26.68	2.0
27.28	3.0
27.87	4.0
28.45	1.0
29.06	2.0
29.66	3.0
30.25	4.0
30.84	1.0
31.44	2.0
32.05	3.0
32.64	4.0
33.23	1.0
33.82	2.0
34.42	3.0
35.0	4.0
35.59	1.0
36.18	2.0
36.79	3.0
37.39	4.0
37.98	1.0
38.59	2.0
39.2	3.0
39.79	4.0
40.38	1.0
40.98	2.0
41.56	3.0
42.17	4.0
42.78	1.0
43.37	2.0
43.97	3.0
44.57	4.0
45.17	1.0
45.76	2.0
46.35	3.0
46.95	4.0
47.54	1.0
48.14	2.0
48.73	3.0
49.29	4.0
49.88	1.0
50.47	2.0
51.07	3.0
51.65	4.0
52.24	1.0
52.84	2.0
53.43	3.0
53.98	4.0
54.56	1.0
55.14	2.0
55.74	3.0
56.32	4.0
56.92	1.0
57.51	2.0
58.1	3.0
58.68	4.0
59.29	1.0
59.88	2.0
60.48	3.0
61.09	4.0
61.69	1.0
62.3	2.0
62.9	3.0
63.5	4.0
64.1	1.0
64.7	2.0
65.31	3.0
65.91	4.0
