0.19	3.0
0.9	4.0
1.63	1.0
2.37	2.0
3.11	3.0
3.81	4.0
4.55	1.0
5.27	2.0
6.0	3.0
6.7	4.0
7.39	1.0
8.12	2.0
8.86	3.0
9.57	4.0
10.31	1.0
11.04	2.0
11.74	3.0
12.41	4.0
13.1	1.0
13.83	2.0
14.54	3.0
15.23	4.0
15.95	1.0
16.67	2.0
17.4	3.0
18.12	4.0
18.83	1.0
19.56	2.0
20.28	3.0
20.99	4.0
21.71	1.0
22.43	2.0
23.15	3.0
23.83	4.0
24.56	1.0
25.28	2.0
25.99	3.0
26.72	4.0
27.46	1.0
28.19	2.0
28.88	3.0
29.6	4.0
30.29	1.0
31.02	2.0
31.73	3.0
32.46	4.0
33.14	1.0
33.84	2.0
34.57	3.0
35.28	4.0
35.99	1.0
36.68	2.0
37.37	3.0
38.09	4.0
38.77	1.0
39.5	2.0
40.21	3.0
40.91	4.0
41.61	1.0
42.33	2.0
43.05	3.0
43.78	4.0
44.49	1.0
45.24	2.0
45.96	3.0
46.69	4.0
47.4	1.0
48.17	2.0
48.85	3.0
49.57	4.0
50.28	1.0
51.01	2.0
51.73	3.0
52.42	4.0
53.12	1.0
53.79	2.0
54.49	3.0
55.22	4.0
55.9	1.0
56.63	2.0
57.36	3.0
58.06	4.0
58.77	1.0
59.49	2.0
60.2	3.0
60.89	4.0
61.63	1.0
62.35	2.0
63.07	3.0
63.8	4.0
64.52	1.0
65.27	2.0
65.96	3.0
66.69	4.0
67.39	1.0
68.09	2.0
68.81	3.0
69.51	4.0
70.22	1.0
70.93	2.0
71.65	3.0
72.32	4.0
73.01	1.0
73.73	2.0
74.45	3.0
75.15	4.0
75.84	1.0
76.56	2.0
77.26	3.0
77.93	4.0
78.63	1.0
79.35	2.0
80.05	3.0
80.75	4.0
81.43	1.0
82.17	2.0
82.89	3.0
83.58	4.0
84.26	1.0
84.97	2.0
85.68	3.0
86.4	4.0
87.11	1.0
87.82	2.0
88.52	3.0
89.24	4.0
89.96	1.0
90.68	2.0
91.36	3.0
92.02	4.0
92.71	1.0
93.42	2.0
94.14	3.0
94.82	4.0
95.53	1.0
96.24	2.0
96.91	3.0
