0.15	1.0
0.81	2.0
1.48	3.0
2.11	4.0
2.77	1.0
3.45	2.0
4.12	3.0
4.77	4.0
5.42	1.0
6.1	2.0
6.76	3.0
7.43	4.0
8.07	1.0
8.75	2.0
9.41	3.0
10.07	4.0
10.73	1.0
11.4	2.0
12.07	3.0
12.73	4.0
13.38	1.0
14.05	2.0
14.72	3.0
15.38	4.0
16.04	1.0
16.71	2.0
17.38	3.0
18.03	4.0
18.69	1.0
19.36	2.0
20.03	3.0
20.69	4.0
21.34	1.0
22.01	2.0
22.67	3.0
23.33	4.0
23.98	1.0
24.66	2.0
25.33	3.0
25.98	4.0
26.64	1.0
27.31	2.0
27.99	3.0
28.64	4.0
29.29	1.0
29.96	2.0
30.63	3.0
31.27	4.0
31.93	1.0
32.61	2.0
33.27	3.0
33.93	4.0
34.59	1.0
35.26	2.0
35.93	3.0
36.58	4.0
37.24	1.0
37.92	2.0
38.58	3.0
39.24	4.0
39.89	1.0
40.56	2.0
41.24	3.0
41.87	4.0
42.54	1.0
43.21	2.0
43.88	3.0
44.54	4.0
45.19	1.0
45.87	2.0
46.52	3.0
47.19	4.0
47.85	1.0
48.52	2.0
49.18	3.0
49.84	4.0
50.49	1.0
51.17	2.0
51.84	3.0
52.49	4.0
53.14	1.0
53.82	2.0
54.48	3.0
55.14	4.0
55.79	1.0
56.47	2.0
57.14	3.0
57.79	4.0
58.45	1.0
59.12	2.0
59.77	3.0
60.44	4.0
61.13	1.0
61.79	2.0
62.45	3.0
63.07	4.0
63.74	1.0
64.42	2.0
65.07	3.0
65.74	4.0
66.4	1.0
67.07	2.0
67.73	3.0
68.4	4.0
69.05	1.0
69.72	2.0
70.39	3.0
71.05	4.0
71.7	1.0
72.37	2.0
73.03	3.0
73.7	4.0
74.35	1.0
75.02	2.0
75.68	3.0
76.34	4.0
77.0	1.0
77.67	2.0
78.34	3.0
79.0	4.0
79.64	1.0
80.33	2.0
80.99	3.0
81.65	4.0
82.3	1.0
82.97	2.0
83.64	3.0
84.3	4.0
84.95	1.0
85.62	2.0
86.29	3.0
86.94	4.0
87.59	1.0
88.27	2.0
88.94	3.0
89.59	4.0
90.25	1.0
90.93	2.0
91.6	3.0
92.25	4.0
92.9	1.0
93.57	2.0
94.24	3.0
94.89	4.0
95.54	1.0
96.22	2.0
96.89	3.0
97.55	4.0
98.2	1.0
98.87	2.0
99.54	3.0
100.19	4.0
100.85	1.0
101.53	2.0
102.2	3.0
102.85	4.0
103.5	1.0
104.17	2.0
104.83	3.0
105.48	4.0
106.15	1.0
106.82	2.0
107.49	3.0
108.14	4.0
108.8	1.0
109.47	2.0
110.13	3.0
110.8	4.0
111.45	1.0
112.13	2.0
112.79	3.0
113.45	4.0
114.1	1.0
114.78	2.0
115.44	3.0
116.1	4.0
116.75	1.0
117.43	2.0
118.09	3.0
118.75	4.0
119.4	1.0
120.07	2.0
120.74	3.0
121.4	4.0
122.06	1.0
122.73	2.0
123.39	3.0
124.06	4.0
124.71	1.0
125.39	2.0
126.04	3.0
126.7	4.0
127.35	1.0
128.03	2.0
128.69	3.0
129.35	4.0
130.01	1.0
130.68	2.0
131.35	3.0
132.01	4.0
132.66	1.0
133.33	2.0
134.0	3.0
134.65	4.0
135.31	1.0
135.97	2.0
136.65	3.0
137.3	4.0
137.95	1.0
138.63	2.0
139.29	3.0
139.95	4.0
140.61	1.0
141.28	2.0
141.95	3.0
142.61	4.0
143.26	1.0
143.93	2.0
144.6	3.0
145.26	4.0
145.91	1.0
146.58	2.0
147.25	3.0
147.9	4.0
148.56	1.0
149.23	2.0
149.9	3.0
150.55	4.0
151.21	1.0
151.88	2.0
152.55	3.0
153.21	4.0
153.86	1.0
154.54	2.0
155.21	3.0
155.86	4.0
156.51	1.0
157.18	2.0
157.85	3.0
158.51	4.0
159.16	1.0
159.83	2.0
160.5	3.0
161.16	4.0
161.81	1.0
162.48	2.0
163.15	3.0
163.81	4.0
164.46	1.0
165.14	2.0
165.81	3.0
166.46	4.0
167.11	1.0
167.79	2.0
168.45	3.0
169.11	4.0
169.77	1.0
170.43	2.0
171.1	3.0
171.75	4.0
172.41	1.0
173.08	2.0
173.75	3.0
174.4	4.0
175.06	1.0
175.73	2.0
176.41	3.0
177.06	4.0
177.71	1.0
178.37	2.0
179.05	3.0
179.7	4.0
180.39	1.0
181.05	2.0
181.7	3.0
182.37	4.0
183.01	1.0
183.69	2.0
184.35	3.0
185.01	4.0
185.65	1.0
186.33	2.0
187.0	3.0
187.66	4.0
188.31	1.0
188.99	2.0
189.66	3.0
190.31	4.0
190.96	1.0
191.63	2.0
192.3	3.0
192.96	4.0
193.61	1.0
194.29	2.0
194.96	3.0
195.61	4.0
196.26	1.0
196.94	2.0
197.61	3.0
198.26	4.0
198.91	1.0
199.59	2.0
200.27	3.0
200.92	4.0
201.57	1.0
202.24	2.0
202.89	3.0
203.56	4.0
204.22	1.0
204.89	2.0
205.55	3.0
206.21	4.0
206.86	1.0
207.53	2.0
208.21	3.0
208.86	4.0
209.52	1.0
210.19	2.0
210.86	3.0
211.51	4.0
212.17	1.0
212.84	2.0
213.51	3.0
214.16	4.0
214.82	1.0
215.49	2.0
216.17	3.0
216.81	4.0
217.46	1.0
218.13	2.0
218.81	3.0
219.46	4.0
220.11	1.0
220.79	2.0
221.46	3.0
222.12	4.0
222.77	1.0
223.44	2.0
224.1	3.0
224.76	4.0
225.42	1.0
226.09	2.0
226.75	3.0
227.41	4.0
