1.83	3.0
2.62	1.0
3.42	2.0
4.16	3.0
4.87	1.0
5.58	2.0
6.35	3.0
7.04	1.0
7.81	2.0
8.55	3.0
9.26	1.0
10.02	2.0
10.72	3.0
11.41	1.0
12.08	2.0
12.77	3.0
13.5	1.0
14.21	2.0
14.89	3.0
15.62	1.0
16.31	2.0
17.02	3.0
17.73	1.0
18.44	2.0
19.12	3.0
19.75	1.0
20.43	2.0
21.1	3.0
21.81	1.0
22.5	2.0
23.2	3.0
23.9	1.0
24.6	2.0
25.32	3.0
25.99	1.0
26.71	2.0
27.41	3.0
28.08	1.0
28.77	2.0
29.49	3.0
30.15	1.0
30.84	2.0
31.54	3.0
32.23	1.0
32.93	2.0
33.62	3.0
34.31	1.0
35.01	2.0
35.73	3.0
36.43	1.0
37.12	2.0
37.83	3.0
38.5	1.0
39.17	2.0
39.86	3.0
40.57	1.0
41.28	2.0
41.98	3.0
42.66	1.0
43.35	2.0
44.05	3.0
44.75	1.0
45.46	2.0
46.15	3.0
46.82	1.0
47.5	2.0
48.2	3.0
48.88	1.0
49.57	2.0
50.25	3.0
50.91	1.0
51.59	2.0
52.26	3.0
52.94	1.0
53.63	2.0
54.32	3.0
54.99	1.0
55.66	2.0
56.35	3.0
57.01	1.0
57.68	2.0
58.36	3.0
59.02	1.0
59.72	2.0
60.4	3.0
61.06	1.0
61.74	2.0
62.44	3.0
63.12	1.0
63.81	2.0
64.49	3.0
65.16	1.0
65.84	2.0
66.53	3.0
67.21	1.0
67.9	2.0
68.59	3.0
69.28	1.0
69.97	2.0
70.69	3.0
71.36	1.0
72.06	2.0
72.74	3.0
73.41	1.0
74.1	2.0
74.79	3.0
75.46	1.0
76.15	2.0
76.84	3.0
77.52	1.0
78.21	2.0
78.9	3.0
79.59	1.0
80.3	2.0
80.97	3.0
81.65	1.0
82.33	2.0
83.02	3.0
83.67	1.0
84.35	2.0
85.04	3.0
85.71	1.0
86.41	2.0
87.07	3.0
87.76	1.0
88.42	2.0
89.11	3.0
89.77	1.0
90.45	2.0
91.14	3.0
91.81	1.0
92.49	2.0
93.17	3.0
93.82	1.0
94.48	2.0
95.13	3.0
95.81	1.0
96.48	2.0
97.16	3.0
97.84	1.0
98.51	2.0
99.19	3.0
99.87	1.0
100.56	2.0
101.23	3.0
101.9	1.0
102.58	2.0
103.26	3.0
103.92	1.0
104.59	2.0
105.28	3.0
105.93	1.0
106.62	2.0
107.29	3.0
107.96	1.0
108.64	2.0
109.33	3.0
109.99	1.0
110.66	2.0
111.35	3.0
112.01	1.0
112.7	2.0
113.38	3.0
114.05	1.0
114.71	2.0
115.42	3.0
116.08	1.0
116.77	2.0
117.45	3.0
118.12	1.0
118.79	2.0
119.48	3.0
120.17	1.0
120.86	2.0
121.53	3.0
122.21	1.0
122.91	2.0
123.59	3.0
124.26	1.0
124.93	2.0
125.6	3.0
126.28	1.0
126.97	2.0
127.65	3.0
128.32	1.0
129.0	2.0
129.68	3.0
130.35	1.0
131.04	2.0
131.73	3.0
132.38	1.0
133.04	2.0
133.71	3.0
134.38	1.0
135.04	2.0
135.69	3.0
136.36	1.0
137.05	2.0
137.75	3.0
138.43	1.0
139.08	2.0
139.76	3.0
140.44	1.0
141.12	2.0
141.82	3.0
142.47	1.0
143.15	2.0
143.83	3.0
144.49	1.0
145.18	2.0
145.86	3.0
146.53	1.0
147.22	2.0
147.9	3.0
148.57	1.0
149.26	2.0
149.94	3.0
150.6	1.0
151.28	2.0
151.94	3.0
152.6	1.0
153.28	2.0
153.95	3.0
154.61	1.0
155.28	2.0
155.96	3.0
156.63	1.0
157.3	2.0
157.96	3.0
158.63	1.0
159.3	2.0
160.0	3.0
160.67	1.0
161.35	2.0
162.04	3.0
162.7	1.0
163.37	2.0
164.01	3.0
164.68	1.0
165.37	2.0
166.07	3.0
166.75	1.0
167.41	2.0
168.09	3.0
168.78	1.0
169.45	2.0
170.15	3.0
170.83	1.0
171.51	2.0
172.17	3.0
172.86	1.0
173.54	2.0
174.25	3.0
174.93	1.0
175.57	2.0
176.27	3.0
176.96	1.0
177.64	2.0
178.34	3.0
179.01	1.0
179.7	2.0
180.37	3.0
181.04	1.0
181.72	2.0
182.4	3.0
183.08	1.0
183.74	2.0
184.4	3.0
185.08	1.0
185.74	2.0
186.42	3.0
187.09	1.0
187.77	2.0
188.44	3.0
189.1	1.0
189.78	2.0
190.43	3.0
191.07	1.0
191.74	2.0
192.43	3.0
193.06	1.0
193.75	2.0
194.42	3.0
195.09	1.0
195.76	2.0
196.43	3.0
197.09	1.0
197.76	2.0
198.44	3.0
199.1	1.0
199.76	2.0
200.45	3.0
201.09	1.0
201.74	2.0
202.42	3.0
203.08	1.0
203.77	2.0
204.45	3.0
205.1	1.0
205.76	2.0
206.43	3.0
207.09	1.0
207.74	2.0
208.39	3.0
209.07	1.0
209.73	2.0
210.39	3.0
211.05	1.0
211.72	2.0
212.38	3.0
213.05	1.0
213.7	2.0
214.37	3.0
215.02	1.0
215.7	2.0
216.35	3.0
217.01	1.0
217.65	2.0
218.31	3.0
218.98	1.0
219.64	2.0
220.31	3.0
220.98	1.0
221.62	2.0
222.25	3.0
222.91	1.0
223.58	2.0
224.26	3.0
224.91	1.0
225.57	2.0
226.25	3.0
226.91	1.0
227.57	2.0
228.25	3.0
228.92	1.0
229.58	2.0
230.24	3.0
230.89	1.0
231.56	2.0
232.25	3.0
232.91	1.0
233.58	2.0
234.26	3.0
234.91	1.0
235.58	2.0
236.24	3.0
236.88	1.0
237.55	2.0
238.2	3.0
238.88	1.0
239.54	2.0
240.23	3.0
240.88	1.0
241.56	2.0
242.21	3.0
242.88	1.0
243.55	2.0
244.2	3.0
244.85	1.0
245.55	2.0
246.21	3.0
246.88	1.0
247.58	2.0
248.24	3.0
248.91	1.0
249.6	2.0
250.3	3.0
250.95	1.0
251.64	2.0
252.32	3.0
252.99	1.0
253.67	2.0
254.34	3.0
255.02	1.0
255.7	2.0
256.36	3.0
257.04	1.0
257.71	2.0
258.39	3.0
259.06	1.0
259.71	2.0
260.37	3.0
261.04	1.0
261.7	2.0
262.37	3.0
263.05	1.0
263.7	2.0
264.36	3.0
265.03	1.0
265.69	2.0
266.36	3.0
267.01	1.0
267.69	2.0
268.34	3.0
268.99	1.0
269.65	2.0
270.28	3.0
270.96	1.0
271.61	2.0
272.28	3.0
272.97	1.0
273.6	2.0
274.27	3.0
274.92	1.0
275.55	2.0
276.19	3.0
276.86	1.0
277.52	2.0
278.18	3.0
278.84	1.0
279.5	2.0
280.19	3.0
280.84	1.0
281.5	2.0
282.18	3.0
282.83	1.0
283.51	2.0
284.15	3.0
284.8	1.0
285.43	2.0
286.11	3.0
286.77	1.0
287.45	2.0
288.12	3.0
288.78	1.0
289.44	2.0
290.12	3.0
290.79	1.0
291.46	2.0
292.12	3.0
292.78	1.0
293.44	2.0
294.12	3.0
294.78	1.0
295.44	2.0
296.1	3.0
296.75	1.0
297.42	2.0
298.07	3.0
298.74	1.0
299.41	2.0
300.07	3.0
300.73	1.0
301.4	2.0
302.08	3.0
302.74	1.0
303.41	2.0
304.1	3.0
304.73	1.0
305.4	2.0
306.04	3.0
306.71	1.0
307.39	2.0
308.06	3.0
308.73	1.0
309.38	2.0
310.06	3.0
310.72	1.0
311.4	2.0
312.06	3.0
312.7	1.0
313.37	2.0
314.05	3.0
314.69	1.0
315.36	2.0
316.03	3.0
316.69	1.0
317.35	2.0
318.01	3.0
318.69	1.0
319.34	2.0
320.0	3.0
320.67	1.0
321.37	2.0
322.05	3.0
322.7	1.0
323.42	2.0
324.12	3.0
324.8	1.0
325.47	2.0
326.17	3.0
326.88	1.0
327.6	2.0
328.37	3.0
329.13	1.0
329.96	2.0
