0.18	1.0
0.46	2.0
0.74	3.0
1.01	4.0
1.29	1.0
1.57	2.0
1.85	3.0
2.14	4.0
2.43	1.0
2.71	2.0
3.0	3.0
3.29	4.0
3.57	1.0
3.85	2.0
4.14	3.0
4.43	4.0
4.71	1.0
5.0	2.0
5.28	3.0
5.56	4.0
5.85	1.0
6.14	2.0
6.43	3.0
6.72	4.0
7.0	1.0
7.3	2.0
7.59	3.0
7.88	4.0
8.15	1.0
8.43	2.0
8.72	3.0
9.0	4.0
9.28	1.0
9.56	2.0
9.84	3.0
10.13	4.0
10.41	1.0
10.71	2.0
11.0	3.0
11.29	4.0
11.58	1.0
11.87	2.0
12.16	3.0
12.45	4.0
12.74	1.0
13.03	2.0
13.31	3.0
13.6	4.0
13.88	1.0
14.17	2.0
14.45	3.0
14.74	4.0
15.03	1.0
15.32	2.0
15.61	3.0
15.9	4.0
16.19	1.0
16.48	2.0
16.77	3.0
17.06	4.0
17.34	1.0
17.63	2.0
17.92	3.0
18.21	4.0
18.49	1.0
18.78	2.0
19.06	3.0
19.35	4.0
19.64	1.0
19.93	2.0
20.23	3.0
20.52	4.0
20.81	1.0
21.1	2.0
21.38	3.0
21.68	4.0
21.96	1.0
22.25	2.0
22.54	3.0
22.83	4.0
23.11	1.0
23.4	2.0
23.69	3.0
23.97	4.0
24.26	1.0
24.56	2.0
24.85	3.0
25.14	4.0
25.42	1.0
25.72	2.0
26.0	3.0
26.28	4.0
26.56	1.0
26.85	2.0
27.13	3.0
27.41	4.0
27.68	1.0
27.97	2.0
28.25	3.0
28.53	4.0
28.81	1.0
29.09	2.0
29.37	3.0
29.65	4.0
29.94	1.0
30.23	2.0
30.52	3.0
30.81	4.0
31.09	1.0
31.38	2.0
31.67	3.0
31.96	4.0
32.23	1.0
32.52	2.0
32.79	3.0
33.08	4.0
33.36	1.0
33.65	2.0
33.94	3.0
34.23	4.0
34.51	1.0
34.81	2.0
35.09	3.0
35.37	4.0
35.66	1.0
35.94	2.0
36.22	3.0
36.49	4.0
36.78	1.0
37.06	2.0
37.33	3.0
37.61	4.0
37.89	1.0
38.18	2.0
38.47	3.0
38.76	4.0
39.06	1.0
39.34	2.0
39.61	3.0
39.9	4.0
40.19	1.0
40.48	2.0
40.77	3.0
41.06	4.0
41.34	1.0
41.62	2.0
41.91	3.0
42.19	4.0
42.46	1.0
42.75	2.0
43.04	3.0
43.32	4.0
43.61	1.0
43.89	2.0
44.17	3.0
44.46	4.0
44.74	1.0
45.03	2.0
45.31	3.0
45.6	4.0
45.89	1.0
46.17	2.0
46.45	3.0
46.72	4.0
47.0	1.0
47.29	2.0
47.58	3.0
47.87	4.0
48.15	1.0
48.45	2.0
48.73	3.0
49.02	4.0
49.29	1.0
49.58	2.0
49.86	3.0
50.14	4.0
50.41	1.0
50.69	2.0
50.97	3.0
51.25	4.0
51.54	1.0
51.84	2.0
52.13	3.0
52.42	4.0
52.71	1.0
52.99	2.0
53.29	3.0
53.57	4.0
53.86	1.0
54.15	2.0
54.45	3.0
54.74	4.0
55.03	1.0
55.32	2.0
55.62	3.0
55.91	4.0
56.21	1.0
56.52	2.0
56.81	3.0
57.09	4.0
57.38	1.0
57.68	2.0
57.97	3.0
58.26	4.0
58.54	1.0
58.83	2.0
59.11	3.0
59.39	4.0
59.67	1.0
59.94	2.0
60.23	3.0
60.51	4.0
60.78	1.0
61.06	2.0
61.34	3.0
61.63	4.0
61.91	1.0
62.2	2.0
62.48	3.0
62.78	4.0
63.05	1.0
63.34	2.0
63.61	3.0
63.9	4.0
64.17	1.0
64.46	2.0
64.74	3.0
65.02	4.0
65.3	1.0
65.59	2.0
65.87	3.0
66.17	4.0
66.45	1.0
66.73	2.0
67.02	3.0
67.29	4.0
67.58	1.0
67.86	2.0
68.14	3.0
68.43	4.0
68.7	1.0
68.99	2.0
69.27	3.0
69.55	4.0
69.84	1.0
70.12	2.0
70.42	3.0
70.7	4.0
70.98	1.0
71.27	2.0
71.55	3.0
71.83	4.0
72.1	1.0
72.4	2.0
72.68	3.0
72.97	4.0
73.25	1.0
73.53	2.0
73.81	3.0
74.1	4.0
74.37	1.0
74.66	2.0
74.93	3.0
75.22	4.0
75.5	1.0
75.78	2.0
76.06	3.0
76.34	4.0
76.62	1.0
76.9	2.0
77.18	3.0
77.46	4.0
77.74	1.0
78.02	2.0
78.29	3.0
78.57	4.0
78.85	1.0
79.13	2.0
79.41	3.0
79.7	4.0
79.97	1.0
80.26	2.0
80.54	3.0
80.82	4.0
81.11	1.0
81.39	2.0
81.68	3.0
81.97	4.0
82.25	1.0
82.54	2.0
82.82	3.0
83.1	4.0
83.38	1.0
83.66	2.0
83.95	3.0
84.24	4.0
84.53	1.0
84.82	2.0
85.1	3.0
85.39	4.0
85.67	1.0
85.95	2.0
86.23	3.0
86.51	4.0
86.79	1.0
87.08	2.0
87.36	3.0
87.63	4.0
87.91	1.0
88.19	2.0
88.48	3.0
88.76	4.0
89.04	1.0
89.34	2.0
89.62	3.0
89.92	4.0
90.2	1.0
90.5	2.0
90.78	3.0
91.06	4.0
91.34	1.0
91.63	2.0
91.91	3.0
92.18	4.0
92.46	1.0
92.75	2.0
93.03	3.0
93.32	4.0
93.6	1.0
93.9	2.0
94.18	3.0
94.47	4.0
94.76	1.0
95.05	2.0
95.32	3.0
95.61	4.0
95.89	1.0
96.17	2.0
96.45	3.0
96.73	4.0
97.0	1.0
97.29	2.0
97.57	3.0
97.86	4.0
98.14	1.0
98.44	2.0
98.73	3.0
99.01	4.0
99.3	1.0
99.58	2.0
99.87	3.0
100.16	4.0
100.44	1.0
100.74	2.0
101.01	3.0
101.3	4.0
101.58	1.0
101.86	2.0
102.15	3.0
102.45	4.0
102.73	1.0
103.03	2.0
103.32	3.0
103.6	4.0
103.88	1.0
104.16	2.0
104.44	3.0
104.72	4.0
105.0	1.0
105.28	2.0
105.56	3.0
105.83	4.0
106.11	1.0
106.4	2.0
106.67	3.0
106.95	4.0
107.23	1.0
107.52	2.0
107.8	3.0
108.08	4.0
108.37	1.0
108.66	2.0
108.94	3.0
109.23	4.0
109.51	1.0
109.79	2.0
110.08	3.0
110.36	4.0
110.64	1.0
110.92	2.0
111.21	3.0
111.5	4.0
111.79	1.0
112.08	2.0
112.36	3.0
112.65	4.0
112.94	1.0
113.22	2.0
113.5	3.0
113.79	4.0
114.07	1.0
114.35	2.0
114.63	3.0
114.91	4.0
115.19	1.0
115.48	2.0
115.76	3.0
116.06	4.0
116.34	1.0
116.63	2.0
116.91	3.0
117.19	4.0
117.47	1.0
117.75	2.0
118.03	3.0
118.31	4.0
118.59	1.0
118.87	2.0
119.14	3.0
119.42	4.0
119.71	1.0
120.0	2.0
120.3	3.0
120.59	4.0
120.88	1.0
121.17	2.0
121.46	3.0
121.74	4.0
122.03	1.0
122.33	2.0
122.62	3.0
122.9	4.0
123.2	1.0
123.48	2.0
123.77	3.0
124.06	4.0
124.35	1.0
124.65	2.0
124.94	3.0
125.23	4.0
125.52	1.0
125.8	2.0
126.1	3.0
126.38	4.0
126.67	1.0
126.95	2.0
127.24	3.0
127.52	4.0
127.79	1.0
128.08	2.0
128.36	3.0
128.64	4.0
128.91	1.0
129.19	2.0
129.47	3.0
129.76	4.0
130.04	1.0
130.33	2.0
130.6	3.0
130.89	4.0
131.16	1.0
131.45	2.0
131.73	3.0
132.01	4.0
132.29	1.0
132.57	2.0
132.85	3.0
133.13	4.0
133.42	1.0
133.71	2.0
133.99	3.0
134.29	4.0
134.57	1.0
134.86	2.0
135.14	3.0
135.42	4.0
135.7	1.0
135.98	2.0
136.26	3.0
136.54	4.0
136.82	1.0
137.11	2.0
137.38	3.0
137.66	4.0
137.95	1.0
138.23	2.0
138.51	3.0
138.81	4.0
139.09	1.0
139.38	2.0
139.67	3.0
139.95	4.0
140.23	1.0
140.52	2.0
140.8	3.0
141.08	4.0
141.35	1.0
141.64	2.0
141.92	3.0
142.2	4.0
142.48	1.0
142.77	2.0
143.05	3.0
143.35	4.0
143.63	1.0
143.92	2.0
144.2	3.0
144.48	4.0
144.77	1.0
145.05	2.0
145.33	3.0
145.61	4.0
145.89	1.0
146.17	2.0
146.45	3.0
146.73	4.0
147.0	1.0
147.29	2.0
147.57	3.0
147.85	4.0
148.13	1.0
148.41	2.0
148.69	3.0
148.97	4.0
149.24	1.0
149.53	2.0
149.8	3.0
150.08	4.0
150.37	1.0
150.64	2.0
150.92	3.0
151.2	4.0
151.48	1.0
151.76	2.0
152.04	3.0
152.32	4.0
152.61	1.0
152.89	2.0
153.18	3.0
153.46	4.0
153.74	1.0
154.03	2.0
154.31	3.0
154.59	4.0
154.86	1.0
155.15	2.0
155.42	3.0
155.71	4.0
155.98	1.0
156.26	2.0
156.54	3.0
156.83	4.0
157.11	1.0
157.4	2.0
157.68	3.0
157.98	4.0
158.26	1.0
158.55	2.0
158.84	3.0
159.13	4.0
159.4	1.0
159.69	2.0
159.97	3.0
160.26	4.0
160.54	1.0
160.84	2.0
161.12	3.0
161.42	4.0
161.7	1.0
161.98	2.0
162.26	3.0
162.55	4.0
162.82	1.0
163.1	2.0
163.39	3.0
163.67	4.0
163.95	1.0
164.23	2.0
164.51	3.0
164.78	4.0
165.06	1.0
165.34	2.0
165.62	3.0
165.91	4.0
166.2	1.0
166.49	2.0
166.77	3.0
167.07	4.0
167.35	1.0
167.64	2.0
167.93	3.0
168.21	4.0
168.49	1.0
168.77	2.0
169.05	3.0
169.33	4.0
169.62	1.0
169.91	2.0
170.2	3.0
170.48	4.0
170.78	1.0
171.06	2.0
171.35	3.0
171.64	4.0
171.93	1.0
172.21	2.0
172.49	3.0
172.78	4.0
173.05	1.0
173.34	2.0
173.61	3.0
173.9	4.0
174.18	1.0
174.45	2.0
174.74	3.0
175.02	4.0
175.32	1.0
175.6	2.0
175.89	3.0
176.17	4.0
176.45	1.0
176.74	2.0
177.01	3.0
177.3	4.0
177.57	1.0
177.86	2.0
178.14	3.0
178.42	4.0
178.7	1.0
179.0	2.0
179.28	3.0
179.56	4.0
179.84	1.0
180.13	2.0
180.41	3.0
180.69	4.0
180.97	1.0
181.26	2.0
181.55	3.0
181.84	4.0
182.12	1.0
182.4	2.0
182.68	3.0
182.95	4.0
183.23	1.0
183.51	2.0
183.8	3.0
184.08	4.0
184.35	1.0
184.64	2.0
184.92	3.0
185.2	4.0
185.49	1.0
185.78	2.0
186.07	3.0
186.36	4.0
186.64	1.0
186.91	2.0
187.2	3.0
187.47	4.0
187.76	1.0
188.04	2.0
188.32	3.0
188.61	4.0
188.9	1.0
189.19	2.0
189.47	3.0
189.76	4.0
190.05	1.0
190.35	2.0
190.64	3.0
190.92	4.0
191.22	1.0
191.5	2.0
191.79	3.0
192.1	4.0
192.42	1.0
192.72	2.0
193.04	3.0
193.34	4.0
193.66	1.0
193.99	2.0
194.31	3.0
194.63	4.0
194.95	1.0
195.27	2.0
195.58	3.0
195.91	4.0
196.23	1.0
196.54	2.0
196.87	3.0
197.19	4.0
197.51	1.0
197.82	2.0
198.14	3.0
