0.78	3.0
1.22	4.0
1.68	1.0
2.17	2.0
2.63	3.0
3.1	4.0
3.55	1.0
4.0	2.0
4.46	3.0
4.91	4.0
5.36	1.0
5.81	2.0
6.28	3.0
6.72	4.0
7.17	1.0
7.62	2.0
8.08	3.0
8.53	4.0
8.98	1.0
9.43	2.0
9.88	3.0
10.34	4.0
10.79	1.0
11.23	2.0
11.7	3.0
12.14	4.0
12.6	1.0
13.05	2.0
13.51	3.0
13.96	4.0
14.42	1.0
14.87	2.0
15.33	3.0
15.79	4.0
16.28	1.0
16.76	2.0
17.24	3.0
17.69	4.0
18.16	1.0
18.62	2.0
19.09	3.0
19.55	4.0
20.0	1.0
20.47	2.0
20.94	3.0
21.4	4.0
21.86	1.0
22.33	2.0
22.8	3.0
23.25	4.0
23.71	1.0
24.17	2.0
24.63	3.0
25.1	4.0
25.57	1.0
26.04	2.0
26.5	3.0
26.96	4.0
27.42	1.0
27.89	2.0
28.36	3.0
28.81	4.0
29.27	1.0
29.74	2.0
30.21	3.0
30.67	4.0
31.14	1.0
31.61	2.0
32.08	3.0
32.54	4.0
33.0	1.0
33.47	2.0
33.94	3.0
34.41	4.0
34.86	1.0
35.33	2.0
35.8	3.0
36.26	4.0
36.72	1.0
37.2	2.0
37.66	3.0
38.12	4.0
38.59	1.0
39.05	2.0
39.52	3.0
39.98	4.0
40.45	1.0
40.92	2.0
41.38	3.0
41.85	4.0
42.31	1.0
42.79	2.0
43.25	3.0
43.72	4.0
44.18	1.0
44.63	2.0
45.09	3.0
45.57	4.0
46.08	1.0
46.58	2.0
47.05	3.0
47.52	4.0
47.98	1.0
48.45	2.0
48.93	3.0
49.39	4.0
49.84	1.0
50.31	2.0
50.78	3.0
51.24	4.0
51.71	1.0
52.16	2.0
52.64	3.0
53.1	4.0
53.57	1.0
54.02	2.0
54.5	3.0
54.96	4.0
55.44	1.0
55.91	2.0
56.38	3.0
56.83	4.0
57.3	1.0
57.76	2.0
58.22	3.0
58.69	4.0
59.16	1.0
59.61	2.0
60.07	3.0
60.53	4.0
61.0	1.0
61.46	2.0
61.94	3.0
62.4	4.0
62.87	1.0
63.33	2.0
63.8	3.0
64.25	4.0
64.71	1.0
65.18	2.0
65.64	3.0
66.1	4.0
66.58	1.0
67.05	2.0
67.52	3.0
67.97	4.0
68.44	1.0
68.91	2.0
69.37	3.0
69.84	4.0
70.3	1.0
70.77	2.0
71.24	3.0
71.7	4.0
72.17	1.0
72.64	2.0
73.1	3.0
73.57	4.0
74.04	1.0
74.51	2.0
74.98	3.0
75.48	4.0
75.95	1.0
76.43	2.0
76.91	3.0
77.38	4.0
77.84	1.0
78.32	2.0
78.79	3.0
79.24	4.0
79.7	1.0
80.18	2.0
80.64	3.0
81.11	4.0
81.58	1.0
82.08	2.0
82.56	3.0
83.03	4.0
83.5	1.0
84.0	2.0
84.47	3.0
84.93	4.0
85.42	1.0
85.88	2.0
86.35	3.0
86.81	4.0
87.29	1.0
87.77	2.0
88.24	3.0
88.71	4.0
89.17	1.0
89.64	2.0
90.11	3.0
90.57	4.0
91.02	1.0
91.49	2.0
91.98	3.0
92.44	4.0
92.91	1.0
93.39	2.0
93.86	3.0
94.32	4.0
94.81	1.0
95.28	2.0
95.76	3.0
96.22	4.0
96.71	1.0
97.17	2.0
97.65	3.0
98.11	4.0
98.61	1.0
99.07	2.0
99.55	3.0
100.02	4.0
100.5	1.0
100.97	2.0
101.46	3.0
101.92	4.0
102.4	1.0
102.87	2.0
103.34	3.0
103.82	4.0
104.29	1.0
104.75	2.0
105.22	3.0
105.69	4.0
106.17	1.0
106.65	2.0
107.13	3.0
107.59	4.0
108.07	1.0
108.55	2.0
109.03	3.0
109.5	4.0
109.95	1.0
110.46	2.0
110.95	3.0
111.42	4.0
111.91	1.0
112.38	2.0
112.85	3.0
113.34	4.0
113.8	1.0
114.29	2.0
114.78	3.0
115.25	4.0
115.71	1.0
116.19	2.0
116.66	3.0
117.12	4.0
117.6	1.0
118.08	2.0
118.55	3.0
119.01	4.0
119.48	1.0
119.96	2.0
120.44	3.0
120.9	4.0
121.37	1.0
121.84	2.0
122.32	3.0
122.79	4.0
123.26	1.0
123.73	2.0
124.2	3.0
124.66	4.0
125.13	1.0
125.6	2.0
126.07	3.0
126.54	4.0
127.01	1.0
127.48	2.0
127.95	3.0
128.42	4.0
128.88	1.0
129.36	2.0
129.83	3.0
130.29	4.0
130.77	1.0
131.23	2.0
131.71	3.0
132.17	4.0
132.63	1.0
133.1	2.0
133.56	3.0
134.03	4.0
134.5	1.0
134.97	2.0
135.44	3.0
135.9	4.0
136.36	1.0
136.84	2.0
137.32	3.0
137.78	4.0
138.25	1.0
138.72	2.0
139.2	3.0
139.66	4.0
140.13	1.0
140.6	2.0
141.06	3.0
141.52	4.0
141.99	1.0
142.48	2.0
142.95	3.0
143.42	4.0
143.88	1.0
144.36	2.0
144.84	3.0
145.3	4.0
145.77	1.0
146.23	2.0
146.71	3.0
147.18	4.0
147.65	1.0
148.11	2.0
148.58	3.0
149.05	4.0
149.51	1.0
149.97	2.0
150.45	3.0
150.9	4.0
151.37	1.0
151.84	2.0
152.32	3.0
152.79	4.0
153.26	1.0
153.73	2.0
154.19	3.0
154.66	4.0
155.13	1.0
155.59	2.0
156.06	3.0
156.51	4.0
156.99	1.0
157.45	2.0
157.91	3.0
158.37	4.0
158.83	1.0
159.31	2.0
159.78	3.0
160.25	4.0
160.72	1.0
161.2	2.0
161.68	3.0
162.14	4.0
162.6	1.0
163.06	2.0
163.54	3.0
164.0	4.0
164.47	1.0
164.93	2.0
165.4	3.0
165.87	4.0
166.35	1.0
166.81	2.0
167.28	3.0
167.74	4.0
168.22	1.0
168.67	2.0
169.15	3.0
169.61	4.0
170.06	1.0
170.54	2.0
171.01	3.0
171.47	4.0
171.92	1.0
172.4	2.0
172.86	3.0
173.31	4.0
173.76	1.0
174.24	2.0
174.7	3.0
175.17	4.0
175.63	1.0
176.09	2.0
176.55	3.0
177.02	4.0
177.48	1.0
177.94	2.0
178.4	3.0
178.86	4.0
179.32	1.0
179.79	2.0
180.25	3.0
180.7	4.0
181.18	1.0
181.65	2.0
182.11	3.0
182.57	4.0
183.03	1.0
183.49	2.0
183.96	3.0
184.43	4.0
184.91	1.0
185.36	2.0
185.83	3.0
186.33	4.0
186.81	1.0
187.29	2.0
187.76	3.0
188.23	4.0
188.72	1.0
189.2	2.0
189.69	3.0
190.15	4.0
190.63	1.0
