0.67	1.0
1.27	2.0
1.82	3.0
2.42	4.0
2.96	1.0
3.46	2.0
4.02	3.0
4.52	4.0
5.08	1.0
5.61	2.0
6.18	3.0
6.7	4.0
7.28	1.0
7.81	2.0
8.37	3.0
8.95	4.0
9.53	1.0
10.1	2.0
10.68	3.0
11.26	4.0
11.83	1.0
12.41	2.0
12.99	3.0
13.57	4.0
14.14	1.0
14.72	2.0
15.29	3.0
15.87	4.0
16.45	1.0
17.03	2.0
17.6	3.0
18.18	4.0
18.76	1.0
19.33	2.0
19.91	3.0
20.49	4.0
21.06	1.0
21.64	2.0
22.22	3.0
22.8	4.0
23.37	1.0
23.95	2.0
24.53	3.0
25.11	4.0
25.68	1.0
26.26	2.0
26.83	3.0
27.41	4.0
27.99	1.0
28.56	2.0
29.14	3.0
29.72	4.0
30.3	1.0
30.88	2.0
31.45	3.0
32.03	4.0
32.61	1.0
33.18	2.0
33.76	3.0
34.34	4.0
34.91	1.0
35.49	2.0
36.07	3.0
36.64	4.0
37.22	1.0
37.79	2.0
38.37	3.0
38.95	4.0
39.53	1.0
40.11	2.0
40.68	3.0
41.26	4.0
41.84	1.0
42.41	2.0
42.99	3.0
43.57	4.0
44.14	1.0
44.73	2.0
45.3	3.0
45.88	4.0
46.46	1.0
47.03	2.0
47.61	3.0
48.18	4.0
48.76	1.0
49.34	2.0
49.91	3.0
50.49	4.0
51.07	1.0
51.64	2.0
52.22	3.0
52.8	4.0
53.37	1.0
53.96	2.0
54.53	3.0
55.11	4.0
55.69	1.0
56.26	2.0
56.84	3.0
57.42	4.0
57.99	1.0
58.57	2.0
59.14	3.0
59.73	4.0
60.3	1.0
60.88	2.0
61.45	3.0
62.03	4.0
62.61	1.0
63.19	2.0
63.76	3.0
64.34	4.0
64.92	1.0
65.49	2.0
66.07	3.0
66.65	4.0
67.22	1.0
67.8	2.0
68.38	3.0
68.96	4.0
69.54	1.0
70.11	2.0
70.69	3.0
71.27	4.0
71.84	1.0
72.42	2.0
72.99	3.0
73.57	4.0
74.15	1.0
74.72	2.0
75.3	3.0
75.88	4.0
76.45	1.0
77.04	2.0
77.61	3.0
78.19	4.0
78.77	1.0
79.34	2.0
79.92	3.0
80.5	4.0
81.07	1.0
81.65	2.0
82.22	3.0
82.8	4.0
83.39	1.0
83.96	2.0
84.53	3.0
85.11	4.0
85.69	1.0
86.27	2.0
86.84	3.0
87.42	4.0
88.0	1.0
88.57	2.0
89.15	3.0
89.73	4.0
90.3	1.0
90.88	2.0
91.46	3.0
92.04	4.0
92.62	1.0
93.19	2.0
93.77	3.0
94.35	4.0
94.92	1.0
95.5	2.0
96.07	3.0
96.65	4.0
97.23	1.0
97.8	2.0
98.38	3.0
98.96	4.0
99.53	1.0
100.12	2.0
100.69	3.0
101.27	4.0
101.85	1.0
102.42	2.0
103.0	3.0
103.57	4.0
104.15	1.0
104.73	2.0
105.3	3.0
105.88	4.0
106.46	1.0
107.03	2.0
107.61	3.0
108.19	4.0
108.76	1.0
109.34	2.0
109.92	3.0
110.5	4.0
111.08	1.0
111.65	2.0
112.23	3.0
112.81	4.0
113.38	1.0
113.96	2.0
114.54	3.0
115.12	4.0
115.69	1.0
116.27	2.0
116.84	3.0
117.42	4.0
118.0	1.0
118.58	2.0
119.15	3.0
119.73	4.0
120.31	1.0
120.88	2.0
121.46	3.0
122.04	4.0
122.61	1.0
123.2	2.0
123.77	3.0
124.35	4.0
124.93	1.0
125.5	2.0
126.08	3.0
126.66	4.0
127.23	1.0
127.81	2.0
128.38	3.0
128.96	4.0
129.54	1.0
130.11	2.0
130.69	3.0
131.27	4.0
131.85	1.0
132.43	2.0
133.0	3.0
133.58	4.0
134.16	1.0
134.73	2.0
135.31	3.0
135.89	4.0
136.46	1.0
137.04	2.0
137.62	3.0
138.2	4.0
138.77	1.0
139.35	2.0
139.92	3.0
140.5	4.0
141.08	1.0
141.66	2.0
142.23	3.0
142.81	4.0
143.39	1.0
143.96	2.0
144.54	3.0
145.12	4.0
145.69	1.0
146.27	2.0
146.85	3.0
147.43	4.0
148.01	1.0
148.58	2.0
149.15	3.0
149.73	4.0
150.31	1.0
150.89	2.0
151.46	3.0
152.04	4.0
152.62	1.0
153.19	2.0
153.77	3.0
154.35	4.0
154.92	1.0
155.51	2.0
156.08	3.0
156.66	4.0
157.24	1.0
157.81	2.0
158.39	3.0
158.97	4.0
159.54	1.0
160.12	2.0
160.7	3.0
161.28	4.0
161.86	1.0
162.43	2.0
163.01	3.0
163.58	4.0
164.16	1.0
164.74	2.0
165.31	3.0
165.89	4.0
166.47	1.0
167.05	2.0
167.62	3.0
168.21	4.0
168.77	1.0
169.37	2.0
169.93	3.0
170.51	4.0
171.09	1.0
171.68	2.0
172.29	3.0
172.89	4.0
173.44	1.0
174.01	2.0
174.54	3.0
175.12	4.0
175.7	1.0
176.27	2.0
176.85	3.0
177.43	4.0
178.0	1.0
178.59	2.0
179.16	3.0
179.74	4.0
180.32	1.0
180.89	2.0
181.47	3.0
182.05	4.0
182.62	1.0
183.2	2.0
183.77	3.0
184.36	4.0
184.93	1.0
185.5	2.0
186.08	3.0
186.66	4.0
187.24	1.0
187.82	2.0
188.39	3.0
188.97	4.0
189.55	1.0
190.12	2.0
190.7	3.0
191.28	4.0
191.85	1.0
192.43	2.0
193.0	3.0
193.59	4.0
194.16	1.0
194.74	2.0
195.31	3.0
195.89	4.0
196.47	1.0
197.05	2.0
197.62	3.0
198.2	4.0
198.78	1.0
199.35	2.0
199.93	3.0
200.51	4.0
201.08	1.0
201.67	2.0
202.24	3.0
202.82	4.0
203.4	1.0
203.97	2.0
204.54	3.0
205.13	4.0
205.7	1.0
206.28	2.0
206.86	3.0
207.43	4.0
208.01	1.0
208.58	2.0
209.16	3.0
209.74	4.0
210.31	1.0
210.9	2.0
211.47	3.0
212.05	4.0
212.63	1.0
213.2	2.0
213.77	3.0
214.35	4.0
214.93	1.0
215.5	2.0
