4.67	3.0
5.1	4.0
5.55	1.0
5.98	2.0
6.41	3.0
6.84	4.0
7.27	1.0
7.69	2.0
8.13	3.0
8.55	4.0
8.98	1.0
9.41	2.0
9.84	3.0
10.27	4.0
10.7	1.0
11.12	2.0
11.56	3.0
11.98	4.0
12.42	1.0
12.85	2.0
13.27	3.0
13.68	4.0
14.11	1.0
14.56	2.0
14.99	3.0
15.42	4.0
15.83	1.0
16.27	2.0
16.7	3.0
17.14	4.0
17.56	1.0
17.99	2.0
18.41	3.0
18.84	4.0
19.24	1.0
19.69	2.0
20.11	3.0
20.55	4.0
20.97	1.0
21.4	2.0
21.84	3.0
22.27	4.0
22.7	1.0
23.11	2.0
23.56	3.0
23.99	4.0
24.42	1.0
24.84	2.0
25.28	3.0
25.7	4.0
26.13	1.0
26.56	2.0
26.99	3.0
27.42	4.0
27.84	1.0
28.27	2.0
28.7	3.0
29.13	4.0
29.56	1.0
29.98	2.0
30.41	3.0
30.84	4.0
31.27	1.0
31.7	2.0
32.12	3.0
32.56	4.0
32.98	1.0
33.42	2.0
33.85	3.0
34.28	4.0
34.7	1.0
35.13	2.0
35.56	3.0
35.99	4.0
36.42	1.0
36.85	2.0
37.28	3.0
37.7	4.0
38.13	1.0
38.56	2.0
38.99	3.0
39.42	4.0
39.85	1.0
40.27	2.0
40.7	3.0
41.13	4.0
41.56	1.0
41.99	2.0
42.42	3.0
42.85	4.0
43.27	1.0
43.71	2.0
44.13	3.0
44.56	4.0
44.99	1.0
45.42	2.0
45.85	3.0
46.28	4.0
46.7	1.0
47.13	2.0
47.56	3.0
47.99	4.0
48.42	1.0
48.85	2.0
49.28	3.0
49.7	4.0
50.13	1.0
50.56	2.0
50.99	3.0
51.42	4.0
51.85	1.0
52.28	2.0
52.71	3.0
53.13	4.0
53.56	1.0
53.99	2.0
54.42	3.0
54.85	4.0
55.28	1.0
55.71	2.0
56.14	3.0
56.56	4.0
56.99	1.0
57.42	2.0
57.85	3.0
58.28	4.0
58.7	1.0
59.14	2.0
59.56	3.0
59.99	4.0
60.42	1.0
60.85	2.0
61.27	3.0
61.71	4.0
62.14	1.0
62.56	2.0
62.99	3.0
63.42	4.0
63.85	1.0
64.28	2.0
64.71	3.0
65.14	4.0
65.56	1.0
65.99	2.0
66.42	3.0
66.85	4.0
67.28	1.0
67.71	2.0
68.13	3.0
68.57	4.0
68.99	1.0
69.42	2.0
69.85	3.0
70.28	4.0
70.7	1.0
71.14	2.0
71.56	3.0
71.99	4.0
72.42	1.0
72.85	2.0
73.28	3.0
73.71	4.0
74.13	1.0
74.56	2.0
74.99	3.0
75.42	4.0
75.85	1.0
76.28	2.0
76.71	3.0
77.14	4.0
77.56	1.0
77.99	2.0
78.42	3.0
78.85	4.0
79.28	1.0
79.71	2.0
80.14	3.0
80.56	4.0
80.99	1.0
81.42	2.0
81.85	3.0
82.28	4.0
82.71	1.0
83.14	2.0
83.57	3.0
83.99	4.0
84.42	1.0
84.85	2.0
85.28	3.0
85.71	4.0
86.14	1.0
86.57	2.0
86.99	3.0
87.42	4.0
87.85	1.0
88.28	2.0
88.71	3.0
89.14	4.0
89.56	1.0
90.0	2.0
90.42	3.0
90.85	4.0
91.28	1.0
91.71	2.0
92.14	3.0
92.57	4.0
92.99	1.0
93.42	2.0
93.85	3.0
94.28	4.0
94.7	1.0
95.14	2.0
95.56	3.0
95.99	4.0
96.42	1.0
96.85	2.0
97.28	3.0
97.71	4.0
98.14	1.0
98.57	2.0
98.99	3.0
99.42	4.0
99.85	1.0
100.28	2.0
100.71	3.0
101.14	4.0
101.57	1.0
101.99	2.0
102.42	3.0
102.85	4.0
103.28	1.0
103.71	2.0
104.14	3.0
104.57	4.0
105.0	1.0
105.42	2.0
105.85	3.0
106.28	4.0
106.71	1.0
107.14	2.0
107.57	3.0
108.0	4.0
108.42	1.0
108.85	2.0
109.28	3.0
109.71	4.0
110.14	1.0
110.57	2.0
111.0	3.0
111.42	4.0
111.85	1.0
112.28	2.0
112.71	3.0
113.14	4.0
113.57	1.0
114.0	2.0
114.42	3.0
114.85	4.0
115.28	1.0
115.71	2.0
116.14	3.0
116.57	4.0
117.0	1.0
117.43	2.0
117.85	3.0
118.28	4.0
118.71	1.0
119.14	2.0
119.57	3.0
120.0	4.0
120.43	1.0
120.86	2.0
121.29	3.0
121.71	4.0
122.14	1.0
122.57	2.0
123.0	3.0
123.43	4.0
123.86	1.0
124.28	2.0
124.71	3.0
125.14	4.0
125.57	1.0
126.0	2.0
126.42	3.0
126.86	4.0
127.28	1.0
127.71	2.0
128.14	3.0
128.57	4.0
129.0	1.0
129.42	2.0
129.85	3.0
130.28	4.0
130.71	1.0
131.14	2.0
131.57	3.0
132.0	4.0
132.43	1.0
132.85	2.0
133.28	3.0
133.71	4.0
134.14	1.0
134.57	2.0
135.0	3.0
135.43	4.0
135.85	1.0
136.28	2.0
136.71	3.0
137.14	4.0
137.57	1.0
138.0	2.0
138.43	3.0
138.86	4.0
139.28	1.0
139.71	2.0
140.14	3.0
140.57	4.0
141.0	1.0
141.43	2.0
141.86	3.0
142.28	4.0
142.71	1.0
143.14	2.0
143.57	3.0
144.0	4.0
144.43	1.0
144.85	2.0
145.28	3.0
145.71	4.0
146.14	1.0
146.57	2.0
146.99	3.0
147.42	4.0
147.85	1.0
148.28	2.0
148.71	3.0
149.14	4.0
149.57	1.0
150.0	2.0
150.43	3.0
150.86	4.0
151.28	1.0
151.71	2.0
152.14	3.0
152.57	4.0
153.0	1.0
153.43	2.0
153.86	3.0
154.29	4.0
154.71	1.0
155.14	2.0
155.57	3.0
156.0	4.0
156.43	1.0
156.86	2.0
157.28	3.0
157.71	4.0
158.14	1.0
158.57	2.0
159.0	3.0
159.43	4.0
159.85	1.0
160.28	2.0
160.71	3.0
161.14	4.0
161.57	1.0
162.0	2.0
162.43	3.0
162.86	4.0
163.28	1.0
163.71	2.0
164.14	3.0
164.57	4.0
165.0	1.0
165.43	2.0
165.86	3.0
166.29	4.0
166.71	1.0
167.14	2.0
167.57	3.0
168.0	4.0
168.43	1.0
168.86	2.0
169.29	3.0
169.71	4.0
170.14	1.0
170.57	2.0
171.0	3.0
171.43	4.0
171.86	1.0
172.29	2.0
172.71	3.0
173.14	4.0
173.57	1.0
174.0	2.0
174.43	3.0
174.86	4.0
175.29	1.0
175.72	2.0
176.14	3.0
176.57	4.0
177.0	1.0
177.43	2.0
177.86	3.0
178.29	4.0
178.72	1.0
179.14	2.0
179.57	3.0
180.0	4.0
180.43	1.0
180.86	2.0
181.29	3.0
181.72	4.0
182.14	1.0
182.57	2.0
183.0	3.0
183.43	4.0
183.86	1.0
184.29	2.0
184.71	3.0
185.15	4.0
185.58	1.0
186.0	2.0
186.43	3.0
186.86	4.0
187.29	1.0
187.72	2.0
188.14	3.0
188.57	4.0
189.0	1.0
189.43	2.0
189.86	3.0
190.29	4.0
190.72	1.0
191.14	2.0
191.57	3.0
192.0	4.0
192.43	1.0
192.86	2.0
193.29	3.0
193.72	4.0
194.14	1.0
194.57	2.0
195.0	3.0
195.43	4.0
195.86	1.0
196.27	2.0
196.71	3.0
197.14	4.0
197.57	1.0
