0.52	4.0
1.0	1.0
1.49	2.0
1.98	3.0
2.47	4.0
2.96	1.0
3.45	2.0
3.95	3.0
4.45	4.0
4.94	1.0
5.39	2.0
5.87	3.0
6.33	4.0
6.8	1.0
7.29	2.0
7.79	3.0
8.28	4.0
8.78	1.0
9.28	2.0
9.77	3.0
10.26	4.0
10.77	1.0
11.25	2.0
11.75	3.0
12.24	4.0
12.75	1.0
13.25	2.0
13.74	3.0
14.25	4.0
14.76	1.0
15.27	2.0
15.77	3.0
16.27	4.0
16.77	1.0
17.26	2.0
17.76	3.0
18.24	4.0
18.75	1.0
19.25	2.0
19.74	3.0
20.23	4.0
20.73	1.0
21.23	2.0
21.73	3.0
22.23	4.0
22.74	1.0
23.24	2.0
23.75	3.0
24.25	4.0
24.73	1.0
25.24	2.0
25.74	3.0
26.23	4.0
26.74	1.0
27.23	2.0
27.72	3.0
28.2	4.0
28.69	1.0
29.21	2.0
29.71	3.0
30.2	4.0
30.7	1.0
31.2	2.0
31.68	3.0
32.17	4.0
32.66	1.0
33.17	2.0
33.66	3.0
34.17	4.0
34.67	1.0
35.15	2.0
35.65	3.0
36.13	4.0
36.64	1.0
37.13	2.0
37.63	3.0
38.13	4.0
38.63	1.0
39.13	2.0
39.63	3.0
40.13	4.0
40.62	1.0
40.99	2.0
41.33	3.0
41.69	4.0
42.07	1.0
42.58	2.0
43.08	3.0
43.58	4.0
44.07	1.0
44.58	2.0
45.08	3.0
45.58	4.0
46.09	1.0
46.58	2.0
47.06	3.0
47.56	4.0
48.06	1.0
48.55	2.0
49.05	3.0
49.54	4.0
50.05	1.0
50.55	2.0
51.05	3.0
51.56	4.0
52.07	1.0
52.56	2.0
53.06	3.0
53.55	4.0
54.06	1.0
54.55	2.0
55.05	3.0
55.54	4.0
56.01	1.0
56.5	2.0
56.99	3.0
57.5	4.0
58.01	1.0
58.52	2.0
59.02	3.0
59.53	4.0
60.04	1.0
60.54	2.0
61.04	3.0
61.53	4.0
62.04	1.0
62.54	2.0
63.02	3.0
63.52	4.0
64.01	1.0
64.52	2.0
65.01	3.0
65.52	4.0
66.01	1.0
66.52	2.0
67.02	3.0
67.52	4.0
68.01	1.0
68.52	2.0
69.0	3.0
69.51	4.0
70.0	1.0
70.48	2.0
70.98	3.0
71.45	4.0
71.95	1.0
72.46	2.0
72.95	3.0
73.44	4.0
73.94	1.0
74.43	2.0
74.93	3.0
75.4	4.0
75.89	1.0
76.37	2.0
76.83	3.0
77.3	4.0
77.79	1.0
78.28	2.0
78.75	3.0
79.21	4.0
79.68	1.0
80.18	2.0
80.67	3.0
81.17	4.0
81.66	1.0
82.15	2.0
82.64	3.0
83.13	4.0
83.6	1.0
84.1	2.0
84.57	3.0
85.02	4.0
85.5	1.0
85.98	2.0
86.43	3.0
86.91	4.0
87.41	1.0
87.91	2.0
88.39	3.0
88.9	4.0
89.4	1.0
89.88	2.0
90.37	3.0
90.84	4.0
91.31	1.0
91.81	2.0
92.31	3.0
92.81	4.0
93.32	1.0
93.8	2.0
94.27	3.0
94.74	4.0
95.21	1.0
95.7	2.0
96.19	3.0
96.7	4.0
97.21	1.0
97.71	2.0
98.21	3.0
98.72	4.0
99.22	1.0
99.72	2.0
100.21	3.0
100.71	4.0
101.21	1.0
101.71	2.0
102.19	3.0
102.68	4.0
103.17	1.0
103.68	2.0
104.18	3.0
104.67	4.0
105.16	1.0
105.67	2.0
106.17	3.0
106.67	4.0
107.17	1.0
107.67	2.0
108.17	3.0
108.66	4.0
109.15	1.0
109.63	2.0
110.12	3.0
110.61	4.0
111.09	1.0
111.59	2.0
112.09	3.0
112.58	4.0
113.07	1.0
113.57	2.0
114.07	3.0
114.57	4.0
115.06	1.0
115.56	2.0
116.06	3.0
116.57	4.0
117.05	1.0
117.54	2.0
118.05	3.0
118.54	4.0
119.05	1.0
119.56	2.0
120.05	3.0
120.54	4.0
121.04	1.0
121.54	2.0
122.05	3.0
122.51	4.0
123.0	1.0
123.49	2.0
123.94	3.0
124.42	4.0
124.91	1.0
125.4	2.0
125.87	3.0
126.35	4.0
126.83	1.0
127.32	2.0
127.81	3.0
128.29	4.0
128.79	1.0
129.28	2.0
129.78	3.0
130.26	4.0
130.75	1.0
131.25	2.0
131.72	3.0
132.17	4.0
132.65	1.0
133.16	2.0
133.64	3.0
134.16	4.0
134.66	1.0
135.17	2.0
135.66	3.0
136.17	4.0
136.68	1.0
137.18	2.0
137.67	3.0
138.17	4.0
138.67	1.0
139.17	2.0
139.67	3.0
140.16	4.0
140.66	1.0
141.16	2.0
141.65	3.0
142.15	4.0
142.64	1.0
143.14	2.0
143.64	3.0
144.14	4.0
144.63	1.0
145.13	2.0
145.63	3.0
146.14	4.0
146.65	1.0
147.14	2.0
147.63	3.0
148.13	4.0
148.64	1.0
149.13	2.0
149.62	3.0
150.11	4.0
150.61	1.0
151.1	2.0
151.6	3.0
152.1	4.0
152.6	1.0
153.12	2.0
153.61	3.0
154.12	4.0
154.62	1.0
155.12	2.0
155.61	3.0
156.1	4.0
156.61	1.0
157.1	2.0
157.58	3.0
158.07	4.0
158.55	1.0
159.04	2.0
159.54	3.0
160.03	4.0
160.53	1.0
161.03	2.0
161.51	3.0
162.04	4.0
162.52	1.0
163.02	2.0
163.52	3.0
164.01	4.0
164.49	1.0
164.98	2.0
165.47	3.0
165.95	4.0
166.47	1.0
166.96	2.0
167.43	3.0
167.93	4.0
168.44	1.0
168.94	2.0
169.43	3.0
169.92	4.0
170.42	1.0
170.91	2.0
171.41	3.0
171.9	4.0
172.39	1.0
172.88	2.0
