0.75	1.0
1.35	2.0
1.97	3.0
2.62	4.0
3.23	1.0
3.88	2.0
4.59	3.0
5.24	4.0
5.91	1.0
6.6	2.0
7.22	3.0
7.9	4.0
8.53	1.0
9.19	2.0
9.81	3.0
10.47	4.0
11.08	1.0
11.73	2.0
12.38	3.0
13.0	4.0
13.63	1.0
14.28	2.0
14.93	3.0
15.56	4.0
16.21	1.0
16.83	2.0
17.45	3.0
18.08	4.0
18.7	1.0
19.33	2.0
19.95	3.0
20.58	4.0
21.22	1.0
21.84	2.0
22.48	3.0
23.12	4.0
23.75	1.0
24.39	2.0
25.01	3.0
25.65	4.0
26.28	1.0
26.9	2.0
27.57	3.0
28.19	4.0
28.83	1.0
29.46	2.0
30.1	3.0
30.73	4.0
31.36	1.0
31.99	2.0
32.6	3.0
33.23	4.0
33.88	1.0
34.51	2.0
35.14	3.0
35.78	4.0
36.41	1.0
37.03	2.0
37.65	3.0
38.26	4.0
38.88	1.0
39.52	2.0
40.13	3.0
40.77	4.0
41.37	1.0
42.0	2.0
42.64	3.0
43.27	4.0
43.89	1.0
44.49	2.0
45.13	3.0
45.73	4.0
46.34	1.0
46.97	2.0
47.6	3.0
48.21	4.0
48.82	1.0
49.47	2.0
50.08	3.0
50.73	4.0
51.37	1.0
51.96	2.0
52.6	3.0
53.21	4.0
53.9	1.0
54.52	2.0
55.16	3.0
55.77	4.0
56.37	1.0
56.98	2.0
57.58	3.0
58.21	4.0
58.83	1.0
59.45	2.0
60.08	3.0
60.68	4.0
61.28	1.0
61.89	2.0
62.52	3.0
63.14	4.0
63.75	1.0
64.35	2.0
64.96	3.0
65.57	4.0
66.16	1.0
66.77	2.0
67.41	3.0
68.01	4.0
68.61	1.0
69.23	2.0
69.84	3.0
70.44	4.0
71.08	1.0
71.7	2.0
72.31	3.0
72.91	4.0
73.52	1.0
74.13	2.0
74.74	3.0
75.33	4.0
75.94	1.0
76.52	2.0
77.15	3.0
77.75	4.0
78.39	1.0
79.02	2.0
79.62	3.0
80.26	4.0
80.89	1.0
81.53	2.0
82.14	3.0
82.76	4.0
83.39	1.0
83.97	2.0
84.59	3.0
85.18	4.0
85.78	1.0
86.38	2.0
86.97	3.0
87.58	4.0
88.18	1.0
88.8	2.0
89.39	3.0
90.03	4.0
90.62	1.0
91.25	2.0
91.85	3.0
92.45	4.0
93.05	1.0
93.66	2.0
94.26	3.0
94.87	4.0
95.49	1.0
96.08	2.0
96.69	3.0
97.3	4.0
97.92	1.0
98.51	2.0
99.15	3.0
99.76	4.0
100.36	1.0
100.95	2.0
101.58	3.0
102.17	4.0
102.79	1.0
103.39	2.0
103.99	3.0
104.62	4.0
105.21	1.0
105.83	2.0
106.43	3.0
107.06	4.0
107.67	1.0
108.26	2.0
108.87	3.0
109.47	4.0
110.07	1.0
110.68	2.0
111.3	3.0
111.89	4.0
112.5	1.0
113.1	2.0
113.72	3.0
114.32	4.0
114.92	1.0
115.52	2.0
116.13	3.0
116.74	4.0
117.38	1.0
117.96	2.0
118.6	3.0
119.21	4.0
119.79	1.0
120.43	2.0
121.05	3.0
121.71	4.0
122.32	1.0
122.9	2.0
123.48	3.0
124.07	4.0
124.65	1.0
125.23	2.0
125.82	3.0
126.39	4.0
126.97	1.0
127.56	2.0
128.16	3.0
128.74	4.0
129.33	1.0
129.93	2.0
130.52	3.0
131.12	4.0
131.71	1.0
132.3	2.0
132.89	3.0
133.49	4.0
134.08	1.0
134.68	2.0
135.26	3.0
135.85	4.0
136.46	1.0
137.05	2.0
137.63	3.0
138.24	4.0
138.84	1.0
139.44	2.0
140.04	3.0
140.62	4.0
141.22	1.0
141.79	2.0
142.39	3.0
143.01	4.0
143.62	1.0
144.22	2.0
144.79	3.0
145.42	4.0
145.99	1.0
146.61	2.0
147.17	3.0
147.77	4.0
148.37	1.0
148.96	2.0
149.56	3.0
150.15	4.0
150.76	1.0
151.35	2.0
151.96	3.0
152.55	4.0
153.14	1.0
153.74	2.0
154.35	3.0
154.96	4.0
155.56	1.0
156.15	2.0
156.76	3.0
157.35	4.0
157.94	1.0
158.53	2.0
159.15	3.0
159.73	4.0
160.33	1.0
160.94	2.0
161.52	3.0
162.13	4.0
162.75	1.0
163.35	2.0
163.97	3.0
164.56	4.0
165.16	1.0
165.74	2.0
166.34	3.0
166.93	4.0
167.52	1.0
168.12	2.0
168.73	3.0
169.32	4.0
169.9	1.0
170.5	2.0
171.11	3.0
171.7	4.0
172.28	1.0
172.85	2.0
173.44	3.0
174.05	4.0
174.66	1.0
175.25	2.0
175.84	3.0
176.44	4.0
177.03	1.0
177.6	2.0
178.23	3.0
178.83	4.0
179.43	1.0
180.02	2.0
180.66	3.0
181.26	4.0
182.06	1.0
182.83	2.0
183.64	3.0
184.44	4.0
185.21	1.0
186.05	2.0
186.67	3.0
187.26	4.0
187.84	1.0
188.4	2.0
188.99	3.0
189.59	4.0
190.18	1.0
190.76	2.0
191.37	3.0
191.96	4.0
192.54	1.0
193.12	2.0
193.71	3.0
194.31	4.0
194.91	1.0
195.48	2.0
196.07	3.0
196.66	4.0
197.26	1.0
197.84	2.0
198.45	3.0
199.04	4.0
199.63	1.0
200.21	2.0
200.8	3.0
201.4	4.0
202.0	1.0
202.57	2.0
203.16	3.0
203.75	4.0
204.33	1.0
205.0	2.0
205.61	3.0
206.38	4.0
207.19	1.0
208.01	2.0
208.63	3.0
209.22	4.0
209.79	1.0
210.39	2.0
210.99	3.0
211.58	4.0
212.18	1.0
212.74	2.0
213.34	3.0
213.93	4.0
214.51	1.0
215.11	2.0
215.69	3.0
216.29	4.0
216.9	1.0
217.46	2.0
218.07	3.0
218.67	4.0
219.25	1.0
219.84	2.0
220.42	3.0
221.02	4.0
221.6	1.0
222.2	2.0
222.77	3.0
223.37	4.0
223.97	1.0
224.54	2.0
225.13	3.0
225.72	4.0
226.31	1.0
226.88	2.0
227.48	3.0
228.05	4.0
228.61	1.0
229.21	2.0
229.81	3.0
230.39	4.0
230.99	1.0
231.57	2.0
232.15	3.0
232.74	4.0
233.32	1.0
233.89	2.0
234.47	3.0
235.06	4.0
235.65	1.0
236.23	2.0
236.82	3.0
237.38	4.0
237.97	1.0
238.55	2.0
239.12	3.0
239.72	4.0
240.31	1.0
240.88	2.0
241.45	3.0
242.05	4.0
242.62	1.0
243.21	2.0
243.78	3.0
244.38	4.0
244.95	1.0
245.51	2.0
246.13	3.0
246.71	4.0
247.28	1.0
247.86	2.0
248.46	3.0
249.04	4.0
249.62	1.0
250.22	2.0
250.79	3.0
251.38	4.0
251.96	1.0
252.54	2.0
