3.06	1.0
3.96	2.0
4.86	3.0
5.75	4.0
6.63	1.0
7.53	2.0
8.42	3.0
9.35	4.0
10.23	1.0
11.15	2.0
12.02	3.0
12.95	4.0
13.84	1.0
14.58	2.0
15.4	3.0
16.18	4.0
16.92	1.0
17.7	2.0
18.58	3.0
19.5	4.0
20.47	1.0
21.4	2.0
22.35	3.0
23.31	4.0
24.21	1.0
25.14	2.0
26.0	3.0
26.97	4.0
27.88	1.0
28.77	2.0
29.7	3.0
30.65	4.0
31.6	1.0
32.5	2.0
33.45	3.0
34.38	4.0
35.27	1.0
36.14	2.0
37.08	3.0
37.98	4.0
38.93	1.0
39.89	2.0
40.83	3.0
41.83	4.0
42.79	1.0
43.7	2.0
44.66	3.0
45.67	4.0
46.61	1.0
47.59	2.0
48.54	3.0
49.45	4.0
50.32	1.0
51.21	2.0
52.12	3.0
53.05	4.0
53.92	1.0
54.81	2.0
55.71	3.0
56.63	4.0
57.5	1.0
58.39	2.0
59.26	3.0
60.16	4.0
61.06	1.0
61.95	2.0
62.8	3.0
63.68	4.0
64.56	1.0
65.48	2.0
66.34	3.0
67.26	4.0
68.18	1.0
69.08	2.0
69.97	3.0
70.88	4.0
71.8	1.0
72.68	2.0
73.61	3.0
74.47	4.0
75.36	1.0
76.27	2.0
77.19	3.0
78.09	4.0
78.99	1.0
79.85	2.0
80.8	3.0
81.71	4.0
82.64	1.0
83.56	2.0
84.45	3.0
85.37	4.0
86.29	1.0
87.19	2.0
88.12	3.0
89.0	4.0
89.93	1.0
90.86	2.0
91.78	3.0
92.69	4.0
93.63	1.0
94.5	2.0
95.45	3.0
96.34	4.0
97.25	1.0
98.16	2.0
99.05	3.0
100.0	4.0
100.88	1.0
101.8	2.0
102.67	3.0
103.61	4.0
104.48	1.0
105.42	2.0
106.29	3.0
107.23	4.0
108.1	1.0
109.03	2.0
109.91	3.0
110.82	4.0
111.68	1.0
112.54	2.0
113.44	3.0
114.31	4.0
115.16	1.0
116.04	2.0
116.93	3.0
117.8	4.0
118.64	1.0
119.52	2.0
120.44	3.0
121.37	4.0
122.23	1.0
123.19	2.0
124.08	3.0
125.03	4.0
125.93	1.0
126.8	2.0
127.71	3.0
128.65	4.0
129.53	1.0
130.44	2.0
131.31	3.0
132.19	4.0
133.08	1.0
133.99	2.0
134.85	3.0
135.75	4.0
136.58	1.0
137.48	2.0
138.39	3.0
139.28	4.0
140.23	1.0
141.13	2.0
141.98	3.0
142.93	4.0
143.79	1.0
144.7	2.0
145.63	3.0
146.48	4.0
147.4	1.0
148.28	2.0
149.23	3.0
150.14	4.0
151.04	1.0
151.96	2.0
152.9	3.0
153.82	4.0
154.71	1.0
155.64	2.0
156.52	3.0
157.45	4.0
158.39	1.0
159.31	2.0
160.22	3.0
161.14	4.0
162.03	1.0
162.95	2.0
163.89	3.0
164.78	4.0
165.71	1.0
166.62	2.0
167.56	3.0
168.51	4.0
169.46	1.0
170.39	2.0
171.32	3.0
172.3	4.0
173.29	1.0
174.21	2.0
175.21	3.0
176.15	4.0
177.13	1.0
178.09	2.0
179.11	3.0
180.17	4.0
181.27	1.0
182.39	2.0
183.46	3.0
