0.22	4.0
0.97	1.0
1.75	2.0
2.51	3.0
3.26	4.0
4.0	1.0
4.77	2.0
5.56	3.0
6.35	4.0
7.12	1.0
7.87	2.0
8.65	3.0
9.37	4.0
10.12	1.0
10.9	2.0
11.68	3.0
12.47	4.0
13.24	1.0
14.04	2.0
14.81	3.0
15.6	4.0
16.37	1.0
17.15	2.0
17.94	3.0
18.72	4.0
19.46	1.0
20.3	2.0
21.07	3.0
21.88	4.0
22.66	1.0
23.47	2.0
24.25	3.0
25.04	4.0
25.81	1.0
26.62	2.0
27.41	3.0
28.2	4.0
28.97	1.0
29.78	2.0
30.56	3.0
31.37	4.0
32.14	1.0
32.97	2.0
33.75	3.0
34.55	4.0
35.35	1.0
36.15	2.0
36.93	3.0
37.73	4.0
38.52	1.0
39.33	2.0
40.12	3.0
40.91	4.0
41.67	1.0
42.51	2.0
43.31	3.0
44.12	4.0
44.91	1.0
45.7	2.0
46.47	3.0
47.24	4.0
48.0	1.0
48.83	2.0
49.62	3.0
50.42	4.0
51.2	1.0
52.0	2.0
52.79	3.0
53.59	4.0
54.37	1.0
55.18	2.0
55.95	3.0
56.76	4.0
57.54	1.0
58.34	2.0
59.13	3.0
59.92	4.0
60.68	1.0
61.47	2.0
62.26	3.0
63.03	4.0
63.83	1.0
64.63	2.0
65.4	3.0
66.18	4.0
66.97	1.0
67.77	2.0
68.54	3.0
69.31	4.0
70.08	1.0
70.86	2.0
71.65	3.0
72.42	4.0
73.2	1.0
74.03	2.0
74.81	3.0
75.61	4.0
76.39	1.0
77.21	2.0
77.98	3.0
78.78	4.0
79.55	1.0
80.36	2.0
81.15	3.0
81.96	4.0
82.73	1.0
83.55	2.0
84.33	3.0
85.11	4.0
85.88	1.0
86.71	2.0
87.51	3.0
88.31	4.0
89.1	1.0
89.93	2.0
90.71	3.0
91.53	4.0
92.32	1.0
93.13	2.0
93.9	3.0
94.71	4.0
95.5	1.0
96.32	2.0
97.13	3.0
97.93	4.0
98.7	1.0
99.51	2.0
100.3	3.0
101.07	4.0
101.84	1.0
102.68	2.0
103.49	3.0
104.3	4.0
105.09	1.0
105.9	2.0
106.7	3.0
107.47	4.0
108.24	1.0
109.07	2.0
109.87	3.0
110.69	4.0
111.48	1.0
112.28	2.0
113.1	3.0
113.91	4.0
114.71	1.0
115.55	2.0
116.33	3.0
117.12	4.0
117.93	1.0
118.72	2.0
119.51	3.0
120.3	4.0
121.11	1.0
121.93	2.0
122.74	3.0
123.53	4.0
124.32	1.0
125.11	2.0
125.9	3.0
126.69	4.0
127.49	1.0
128.27	2.0
129.05	3.0
129.83	4.0
130.61	1.0
131.4	2.0
132.21	3.0
133.0	4.0
133.79	1.0
134.63	2.0
135.41	3.0
136.22	4.0
136.99	1.0
137.8	2.0
138.6	3.0
139.4	4.0
140.18	1.0
141.0	2.0
141.79	3.0
142.61	4.0
143.41	1.0
144.24	2.0
145.03	3.0
145.82	4.0
146.62	1.0
147.46	2.0
148.27	3.0
149.1	4.0
149.91	1.0
150.74	2.0
151.53	3.0
152.36	4.0
153.15	1.0
153.99	2.0
154.81	3.0
155.63	4.0
156.44	1.0
157.26	2.0
158.08	3.0
158.9	4.0
159.65	1.0
160.47	2.0
161.28	3.0
162.08	4.0
162.89	1.0
163.72	2.0
164.53	3.0
165.36	4.0
166.15	1.0
166.97	2.0
167.77	3.0
168.55	4.0
169.35	1.0
170.21	2.0
171.0	3.0
171.83	4.0
172.62	1.0
173.45	2.0
174.26	3.0
175.08	4.0
175.85	1.0
176.66	2.0
177.44	3.0
178.25	4.0
179.04	1.0
179.84	2.0
180.64	3.0
181.37	4.0
182.13	1.0
182.96	2.0
183.77	3.0
184.55	4.0
185.34	1.0
186.13	2.0
186.92	3.0
187.7	4.0
188.48	1.0
189.28	2.0
190.06	3.0
190.83	4.0
191.62	1.0
192.42	2.0
193.2	3.0
