0.41	3.0
1.2	4.0
1.97	1.0
2.74	2.0
3.52	3.0
4.29	4.0
5.07	1.0
5.84	2.0
6.64	3.0
7.4	4.0
8.16	1.0
8.94	2.0
9.72	3.0
10.5	4.0
11.28	1.0
12.09	2.0
12.88	3.0
13.68	4.0
14.46	1.0
15.24	2.0
16.01	3.0
16.79	4.0
17.53	1.0
18.29	2.0
19.09	3.0
19.89	4.0
20.7	1.0
21.52	2.0
22.3	3.0
23.05	4.0
23.83	1.0
24.62	2.0
25.37	3.0
26.15	4.0
26.9	1.0
27.67	2.0
28.47	3.0
29.22	4.0
29.98	1.0
30.77	2.0
31.52	3.0
32.31	4.0
33.08	1.0
33.87	2.0
34.61	3.0
35.4	4.0
36.16	1.0
36.95	2.0
37.71	3.0
38.48	4.0
39.27	1.0
40.05	2.0
40.8	3.0
41.59	4.0
42.35	1.0
43.11	2.0
43.89	3.0
44.64	4.0
45.45	1.0
46.2	2.0
46.94	3.0
47.73	4.0
48.52	1.0
49.3	2.0
50.08	3.0
50.86	4.0
51.65	1.0
52.43	2.0
53.22	3.0
54.0	4.0
54.77	1.0
55.53	2.0
56.26	3.0
57.06	4.0
57.83	1.0
58.62	2.0
59.39	3.0
60.17	4.0
60.94	1.0
61.73	2.0
62.51	3.0
63.29	4.0
64.06	1.0
64.86	2.0
65.62	3.0
66.38	4.0
67.15	1.0
67.94	2.0
68.71	3.0
69.5	4.0
70.29	1.0
71.11	2.0
71.91	3.0
72.7	4.0
73.54	1.0
74.32	2.0
75.14	3.0
75.92	4.0
76.67	1.0
77.48	2.0
78.27	3.0
79.05	4.0
79.84	1.0
80.66	2.0
81.46	3.0
82.25	4.0
83.07	1.0
83.87	2.0
84.65	3.0
85.43	4.0
86.2	1.0
86.98	2.0
87.76	3.0
88.56	4.0
89.34	1.0
90.15	2.0
90.94	3.0
91.73	4.0
92.51	1.0
93.3	2.0
94.07	3.0
94.89	4.0
95.67	1.0
96.45	2.0
97.24	3.0
98.02	4.0
98.82	1.0
99.61	2.0
100.41	3.0
101.23	4.0
102.07	1.0
102.85	2.0
103.66	3.0
104.48	4.0
105.29	1.0
106.08	2.0
106.83	3.0
107.62	4.0
108.42	1.0
109.2	2.0
110.03	3.0
110.85	4.0
111.66	1.0
112.48	2.0
113.3	3.0
114.14	4.0
114.92	1.0
115.73	2.0
116.5	3.0
117.31	4.0
118.11	1.0
118.89	2.0
119.69	3.0
120.48	4.0
121.27	1.0
122.06	2.0
122.85	3.0
123.64	4.0
124.41	1.0
125.21	2.0
126.01	3.0
126.79	4.0
127.58	1.0
128.37	2.0
129.15	3.0
129.92	4.0
130.69	1.0
131.48	2.0
132.25	3.0
133.06	4.0
133.84	1.0
134.64	2.0
135.41	3.0
136.21	4.0
136.99	1.0
137.79	2.0
138.58	3.0
139.37	4.0
140.16	1.0
140.93	2.0
141.71	3.0
142.47	4.0
143.24	1.0
144.06	2.0
144.86	3.0
145.64	4.0
146.42	1.0
147.21	2.0
147.99	3.0
148.76	4.0
149.55	1.0
150.33	2.0
151.16	3.0
151.96	4.0
152.82	1.0
153.83	2.0
154.76	3.0
155.54	4.0
156.3	1.0
157.05	2.0
157.85	3.0
158.6	4.0
159.36	1.0
160.11	2.0
160.9	3.0
161.64	4.0
162.4	1.0
163.16	2.0
163.96	3.0
164.7	4.0
165.47	1.0
166.23	2.0
166.99	3.0
167.76	4.0
168.55	1.0
169.31	2.0
170.09	3.0
170.87	4.0
171.64	1.0
172.42	2.0
173.19	3.0
173.98	4.0
174.75	1.0
175.51	2.0
176.25	3.0
177.03	4.0
177.8	1.0
178.58	2.0
179.36	3.0
180.11	4.0
180.88	1.0
181.64	2.0
182.52	3.0
183.39	4.0
184.21	1.0
184.98	2.0
185.8	3.0
186.63	4.0
187.41	1.0
188.23	2.0
189.05	3.0
189.9	4.0
190.68	1.0
