0.24	4.0
0.6	1.0
0.97	2.0
1.35	3.0
1.7	4.0
2.04	1.0
2.4	2.0
2.75	3.0
3.1	4.0
3.47	1.0
3.88	2.0
4.26	3.0
4.66	4.0
5.03	1.0
5.41	2.0
5.8	3.0
6.18	4.0
6.59	1.0
6.97	2.0
7.33	3.0
7.7	4.0
8.07	1.0
8.48	2.0
8.86	3.0
9.27	4.0
9.67	1.0
10.04	2.0
10.44	3.0
10.83	4.0
11.23	1.0
11.61	2.0
11.98	3.0
12.35	4.0
12.73	1.0
13.12	2.0
13.51	3.0
13.91	4.0
14.3	1.0
14.68	2.0
15.08	3.0
15.48	4.0
15.87	1.0
16.26	2.0
16.63	3.0
17.0	4.0
17.39	1.0
17.78	2.0
18.19	3.0
18.6	4.0
18.99	1.0
19.39	2.0
19.78	3.0
20.18	4.0
20.58	1.0
20.96	2.0
21.35	3.0
21.75	4.0
22.14	1.0
22.53	2.0
22.92	3.0
23.32	4.0
23.7	1.0
24.08	2.0
24.47	3.0
24.89	4.0
25.28	1.0
25.67	2.0
26.08	3.0
26.49	4.0
26.92	1.0
27.32	2.0
27.73	3.0
28.13	4.0
28.51	1.0
28.92	2.0
29.32	3.0
29.7	4.0
30.09	1.0
30.47	2.0
30.88	3.0
31.26	4.0
31.64	1.0
32.03	2.0
32.42	3.0
32.83	4.0
33.24	1.0
33.64	2.0
34.03	3.0
34.42	4.0
34.83	1.0
35.22	2.0
35.61	3.0
36.01	4.0
36.4	1.0
36.76	2.0
37.14	3.0
37.55	4.0
37.93	1.0
38.35	2.0
38.74	3.0
39.14	4.0
39.55	1.0
39.92	2.0
40.29	3.0
40.68	4.0
41.07	1.0
41.45	2.0
41.84	3.0
42.24	4.0
42.64	1.0
43.05	2.0
43.46	3.0
43.83	4.0
44.23	1.0
44.62	2.0
45.01	3.0
45.41	4.0
45.79	1.0
46.16	2.0
46.54	3.0
46.94	4.0
47.35	1.0
47.76	2.0
48.16	3.0
48.55	4.0
48.95	1.0
49.34	2.0
49.74	3.0
50.14	4.0
50.54	1.0
50.91	2.0
51.31	3.0
51.71	4.0
52.1	1.0
52.5	2.0
52.9	3.0
53.3	4.0
53.7	1.0
54.11	2.0
54.52	3.0
54.91	4.0
55.34	1.0
55.73	2.0
56.14	3.0
56.55	4.0
56.96	1.0
57.39	2.0
57.77	3.0
58.19	4.0
58.59	1.0
58.97	2.0
59.38	3.0
59.78	4.0
60.17	1.0
60.55	2.0
60.95	3.0
61.32	4.0
61.73	1.0
62.12	2.0
62.52	3.0
62.95	4.0
63.34	1.0
63.75	2.0
64.17	3.0
64.58	4.0
64.97	1.0
65.38	2.0
65.77	3.0
66.16	4.0
66.56	1.0
66.97	2.0
67.36	3.0
67.75	4.0
68.12	1.0
68.51	2.0
68.89	3.0
69.27	4.0
69.63	1.0
69.99	2.0
70.37	3.0
70.73	4.0
71.12	1.0
71.52	2.0
71.93	3.0
72.32	4.0
72.72	1.0
73.11	2.0
73.51	3.0
73.91	4.0
74.31	1.0
74.7	2.0
75.08	3.0
75.46	4.0
75.85	1.0
76.26	2.0
76.65	3.0
77.06	4.0
77.46	1.0
77.85	2.0
78.27	3.0
78.67	4.0
79.05	1.0
79.45	2.0
79.82	3.0
80.21	4.0
80.6	1.0
81.0	2.0
81.4	3.0
81.81	4.0
82.21	1.0
82.6	2.0
83.01	3.0
83.41	4.0
83.8	1.0
84.2	2.0
84.6	3.0
85.01	4.0
85.41	1.0
85.84	2.0
86.28	3.0
86.7	4.0
87.13	1.0
87.5	2.0
87.91	3.0
88.28	4.0
88.69	1.0
89.06	2.0
89.47	3.0
89.85	4.0
90.23	1.0
90.63	2.0
91.01	3.0
91.42	4.0
91.81	1.0
92.22	2.0
92.62	3.0
93.0	4.0
93.4	1.0
93.83	2.0
94.24	3.0
94.63	4.0
95.05	1.0
95.49	2.0
95.91	3.0
96.31	4.0
96.74	1.0
97.14	2.0
97.5	3.0
97.88	4.0
98.27	1.0
98.65	2.0
99.03	3.0
99.41	4.0
99.78	1.0
100.14	2.0
100.52	3.0
100.91	4.0
101.32	1.0
101.71	2.0
102.1	3.0
102.48	4.0
102.86	1.0
103.27	2.0
103.64	3.0
104.04	4.0
104.41	1.0
104.8	2.0
105.19	3.0
105.59	4.0
105.98	1.0
106.38	2.0
106.76	3.0
107.14	4.0
107.55	1.0
107.96	2.0
108.35	3.0
108.73	4.0
109.1	1.0
109.49	2.0
109.87	3.0
110.27	4.0
110.69	1.0
111.08	2.0
111.49	3.0
111.88	4.0
112.26	1.0
112.65	2.0
113.05	3.0
113.42	4.0
113.82	1.0
114.22	2.0
114.62	3.0
115.02	4.0
115.43	1.0
115.84	2.0
116.22	3.0
116.64	4.0
117.04	1.0
117.43	2.0
117.83	3.0
118.22	4.0
118.62	1.0
119.01	2.0
119.4	3.0
119.79	4.0
120.21	1.0
120.81	2.0
121.39	3.0
122.02	4.0
122.62	1.0
123.22	2.0
123.87	3.0
124.51	4.0
125.11	1.0
125.7	2.0
126.34	3.0
126.89	4.0
127.48	1.0
128.07	2.0
128.64	3.0
129.22	4.0
129.8	1.0
130.36	2.0
130.92	3.0
131.5	4.0
132.07	1.0
132.65	2.0
133.23	3.0
133.8	4.0
134.37	1.0
134.95	2.0
135.55	3.0
136.1	4.0
136.67	1.0
137.26	2.0
137.83	3.0
138.39	4.0
138.97	1.0
139.52	2.0
140.09	3.0
140.67	4.0
141.23	1.0
141.82	2.0
142.37	3.0
142.94	4.0
143.5	1.0
144.07	2.0
144.62	3.0
145.2	4.0
145.76	1.0
146.32	2.0
146.89	3.0
147.46	4.0
148.02	1.0
148.58	2.0
149.13	3.0
149.67	4.0
150.21	1.0
150.74	2.0
151.31	3.0
151.86	4.0
152.42	1.0
152.95	2.0
153.5	3.0
154.05	4.0
154.6	1.0
155.14	2.0
155.72	3.0
156.24	4.0
156.79	1.0
157.34	2.0
157.9	3.0
158.45	4.0
159.01	1.0
159.57	2.0
160.12	3.0
160.68	4.0
161.22	1.0
161.77	2.0
162.34	3.0
162.89	4.0
163.46	1.0
164.0	2.0
164.57	3.0
165.12	4.0
165.66	1.0
166.22	2.0
166.76	3.0
167.31	4.0
167.86	1.0
168.43	2.0
168.99	3.0
169.55	4.0
170.11	1.0
170.65	2.0
171.23	3.0
171.81	4.0
172.36	1.0
172.89	2.0
173.42	3.0
173.99	4.0
174.51	1.0
175.07	2.0
175.64	3.0
176.18	4.0
176.77	1.0
177.31	2.0
177.88	3.0
178.42	4.0
178.98	1.0
179.54	2.0
180.1	3.0
180.66	4.0
181.21	1.0
181.78	2.0
182.34	3.0
182.91	4.0
183.43	1.0
184.0	2.0
184.56	3.0
185.12	4.0
185.67	1.0
186.22	2.0
186.76	3.0
187.31	4.0
187.86	1.0
188.42	2.0
189.0	3.0
189.55	4.0
190.11	1.0
190.69	2.0
191.25	3.0
191.8	4.0
192.36	1.0
192.9	2.0
193.48	3.0
194.02	4.0
194.6	1.0
195.15	2.0
195.73	3.0
196.28	4.0
196.65	1.0
197.06	2.0
197.45	3.0
197.82	4.0
198.21	1.0
198.61	2.0
198.99	3.0
199.39	4.0
199.77	1.0
200.14	2.0
200.53	3.0
200.92	4.0
201.32	1.0
201.7	2.0
202.06	3.0
202.43	4.0
202.8	1.0
203.21	2.0
203.6	3.0
204.0	4.0
204.39	1.0
204.77	2.0
205.17	3.0
205.56	4.0
205.96	1.0
206.35	2.0
206.7	3.0
207.07	4.0
207.45	1.0
207.86	2.0
208.24	3.0
208.64	4.0
209.03	1.0
209.41	2.0
209.81	3.0
210.2	4.0
210.62	1.0
210.99	2.0
211.36	3.0
211.72	4.0
212.11	1.0
212.53	2.0
212.92	3.0
213.33	4.0
213.72	1.0
214.11	2.0
214.5	3.0
214.9	4.0
215.3	1.0
215.68	2.0
216.07	3.0
216.47	4.0
216.86	1.0
217.25	2.0
217.64	3.0
218.03	4.0
218.43	1.0
218.8	2.0
219.19	3.0
219.61	4.0
220.01	1.0
220.4	2.0
220.79	3.0
221.2	4.0
221.63	1.0
222.03	2.0
222.44	3.0
222.85	4.0
223.23	1.0
223.64	2.0
224.03	3.0
224.42	4.0
224.81	1.0
225.19	2.0
225.58	3.0
225.98	4.0
226.35	1.0
226.73	2.0
227.13	3.0
227.54	4.0
227.95	1.0
228.35	2.0
228.74	3.0
229.14	4.0
229.54	1.0
229.94	2.0
230.33	3.0
230.72	4.0
231.09	1.0
231.46	2.0
231.84	3.0
232.23	4.0
232.63	1.0
233.05	2.0
233.44	3.0
233.84	4.0
234.24	1.0
234.63	2.0
235.0	3.0
235.38	4.0
235.77	1.0
236.15	2.0
236.54	3.0
236.94	4.0
237.34	1.0
237.75	2.0
238.15	3.0
238.54	4.0
