0.28	1.0
1.32	2.0
2.35	3.0
3.32	4.0
4.39	1.0
5.36	2.0
6.43	3.0
7.46	4.0
8.44	1.0
9.44	2.0
10.52	3.0
11.53	4.0
12.48	1.0
13.42	2.0
14.32	3.0
15.23	4.0
16.11	1.0
17.03	2.0
17.93	3.0
18.86	4.0
19.74	1.0
20.71	2.0
21.61	3.0
22.51	4.0
23.37	1.0
24.28	2.0
25.23	3.0
26.15	4.0
27.04	1.0
27.92	2.0
28.82	3.0
29.7	4.0
30.65	1.0
31.58	2.0
32.48	3.0
33.37	4.0
34.26	1.0
35.21	2.0
36.09	3.0
37.01	4.0
37.87	1.0
38.8	2.0
39.66	3.0
40.63	4.0
41.51	1.0
42.44	2.0
43.3	3.0
44.25	4.0
45.1	1.0
46.04	2.0
46.95	3.0
47.93	4.0
48.82	1.0
49.8	2.0
50.71	3.0
51.67	4.0
52.54	1.0
53.43	2.0
54.28	3.0
55.19	4.0
56.12	1.0
57.07	2.0
57.99	3.0
58.91	4.0
59.79	1.0
60.75	2.0
61.6	3.0
62.55	4.0
63.42	1.0
64.32	2.0
65.21	3.0
66.1	4.0
67.0	1.0
67.94	2.0
68.85	3.0
69.8	4.0
70.71	1.0
71.66	2.0
72.52	3.0
73.46	4.0
74.32	1.0
75.27	2.0
76.17	3.0
77.05	4.0
77.92	1.0
78.82	2.0
79.77	3.0
80.66	4.0
81.54	1.0
82.44	2.0
83.42	3.0
84.37	4.0
85.28	1.0
86.22	2.0
87.14	3.0
88.13	4.0
88.97	1.0
89.86	2.0
90.77	3.0
91.71	4.0
92.58	1.0
93.53	2.0
94.4	3.0
95.37	4.0
96.23	1.0
97.17	2.0
98.03	3.0
98.95	4.0
99.83	1.0
100.77	2.0
101.64	3.0
102.59	4.0
103.47	1.0
104.41	2.0
105.29	3.0
106.18	4.0
107.12	1.0
108.07	2.0
108.94	3.0
109.91	4.0
110.81	1.0
111.75	2.0
112.6	3.0
113.5	4.0
114.41	1.0
115.35	2.0
116.24	3.0
117.15	4.0
118.01	1.0
118.94	2.0
119.8	3.0
120.73	4.0
121.67	1.0
122.57	2.0
123.41	3.0
124.32	4.0
125.24	1.0
126.21	2.0
127.11	3.0
128.04	4.0
128.92	1.0
129.87	2.0
130.78	3.0
131.71	4.0
132.64	1.0
133.59	2.0
134.48	3.0
135.41	4.0
136.3	1.0
137.27	2.0
138.18	3.0
139.06	4.0
140.01	1.0
140.87	2.0
141.76	3.0
142.72	4.0
143.62	1.0
144.52	2.0
145.42	3.0
146.3	4.0
147.3	1.0
148.27	2.0
149.18	3.0
150.17	4.0
151.1	1.0
151.94	2.0
152.84	3.0
153.74	4.0
154.68	1.0
155.64	2.0
156.64	3.0
157.61	4.0
158.52	1.0
159.48	2.0
160.51	3.0
161.52	4.0
162.5	1.0
163.53	2.0
164.44	3.0
165.41	4.0
166.31	1.0
167.28	2.0
168.23	3.0
169.23	4.0
170.15	1.0
171.13	2.0
172.11	3.0
173.0	4.0
173.99	1.0
174.97	2.0
175.9	3.0
176.88	4.0
177.84	1.0
178.76	2.0
179.72	3.0
180.71	4.0
181.65	1.0
182.7	2.0
183.66	3.0
184.69	4.0
185.65	1.0
186.63	2.0
187.61	3.0
188.56	4.0
189.58	1.0
190.62	2.0
191.7	3.0
192.81	4.0
193.77	1.0
194.71	2.0
195.68	3.0
196.64	4.0
197.64	1.0
198.58	2.0
199.48	3.0
200.41	4.0
201.33	1.0
202.17	2.0
203.01	3.0
203.82	4.0
