0.46	1.0
0.85	2.0
1.22	3.0
1.58	4.0
1.96	1.0
2.31	2.0
2.69	3.0
3.05	4.0
3.44	1.0
3.8	2.0
4.17	3.0
4.51	4.0
4.88	1.0
5.25	2.0
5.63	3.0
6.0	4.0
6.4	1.0
6.79	2.0
7.18	3.0
7.53	4.0
7.9	1.0
8.28	2.0
8.65	3.0
9.01	4.0
9.38	1.0
9.76	2.0
10.13	3.0
10.49	4.0
10.85	1.0
11.22	2.0
11.58	3.0
11.94	4.0
12.31	1.0
12.69	2.0
13.06	3.0
13.43	4.0
13.8	1.0
14.16	2.0
14.52	3.0
14.88	4.0
15.25	1.0
15.62	2.0
16.0	3.0
16.35	4.0
16.72	1.0
17.08	2.0
17.44	3.0
17.81	4.0
18.17	1.0
18.53	2.0
18.9	3.0
19.26	4.0
19.62	1.0
19.98	2.0
20.34	3.0
20.7	4.0
21.07	1.0
21.44	2.0
21.8	3.0
22.16	4.0
22.54	1.0
22.89	2.0
23.26	3.0
23.6	4.0
23.96	1.0
24.34	2.0
24.72	3.0
25.08	4.0
25.46	1.0
25.83	2.0
26.21	3.0
26.57	4.0
26.95	1.0
27.32	2.0
27.69	3.0
28.05	4.0
28.42	1.0
28.78	2.0
29.15	3.0
29.51	4.0
29.88	1.0
30.26	2.0
30.64	3.0
31.0	4.0
31.38	1.0
31.74	2.0
32.12	3.0
32.48	4.0
32.85	1.0
33.22	2.0
33.59	3.0
33.95	4.0
34.33	1.0
34.69	2.0
35.06	3.0
35.42	4.0
35.79	1.0
36.17	2.0
36.54	3.0
36.9	4.0
37.27	1.0
37.65	2.0
38.02	3.0
38.39	4.0
38.76	1.0
39.14	2.0
39.52	3.0
39.88	4.0
40.25	1.0
40.62	2.0
40.99	3.0
41.35	4.0
41.72	1.0
42.11	2.0
42.48	3.0
42.84	4.0
43.21	1.0
43.59	2.0
43.96	3.0
44.32	4.0
44.69	1.0
45.07	2.0
45.43	3.0
45.8	4.0
46.17	1.0
46.55	2.0
46.92	3.0
47.28	4.0
47.65	1.0
48.03	2.0
48.41	3.0
48.78	4.0
49.15	1.0
49.54	2.0
49.9	3.0
50.29	4.0
50.67	1.0
51.05	2.0
51.42	3.0
51.79	4.0
52.18	1.0
52.57	2.0
52.94	3.0
53.31	4.0
53.68	1.0
54.07	2.0
54.44	3.0
54.82	4.0
55.2	1.0
55.59	2.0
55.97	3.0
56.35	4.0
56.74	1.0
57.12	2.0
57.49	3.0
57.85	4.0
58.24	1.0
58.6	2.0
58.98	3.0
59.35	4.0
59.73	1.0
60.12	2.0
60.49	3.0
60.87	4.0
61.26	1.0
61.64	2.0
62.01	3.0
62.39	4.0
62.76	1.0
63.13	2.0
63.5	3.0
63.86	4.0
64.23	1.0
64.61	2.0
64.97	3.0
65.35	4.0
65.74	1.0
66.12	2.0
66.49	3.0
66.86	4.0
67.23	1.0
67.61	2.0
67.98	3.0
68.36	4.0
68.75	1.0
69.13	2.0
69.51	3.0
69.86	4.0
70.24	1.0
70.61	2.0
70.98	3.0
71.34	4.0
71.71	1.0
72.09	2.0
72.46	3.0
72.83	4.0
73.21	1.0
73.58	2.0
73.96	3.0
74.32	4.0
74.71	1.0
75.08	2.0
75.45	3.0
75.82	4.0
76.19	1.0
76.56	2.0
76.91	3.0
77.28	4.0
77.64	1.0
78.04	2.0
78.41	3.0
78.78	4.0
79.15	1.0
79.52	2.0
79.9	3.0
80.27	4.0
80.65	1.0
81.02	2.0
81.4	3.0
81.78	4.0
82.16	1.0
82.53	2.0
82.89	3.0
83.26	4.0
83.63	1.0
84.01	2.0
84.38	3.0
84.75	4.0
85.13	1.0
85.5	2.0
85.87	3.0
86.24	4.0
86.6	1.0
86.98	2.0
87.35	3.0
87.71	4.0
88.08	1.0
88.47	2.0
88.84	3.0
89.2	4.0
89.58	1.0
89.94	2.0
90.31	3.0
90.69	4.0
91.07	1.0
91.45	2.0
91.82	3.0
92.2	4.0
92.59	1.0
92.97	2.0
93.34	3.0
93.71	4.0
94.09	1.0
94.47	2.0
94.83	3.0
95.21	4.0
95.58	1.0
95.97	2.0
96.34	3.0
96.71	4.0
97.09	1.0
97.48	2.0
97.86	3.0
98.24	4.0
98.62	1.0
99.0	2.0
99.35	3.0
99.72	4.0
100.11	1.0
100.47	2.0
100.83	3.0
101.21	4.0
101.57	1.0
101.93	2.0
102.29	3.0
102.66	4.0
103.04	1.0
103.42	2.0
103.77	3.0
104.15	4.0
104.53	1.0
104.89	2.0
105.25	3.0
105.61	4.0
105.97	1.0
106.34	2.0
106.7	3.0
107.05	4.0
107.42	1.0
107.78	2.0
108.15	3.0
108.51	4.0
108.86	1.0
109.21	2.0
109.57	3.0
109.91	4.0
110.27	1.0
110.65	2.0
111.02	3.0
111.39	4.0
111.75	1.0
112.11	2.0
112.48	3.0
112.83	4.0
113.19	1.0
113.56	2.0
113.92	3.0
114.26	4.0
114.6	1.0
114.97	2.0
115.33	3.0
115.68	4.0
116.05	1.0
116.41	2.0
116.76	3.0
117.12	4.0
117.48	1.0
117.86	2.0
118.2	3.0
118.56	4.0
118.94	1.0
119.3	2.0
119.67	3.0
120.03	4.0
120.39	1.0
120.78	2.0
121.13	3.0
121.5	4.0
121.88	1.0
122.27	2.0
122.64	3.0
122.99	4.0
123.36	1.0
123.74	2.0
124.11	3.0
124.47	4.0
124.82	1.0
125.2	2.0
125.58	3.0
125.94	4.0
126.32	1.0
126.69	2.0
127.06	3.0
127.43	4.0
127.78	1.0
128.16	2.0
128.54	3.0
128.9	4.0
129.27	1.0
129.64	2.0
130.0	3.0
130.36	4.0
130.72	1.0
131.1	2.0
131.47	3.0
131.82	4.0
132.17	1.0
132.56	2.0
132.93	3.0
133.28	4.0
133.65	1.0
134.03	2.0
134.4	3.0
134.77	4.0
135.15	1.0
135.53	2.0
135.91	3.0
136.28	4.0
136.67	1.0
137.04	2.0
137.42	3.0
137.79	4.0
138.17	1.0
138.54	2.0
138.92	3.0
139.27	4.0
139.64	1.0
140.02	2.0
140.39	3.0
140.75	4.0
141.13	1.0
141.5	2.0
141.86	3.0
142.23	4.0
142.61	1.0
142.97	2.0
143.33	3.0
143.7	4.0
144.07	1.0
144.44	2.0
144.81	3.0
145.17	4.0
145.54	1.0
145.93	2.0
146.3	3.0
146.66	4.0
147.03	1.0
147.4	2.0
147.77	3.0
148.13	4.0
148.51	1.0
148.89	2.0
149.26	3.0
149.63	4.0
150.0	1.0
150.36	2.0
150.74	3.0
151.1	4.0
151.46	1.0
151.85	2.0
152.22	3.0
152.57	4.0
152.95	1.0
153.33	2.0
153.7	3.0
154.05	4.0
154.42	1.0
154.78	2.0
155.15	3.0
155.51	4.0
155.88	1.0
156.25	2.0
156.61	3.0
156.96	4.0
157.34	1.0
157.7	2.0
158.08	3.0
158.45	4.0
158.83	1.0
159.2	2.0
159.56	3.0
159.92	4.0
160.31	1.0
160.68	2.0
161.05	3.0
161.42	4.0
161.82	1.0
162.17	2.0
162.52	3.0
162.88	4.0
163.25	1.0
163.62	2.0
164.01	3.0
164.37	4.0
164.77	1.0
165.13	2.0
165.5	3.0
165.86	4.0
166.24	1.0
166.62	2.0
166.97	3.0
167.34	4.0
167.73	1.0
168.09	2.0
168.44	3.0
168.79	4.0
169.16	1.0
169.52	2.0
169.92	3.0
170.29	4.0
170.67	1.0
171.02	2.0
171.41	3.0
171.77	4.0
172.17	1.0
172.54	2.0
172.91	3.0
173.27	4.0
173.65	1.0
174.01	2.0
174.36	3.0
174.72	4.0
175.1	1.0
175.47	2.0
175.84	3.0
176.21	4.0
176.6	1.0
176.99	2.0
177.35	3.0
177.71	4.0
178.08	1.0
178.46	2.0
178.82	3.0
179.19	4.0
179.58	1.0
179.95	2.0
180.3	3.0
180.65	4.0
181.03	1.0
181.4	2.0
181.77	3.0
182.14	4.0
182.51	1.0
182.88	2.0
183.25	3.0
183.61	4.0
183.96	1.0
184.34	2.0
184.7	3.0
185.07	4.0
185.43	1.0
185.81	2.0
186.18	3.0
186.54	4.0
186.89	1.0
187.26	2.0
187.64	3.0
188.0	4.0
188.36	1.0
188.74	2.0
189.11	3.0
189.46	4.0
189.82	1.0
190.2	2.0
190.56	3.0
190.92	4.0
191.28	1.0
191.66	2.0
192.03	3.0
192.38	4.0
192.73	1.0
193.12	2.0
193.49	3.0
193.85	4.0
194.2	1.0
194.58	2.0
194.94	3.0
195.29	4.0
195.64	1.0
196.02	2.0
196.39	3.0
196.74	4.0
197.09	1.0
197.46	2.0
197.82	3.0
198.17	4.0
198.53	1.0
198.91	2.0
199.27	3.0
199.62	4.0
199.99	1.0
200.36	2.0
200.73	3.0
201.08	4.0
201.43	1.0
201.81	2.0
202.17	3.0
202.52	4.0
202.88	1.0
203.26	2.0
203.61	3.0
203.96	4.0
204.32	1.0
204.69	2.0
205.06	3.0
205.42	4.0
205.79	1.0
206.17	2.0
206.53	3.0
206.88	4.0
207.23	1.0
207.61	2.0
207.99	3.0
208.34	4.0
208.7	1.0
209.07	2.0
209.42	3.0
209.77	4.0
210.13	1.0
210.5	2.0
210.87	3.0
211.23	4.0
211.58	1.0
