0.88	2.0
1.59	3.0
2.3	4.0
3.01	1.0
3.74	2.0
4.45	3.0
5.15	4.0
5.86	1.0
6.58	2.0
7.29	3.0
8.0	4.0
8.74	1.0
9.43	2.0
10.15	3.0
10.86	4.0
11.57	1.0
12.29	2.0
13.0	3.0
13.72	4.0
14.43	1.0
15.13	2.0
15.86	3.0
16.57	4.0
17.28	1.0
18.01	2.0
18.72	3.0
19.43	4.0
20.14	1.0
20.82	2.0
21.57	3.0
22.28	4.0
23.0	1.0
23.7	2.0
24.43	3.0
25.14	4.0
25.86	1.0
26.58	2.0
27.29	3.0
28.0	4.0
28.72	1.0
29.43	2.0
30.15	3.0
30.86	4.0
31.58	1.0
32.28	2.0
33.0	3.0
33.71	4.0
34.43	1.0
35.14	2.0
35.86	3.0
36.57	4.0
37.29	1.0
38.0	2.0
38.72	3.0
39.43	4.0
40.15	1.0
40.85	2.0
41.57	3.0
42.29	4.0
43.0	1.0
43.72	2.0
44.43	3.0
45.15	4.0
45.86	1.0
46.58	2.0
47.29	3.0
48.0	4.0
48.72	1.0
49.43	2.0
50.15	3.0
50.86	4.0
51.57	1.0
52.29	2.0
53.01	3.0
53.71	4.0
54.43	1.0
55.14	2.0
55.86	3.0
56.57	4.0
57.29	1.0
58.0	2.0
58.72	3.0
59.43	4.0
60.15	1.0
60.86	2.0
61.58	3.0
62.29	4.0
63.0	1.0
63.72	2.0
64.43	3.0
65.14	4.0
65.86	1.0
66.57	2.0
67.29	3.0
68.0	4.0
68.72	1.0
69.43	2.0
70.15	3.0
70.86	4.0
71.6	1.0
72.3	2.0
73.02	3.0
73.71	4.0
74.43	1.0
75.14	2.0
75.86	3.0
76.57	4.0
77.29	1.0
78.0	2.0
78.72	3.0
79.43	4.0
80.14	1.0
80.86	2.0
81.57	3.0
82.29	4.0
83.0	1.0
83.71	2.0
84.43	3.0
85.14	4.0
85.86	1.0
86.57	2.0
87.29	3.0
88.0	4.0
88.72	1.0
89.43	2.0
90.14	3.0
90.86	4.0
91.57	1.0
92.29	2.0
93.0	3.0
93.72	4.0
94.43	1.0
95.14	2.0
95.86	3.0
96.57	4.0
97.29	1.0
98.0	2.0
98.71	3.0
99.43	4.0
100.14	1.0
100.86	2.0
101.57	3.0
102.29	4.0
103.0	1.0
103.72	2.0
104.43	3.0
105.14	4.0
105.86	1.0
106.58	2.0
107.3	3.0
108.0	4.0
108.72	1.0
109.43	2.0
110.15	3.0
110.86	4.0
111.57	1.0
112.29	2.0
113.0	3.0
113.72	4.0
114.43	1.0
115.14	2.0
115.86	3.0
116.57	4.0
117.29	1.0
118.0	2.0
118.72	3.0
119.43	4.0
120.15	1.0
120.86	2.0
121.58	3.0
122.29	4.0
123.01	1.0
123.72	2.0
124.43	3.0
125.15	4.0
125.86	1.0
126.57	2.0
127.29	3.0
128.0	4.0
128.72	1.0
129.43	2.0
130.14	3.0
130.87	4.0
131.58	1.0
132.29	2.0
133.04	3.0
133.72	4.0
134.43	1.0
135.15	2.0
135.87	3.0
136.57	4.0
137.29	1.0
138.03	2.0
138.73	3.0
139.43	4.0
140.15	1.0
140.88	2.0
141.58	3.0
142.28	4.0
143.01	1.0
143.72	2.0
144.44	3.0
145.15	4.0
145.88	1.0
146.57	2.0
147.3	3.0
148.0	4.0
148.72	1.0
149.43	2.0
150.15	3.0
150.86	4.0
151.57	1.0
152.29	2.0
153.0	3.0
153.72	4.0
154.43	1.0
155.15	2.0
155.86	3.0
156.57	4.0
157.29	1.0
158.0	2.0
158.71	3.0
159.43	4.0
160.15	1.0
160.86	2.0
161.57	3.0
162.29	4.0
163.0	1.0
163.72	2.0
164.43	3.0
165.15	4.0
165.86	1.0
166.57	2.0
167.29	3.0
168.0	4.0
168.72	1.0
169.43	2.0
170.15	3.0
170.86	4.0
171.58	1.0
172.29	2.0
173.0	3.0
173.72	4.0
174.43	1.0
175.14	2.0
175.86	3.0
176.57	4.0
177.29	1.0
178.0	2.0
178.72	3.0
179.43	4.0
180.15	1.0
180.86	2.0
181.57	3.0
182.29	4.0
183.01	1.0
183.72	2.0
184.44	3.0
185.15	4.0
185.86	1.0
186.58	2.0
187.29	3.0
188.0	4.0
188.72	1.0
189.43	2.0
190.15	3.0
190.86	4.0
191.58	1.0
192.29	2.0
193.0	3.0
193.72	4.0
194.44	1.0
195.15	2.0
195.86	3.0
196.58	4.0
197.29	1.0
198.0	2.0
198.72	3.0
199.43	4.0
200.15	1.0
200.86	2.0
201.58	3.0
202.29	4.0
203.01	1.0
203.72	2.0
204.44	3.0
205.15	4.0
205.87	1.0
206.58	2.0
207.29	3.0
208.0	4.0
208.72	1.0
209.43	2.0
210.15	3.0
210.86	4.0
211.58	1.0
212.29	2.0
213.01	3.0
213.72	4.0
214.43	1.0
215.14	2.0
215.86	3.0
216.58	4.0
217.29	1.0
218.0	2.0
218.72	3.0
219.43	4.0
220.15	1.0
220.86	2.0
221.57	3.0
222.29	4.0
223.01	1.0
223.72	2.0
224.43	3.0
225.15	4.0
225.87	1.0
226.57	2.0
227.29	3.0
228.01	4.0
228.72	1.0
229.44	2.0
