1.24	1.0
1.64	2.0
2.03	3.0
2.41	4.0
2.8	1.0
3.18	2.0
3.57	3.0
3.95	4.0
4.34	1.0
4.72	2.0
5.1	3.0
5.48	4.0
5.87	1.0
6.26	2.0
6.65	3.0
7.04	4.0
7.43	1.0
7.82	2.0
8.2	3.0
8.58	4.0
8.96	1.0
9.35	2.0
9.73	3.0
10.12	4.0
10.5	1.0
10.91	2.0
11.29	3.0
11.68	4.0
12.07	1.0
12.48	2.0
12.88	3.0
13.26	4.0
13.65	1.0
14.04	2.0
14.43	3.0
14.81	4.0
15.21	1.0
15.61	2.0
16.0	3.0
16.39	4.0
16.78	1.0
17.16	2.0
17.55	3.0
17.95	4.0
18.34	1.0
18.72	2.0
19.13	3.0
19.51	4.0
19.92	1.0
20.31	2.0
20.73	3.0
21.13	4.0
21.52	1.0
21.92	2.0
22.32	3.0
22.7	4.0
23.08	1.0
23.49	2.0
23.88	3.0
24.26	4.0
24.64	1.0
25.02	2.0
25.42	3.0
25.83	4.0
26.24	1.0
26.63	2.0
27.02	3.0
27.39	4.0
27.79	1.0
28.19	2.0
28.6	3.0
28.99	4.0
29.38	1.0
29.77	2.0
30.14	3.0
30.53	4.0
30.9	1.0
31.31	2.0
31.7	3.0
32.1	4.0
32.5	1.0
32.88	2.0
33.29	3.0
33.68	4.0
34.07	1.0
34.45	2.0
34.85	3.0
35.25	4.0
35.65	1.0
36.04	2.0
36.44	3.0
36.82	4.0
37.22	1.0
37.62	2.0
38.01	3.0
38.4	4.0
38.79	1.0
39.18	2.0
39.57	3.0
39.96	4.0
40.35	1.0
40.73	2.0
41.13	3.0
41.52	4.0
41.92	1.0
42.31	2.0
42.71	3.0
43.11	4.0
43.5	1.0
43.89	2.0
44.28	3.0
44.67	4.0
45.06	1.0
45.45	2.0
45.84	3.0
46.23	4.0
46.63	1.0
47.02	2.0
47.42	3.0
47.8	4.0
48.19	1.0
48.58	2.0
48.97	3.0
49.37	4.0
49.75	1.0
50.15	2.0
50.54	3.0
50.93	4.0
51.31	1.0
51.7	2.0
52.1	3.0
52.5	4.0
52.91	1.0
53.3	2.0
53.7	3.0
54.08	4.0
54.46	1.0
54.86	2.0
55.26	3.0
55.65	4.0
56.04	1.0
56.43	2.0
56.82	3.0
57.21	4.0
57.59	1.0
57.98	2.0
58.38	3.0
58.78	4.0
59.17	1.0
59.56	2.0
59.96	3.0
60.35	4.0
60.74	1.0
61.13	2.0
61.52	3.0
61.92	4.0
62.32	1.0
62.72	2.0
63.11	3.0
63.5	4.0
63.89	1.0
64.27	2.0
64.67	3.0
65.06	4.0
65.45	1.0
65.85	2.0
66.24	3.0
66.64	4.0
67.03	1.0
67.43	2.0
67.82	3.0
68.21	4.0
68.61	1.0
69.0	2.0
69.39	3.0
69.78	4.0
70.17	1.0
70.56	2.0
70.97	3.0
71.37	4.0
71.76	1.0
72.15	2.0
72.56	3.0
72.98	4.0
73.38	1.0
73.77	2.0
74.16	3.0
74.56	4.0
74.94	1.0
75.35	2.0
75.74	3.0
76.13	4.0
76.52	1.0
76.92	2.0
77.32	3.0
77.72	4.0
78.11	1.0
78.5	2.0
78.89	3.0
79.28	4.0
79.68	1.0
80.06	2.0
80.46	3.0
80.86	4.0
81.25	1.0
81.64	2.0
82.04	3.0
82.42	4.0
82.82	1.0
83.21	2.0
83.6	3.0
83.99	4.0
84.39	1.0
84.78	2.0
85.16	3.0
85.55	4.0
85.93	1.0
86.32	2.0
86.72	3.0
87.1	4.0
87.49	1.0
87.88	2.0
88.28	3.0
88.68	4.0
89.07	1.0
89.46	2.0
89.85	3.0
90.25	4.0
90.65	1.0
91.04	2.0
91.43	3.0
91.82	4.0
92.22	1.0
92.61	2.0
93.01	3.0
93.39	4.0
93.78	1.0
94.17	2.0
94.57	3.0
94.96	4.0
95.35	1.0
95.74	2.0
96.14	3.0
96.53	4.0
96.93	1.0
97.32	2.0
97.71	3.0
98.11	4.0
98.51	1.0
98.9	2.0
99.3	3.0
99.68	4.0
100.07	1.0
100.47	2.0
100.86	3.0
101.26	4.0
101.65	1.0
102.04	2.0
102.44	3.0
102.84	4.0
103.23	1.0
103.62	2.0
104.01	3.0
104.41	4.0
104.81	1.0
105.21	2.0
105.6	3.0
106.0	4.0
106.4	1.0
106.79	2.0
107.18	3.0
107.57	4.0
107.95	1.0
108.35	2.0
108.74	3.0
109.15	4.0
109.54	1.0
109.93	2.0
110.32	3.0
110.7	4.0
111.09	1.0
111.49	2.0
111.89	3.0
112.28	4.0
112.67	1.0
113.06	2.0
113.45	3.0
113.85	4.0
114.24	1.0
114.64	2.0
115.04	3.0
115.44	4.0
115.83	1.0
116.23	2.0
116.62	3.0
117.03	4.0
117.42	1.0
117.83	2.0
118.22	3.0
118.62	4.0
119.01	1.0
119.4	2.0
119.8	3.0
120.19	4.0
120.57	1.0
120.96	2.0
121.36	3.0
121.74	4.0
122.15	1.0
122.54	2.0
122.93	3.0
123.33	4.0
123.72	1.0
124.12	2.0
124.51	3.0
124.91	4.0
125.3	1.0
125.69	2.0
126.09	3.0
126.48	4.0
126.86	1.0
127.27	2.0
127.67	3.0
128.06	4.0
128.45	1.0
128.85	2.0
129.25	3.0
129.67	4.0
130.07	1.0
130.47	2.0
130.87	3.0
131.25	4.0
131.67	1.0
132.06	2.0
132.44	3.0
132.83	4.0
133.22	1.0
133.62	2.0
134.01	3.0
134.4	4.0
134.81	1.0
135.22	2.0
135.62	3.0
136.02	4.0
136.42	1.0
136.8	2.0
137.21	3.0
137.63	4.0
138.04	1.0
138.44	2.0
138.84	3.0
139.22	4.0
139.61	1.0
140.0	2.0
140.39	3.0
140.78	4.0
141.17	1.0
141.56	2.0
141.96	3.0
142.35	4.0
142.74	1.0
143.13	2.0
143.53	3.0
143.92	4.0
144.31	1.0
144.7	2.0
145.1	3.0
145.49	4.0
145.89	1.0
146.28	2.0
146.67	3.0
147.06	4.0
147.45	1.0
147.84	2.0
148.24	3.0
148.63	4.0
149.02	1.0
149.44	2.0
149.83	3.0
150.22	4.0
150.6	1.0
151.0	2.0
151.39	3.0
151.79	4.0
152.18	1.0
152.57	2.0
152.97	3.0
153.36	4.0
153.75	1.0
154.16	2.0
154.56	3.0
154.95	4.0
155.33	1.0
155.72	2.0
156.12	3.0
156.51	4.0
156.9	1.0
157.28	2.0
157.68	3.0
158.07	4.0
158.46	1.0
158.86	2.0
159.26	3.0
159.64	4.0
160.03	1.0
160.42	2.0
160.81	3.0
161.2	4.0
161.58	1.0
162.0	2.0
162.39	3.0
162.77	4.0
163.15	1.0
163.53	2.0
163.92	3.0
164.31	4.0
164.7	1.0
165.1	2.0
165.5	3.0
165.88	4.0
166.27	1.0
166.66	2.0
167.06	3.0
167.45	4.0
167.84	1.0
168.23	2.0
168.62	3.0
169.01	4.0
169.39	1.0
169.79	2.0
170.19	3.0
170.59	4.0
170.98	1.0
171.36	2.0
171.75	3.0
172.14	4.0
172.52	1.0
172.91	2.0
173.32	3.0
173.71	4.0
174.1	1.0
174.48	2.0
174.87	3.0
175.25	4.0
175.64	1.0
176.04	2.0
176.43	3.0
176.83	4.0
177.22	1.0
177.62	2.0
178.01	3.0
178.4	4.0
178.79	1.0
179.2	2.0
179.6	3.0
179.99	4.0
180.38	1.0
180.77	2.0
181.17	3.0
181.56	4.0
181.95	1.0
182.33	2.0
182.72	3.0
183.1	4.0
183.5	1.0
183.91	2.0
184.29	3.0
184.7	4.0
185.08	1.0
185.48	2.0
185.87	3.0
186.26	4.0
186.66	1.0
187.06	2.0
187.45	3.0
187.84	4.0
188.22	1.0
188.61	2.0
189.01	3.0
189.4	4.0
189.8	1.0
190.19	2.0
190.59	3.0
190.97	4.0
191.37	1.0
191.75	2.0
192.15	3.0
192.54	4.0
192.94	1.0
193.33	2.0
193.72	3.0
194.11	4.0
194.49	1.0
194.86	2.0
195.23	3.0
195.63	4.0
196.0	1.0
196.4	2.0
196.78	3.0
197.19	4.0
197.58	1.0
197.97	2.0
198.36	3.0
198.75	4.0
199.15	1.0
199.54	2.0
199.94	3.0
200.32	4.0
200.7	1.0
201.1	2.0
201.5	3.0
201.88	4.0
202.27	1.0
202.65	2.0
203.05	3.0
203.44	4.0
203.83	1.0
204.22	2.0
204.62	3.0
205.0	4.0
205.39	1.0
205.79	2.0
206.18	3.0
206.57	4.0
206.96	1.0
207.35	2.0
207.73	3.0
208.12	4.0
208.52	1.0
208.93	2.0
209.31	3.0
209.7	4.0
210.1	1.0
210.49	2.0
210.88	3.0
211.27	4.0
211.66	1.0
212.05	2.0
212.46	3.0
212.86	4.0
213.24	1.0
213.63	2.0
214.01	3.0
214.41	4.0
214.81	1.0
215.22	2.0
215.61	3.0
216.0	4.0
216.4	1.0
216.79	2.0
217.19	3.0
217.6	4.0
217.99	1.0
218.38	2.0
218.77	3.0
219.17	4.0
219.56	1.0
219.94	2.0
220.34	3.0
220.73	4.0
221.13	1.0
221.53	2.0
221.92	3.0
222.3	4.0
222.69	1.0
223.08	2.0
223.48	3.0
223.86	4.0
224.25	1.0
224.64	2.0
225.03	3.0
225.42	4.0
225.81	1.0
226.2	2.0
226.59	3.0
226.99	4.0
227.39	1.0
227.78	2.0
228.18	3.0
228.57	4.0
228.98	1.0
229.36	2.0
229.76	3.0
