0.42	2.0
1.04	3.0
1.72	1.0
2.36	2.0
3.03	3.0
3.71	1.0
4.42	2.0
5.09	3.0
5.81	1.0
6.46	2.0
7.17	3.0
7.86	1.0
8.63	2.0
9.35	3.0
10.08	1.0
10.79	2.0
11.45	3.0
12.13	1.0
12.79	2.0
13.49	3.0
14.16	1.0
14.63	2.0
15.05	3.0
15.49	1.0
15.93	2.0
16.39	3.0
16.81	1.0
17.27	2.0
17.64	3.0
18.05	1.0
18.43	2.0
18.83	3.0
19.22	1.0
19.61	2.0
20.03	3.0
20.45	1.0
20.86	2.0
21.27	3.0
21.66	1.0
22.08	2.0
22.47	3.0
22.89	1.0
23.28	2.0
23.69	3.0
24.11	1.0
24.53	2.0
24.93	3.0
25.37	1.0
25.8	2.0
26.26	3.0
26.7	1.0
27.11	2.0
27.51	3.0
27.91	1.0
28.34	2.0
28.76	3.0
29.18	1.0
29.61	2.0
30.02	3.0
30.44	1.0
30.86	2.0
31.27	3.0
31.69	1.0
32.13	2.0
32.54	3.0
32.95	1.0
33.35	2.0
33.77	3.0
34.17	1.0
34.59	2.0
34.99	3.0
35.4	1.0
35.82	2.0
36.25	3.0
36.66	1.0
37.09	2.0
37.51	3.0
37.93	1.0
38.37	2.0
38.82	3.0
39.27	1.0
39.7	2.0
40.11	3.0
40.53	1.0
40.96	2.0
41.38	3.0
41.78	1.0
42.19	2.0
42.62	3.0
43.02	1.0
43.46	2.0
43.87	3.0
44.29	1.0
44.71	2.0
45.13	3.0
45.53	1.0
45.93	2.0
46.34	3.0
46.75	1.0
47.18	2.0
47.58	3.0
48.02	1.0
48.44	2.0
48.88	3.0
49.31	1.0
49.74	2.0
50.16	3.0
50.58	1.0
51.01	2.0
51.4	3.0
51.83	1.0
52.24	2.0
52.64	3.0
53.05	1.0
53.47	2.0
53.9	3.0
54.31	1.0
54.72	2.0
55.14	3.0
55.55	1.0
55.96	2.0
56.38	3.0
56.79	1.0
57.22	2.0
57.62	3.0
58.04	1.0
58.47	2.0
58.9	3.0
59.35	1.0
59.78	2.0
60.19	3.0
60.61	1.0
61.02	2.0
61.44	3.0
61.86	1.0
62.33	2.0
62.76	3.0
63.22	1.0
63.68	2.0
64.13	3.0
64.58	1.0
65.03	2.0
65.45	3.0
65.91	1.0
66.34	2.0
66.76	3.0
67.19	1.0
67.63	2.0
68.05	3.0
68.5	1.0
68.93	2.0
69.36	3.0
69.76	1.0
70.19	2.0
70.61	3.0
71.02	1.0
71.45	2.0
71.86	3.0
72.3	1.0
72.73	2.0
73.15	3.0
73.59	1.0
74.02	2.0
74.44	3.0
74.85	1.0
75.28	2.0
75.69	3.0
76.12	1.0
76.54	2.0
76.97	3.0
77.38	1.0
77.82	2.0
78.25	3.0
78.69	1.0
79.15	2.0
79.57	3.0
80.03	1.0
80.45	2.0
80.88	3.0
81.32	1.0
81.73	2.0
82.14	3.0
82.56	1.0
83.01	2.0
83.44	3.0
83.85	1.0
84.29	2.0
84.71	3.0
85.15	1.0
85.59	2.0
86.0	3.0
86.42	1.0
86.83	2.0
87.25	3.0
87.67	1.0
88.1	2.0
88.51	3.0
88.96	1.0
89.39	2.0
89.82	3.0
90.23	1.0
90.67	2.0
91.1	3.0
91.53	1.0
91.95	2.0
92.37	3.0
92.8	1.0
93.22	2.0
93.62	3.0
94.03	1.0
94.44	2.0
94.86	3.0
95.27	1.0
95.7	2.0
96.1	3.0
96.52	1.0
96.94	2.0
97.37	3.0
97.78	1.0
98.22	2.0
98.63	3.0
99.04	1.0
99.49	2.0
99.9	3.0
100.35	1.0
100.8	2.0
101.22	3.0
101.66	1.0
102.08	2.0
102.51	3.0
102.96	1.0
103.41	2.0
103.85	3.0
104.3	1.0
104.74	2.0
105.18	3.0
105.63	1.0
106.06	2.0
106.47	3.0
106.9	1.0
107.37	2.0
107.8	3.0
108.26	1.0
108.73	2.0
109.18	3.0
109.65	1.0
110.11	2.0
110.55	3.0
110.98	1.0
111.4	2.0
111.8	3.0
112.22	1.0
112.65	2.0
113.06	3.0
113.47	1.0
113.89	2.0
114.3	3.0
114.73	1.0
115.14	2.0
115.56	3.0
115.99	1.0
116.42	2.0
116.83	3.0
117.25	1.0
117.68	2.0
118.1	3.0
118.5	1.0
118.92	2.0
119.34	3.0
119.76	1.0
120.19	2.0
120.64	3.0
121.07	1.0
121.49	2.0
121.91	3.0
122.35	1.0
122.77	2.0
123.18	3.0
123.58	1.0
124.0	2.0
124.41	3.0
124.81	1.0
125.25	2.0
125.7	3.0
126.13	1.0
126.58	2.0
127.0	3.0
127.43	1.0
127.85	2.0
128.24	3.0
128.64	1.0
129.05	2.0
129.43	3.0
129.84	1.0
130.28	2.0
130.71	3.0
131.13	1.0
131.56	2.0
131.99	3.0
132.44	1.0
132.89	2.0
133.33	3.0
133.77	1.0
134.19	2.0
134.6	3.0
135.04	1.0
135.46	2.0
135.89	3.0
136.31	1.0
136.74	2.0
137.17	3.0
137.6	1.0
138.04	2.0
138.47	3.0
138.89	1.0
139.31	2.0
139.74	3.0
140.17	1.0
140.6	2.0
141.04	3.0
141.48	1.0
141.9	2.0
142.32	3.0
142.75	1.0
143.19	2.0
143.65	3.0
144.08	1.0
144.53	2.0
144.96	3.0
145.41	1.0
145.84	2.0
146.32	3.0
146.79	1.0
147.26	2.0
147.72	3.0
148.22	1.0
148.68	2.0
149.18	3.0
149.66	1.0
150.14	2.0
150.59	3.0
151.05	1.0
151.52	2.0
151.96	3.0
152.41	1.0
152.87	2.0
153.31	3.0
153.74	1.0
154.18	2.0
154.6	3.0
155.05	1.0
155.48	2.0
155.9	3.0
156.34	1.0
156.8	2.0
157.24	3.0
157.66	1.0
158.1	2.0
158.52	3.0
158.95	1.0
159.4	2.0
159.83	3.0
160.27	1.0
160.72	2.0
161.13	3.0
161.58	1.0
162.0	2.0
162.44	3.0
162.89	1.0
163.33	2.0
163.75	3.0
164.2	1.0
164.64	2.0
165.07	3.0
165.49	1.0
165.93	2.0
166.37	3.0
166.78	1.0
167.22	2.0
167.66	3.0
168.08	1.0
168.52	2.0
168.93	3.0
169.37	1.0
169.79	2.0
170.2	3.0
170.62	1.0
171.07	2.0
171.48	3.0
171.92	1.0
172.38	2.0
172.82	3.0
173.24	1.0
173.7	2.0
174.13	3.0
174.52	1.0
174.93	2.0
175.35	3.0
175.77	1.0
176.16	2.0
176.57	3.0
176.99	1.0
177.41	2.0
177.84	3.0
178.28	1.0
178.74	2.0
179.17	3.0
179.61	1.0
180.06	2.0
180.51	3.0
180.96	1.0
181.41	2.0
181.84	3.0
182.29	1.0
182.76	2.0
183.21	3.0
183.69	1.0
184.13	2.0
184.58	3.0
185.04	1.0
185.48	2.0
185.9	3.0
186.36	1.0
186.8	2.0
187.25	3.0
187.69	1.0
188.17	2.0
188.65	3.0
189.15	1.0
189.6	2.0
190.09	3.0
190.55	1.0
191.0	2.0
191.43	3.0
191.89	1.0
192.35	2.0
192.79	3.0
193.24	1.0
193.7	2.0
194.13	3.0
194.58	1.0
195.06	2.0
195.5	3.0
195.96	1.0
196.45	2.0
196.92	3.0
197.37	1.0
197.82	2.0
198.27	3.0
198.69	1.0
199.13	2.0
199.59	3.0
200.01	1.0
200.46	2.0
200.91	3.0
201.38	1.0
201.81	2.0
202.26	3.0
202.73	1.0
203.18	2.0
203.63	3.0
204.06	1.0
204.52	2.0
204.97	3.0
205.44	1.0
205.92	2.0
206.38	3.0
206.87	1.0
207.34	2.0
207.81	3.0
208.28	1.0
208.75	2.0
209.21	3.0
209.68	1.0
210.14	2.0
210.58	3.0
211.06	1.0
211.52	2.0
211.96	3.0
212.43	1.0
