1.32	4.0
1.64	1.0
1.96	2.0
2.28	3.0
2.6	4.0
2.91	1.0
3.24	2.0
3.55	3.0
3.87	4.0
4.18	1.0
4.5	2.0
4.82	3.0
5.14	4.0
5.46	1.0
5.77	2.0
6.09	3.0
6.41	4.0
6.73	1.0
7.05	2.0
7.37	3.0
7.68	4.0
8.0	1.0
8.32	2.0
8.64	3.0
8.95	4.0
9.27	1.0
9.59	2.0
9.91	3.0
10.22	4.0
10.54	1.0
10.86	2.0
11.17	3.0
11.49	4.0
11.82	1.0
12.13	2.0
12.45	3.0
12.76	4.0
13.08	1.0
13.39	2.0
13.71	3.0
14.03	4.0
14.35	1.0
14.67	2.0
14.98	3.0
15.3	4.0
15.62	1.0
15.94	2.0
16.26	3.0
16.57	4.0
16.89	1.0
17.2	2.0
17.52	3.0
17.84	4.0
18.15	1.0
18.48	2.0
18.79	3.0
19.11	4.0
19.42	1.0
19.74	2.0
20.06	3.0
20.38	4.0
20.69	1.0
21.01	2.0
21.34	3.0
21.65	4.0
21.97	1.0
22.28	2.0
22.6	3.0
22.92	4.0
23.23	1.0
23.55	2.0
23.87	3.0
24.18	4.0
24.5	1.0
24.82	2.0
25.13	3.0
25.45	4.0
25.77	1.0
26.09	2.0
26.42	3.0
26.73	4.0
27.04	1.0
27.36	2.0
27.68	3.0
27.99	4.0
28.31	1.0
28.63	2.0
28.95	3.0
29.26	4.0
29.57	1.0
29.89	2.0
30.21	3.0
30.53	4.0
30.85	1.0
31.17	2.0
31.49	3.0
31.8	4.0
32.12	1.0
32.44	2.0
32.76	3.0
33.07	4.0
33.38	1.0
33.7	2.0
34.01	3.0
34.33	4.0
34.65	1.0
34.97	2.0
35.28	3.0
35.6	4.0
35.92	1.0
36.24	2.0
36.57	3.0
36.87	4.0
37.19	1.0
37.5	2.0
37.82	3.0
38.14	4.0
38.45	1.0
38.77	2.0
39.09	3.0
39.41	4.0
39.72	1.0
40.04	2.0
40.35	3.0
40.67	4.0
40.99	1.0
41.31	2.0
41.63	3.0
41.94	4.0
42.26	1.0
42.58	2.0
42.91	3.0
43.21	4.0
43.52	1.0
43.84	2.0
44.16	3.0
44.48	4.0
44.79	1.0
45.11	2.0
45.42	3.0
45.74	4.0
46.06	1.0
46.38	2.0
46.69	3.0
47.01	4.0
47.34	1.0
47.65	2.0
47.97	3.0
48.28	4.0
48.59	1.0
48.91	2.0
49.22	3.0
49.54	4.0
49.86	1.0
50.18	2.0
50.49	3.0
50.81	4.0
51.13	1.0
51.45	2.0
51.77	3.0
52.09	4.0
52.42	1.0
52.72	2.0
53.03	3.0
53.35	4.0
53.66	1.0
53.96	2.0
54.29	3.0
54.61	4.0
54.93	1.0
55.25	2.0
55.57	3.0
55.88	4.0
56.2	1.0
56.53	2.0
56.85	3.0
57.15	4.0
57.47	1.0
57.78	2.0
58.09	3.0
58.41	4.0
58.73	1.0
59.04	2.0
59.37	3.0
59.68	4.0
60.0	1.0
60.31	2.0
60.63	3.0
60.95	4.0
61.26	1.0
61.58	2.0
61.9	3.0
62.22	4.0
62.55	1.0
62.86	2.0
63.17	3.0
63.48	4.0
63.8	1.0
64.12	2.0
64.44	3.0
64.75	4.0
65.07	1.0
65.39	2.0
65.71	3.0
66.02	4.0
66.33	1.0
66.65	2.0
66.96	3.0
67.28	4.0
67.6	1.0
67.92	2.0
68.24	3.0
68.55	4.0
68.87	1.0
69.19	2.0
69.51	3.0
69.82	4.0
70.13	1.0
70.45	2.0
70.76	3.0
71.08	4.0
71.4	1.0
71.72	2.0
72.04	3.0
72.35	4.0
72.68	1.0
72.99	2.0
73.3	3.0
73.62	4.0
73.93	1.0
74.24	2.0
74.57	3.0
74.89	4.0
75.2	1.0
75.52	2.0
75.84	3.0
76.16	4.0
76.48	1.0
76.8	2.0
77.11	3.0
77.42	4.0
77.74	1.0
78.05	2.0
78.36	3.0
78.68	4.0
79.0	1.0
79.31	2.0
79.64	3.0
79.95	4.0
80.27	1.0
80.58	2.0
80.9	3.0
81.22	4.0
81.54	1.0
81.85	2.0
82.17	3.0
82.49	4.0
82.81	1.0
83.12	2.0
83.44	3.0
83.75	4.0
84.07	1.0
84.38	2.0
84.7	3.0
85.02	4.0
85.33	1.0
85.65	2.0
85.96	3.0
86.28	4.0
86.6	1.0
86.92	2.0
87.23	3.0
87.55	4.0
87.87	1.0
88.19	2.0
88.51	3.0
88.82	4.0
89.13	1.0
89.45	2.0
89.76	3.0
90.08	4.0
90.39	1.0
90.71	2.0
91.03	3.0
91.35	4.0
91.67	1.0
91.99	2.0
92.31	3.0
92.62	4.0
92.94	1.0
93.25	2.0
93.56	3.0
93.88	4.0
94.2	1.0
94.52	2.0
94.84	3.0
95.15	4.0
95.46	1.0
95.78	2.0
96.09	3.0
96.41	4.0
96.73	1.0
97.05	2.0
97.37	3.0
97.69	4.0
98.01	1.0
98.33	2.0
98.64	3.0
98.96	4.0
99.28	1.0
99.59	2.0
99.9	3.0
100.21	4.0
100.53	1.0
100.84	2.0
101.16	3.0
101.48	4.0
101.8	1.0
102.11	2.0
102.44	3.0
102.75	4.0
103.07	1.0
103.39	2.0
103.71	3.0
104.02	4.0
104.33	1.0
104.64	2.0
104.96	3.0
105.28	4.0
105.6	1.0
105.91	2.0
106.23	3.0
106.55	4.0
106.87	1.0
107.19	2.0
107.49	3.0
107.81	4.0
108.12	1.0
108.45	2.0
108.77	3.0
109.09	4.0
109.4	1.0
109.72	2.0
110.03	3.0
110.35	4.0
110.66	1.0
110.98	2.0
111.29	3.0
111.61	4.0
111.93	1.0
112.25	2.0
112.56	3.0
112.88	4.0
113.18	1.0
113.51	2.0
113.83	3.0
114.14	4.0
114.46	1.0
114.79	2.0
115.1	3.0
115.41	4.0
115.72	1.0
116.03	2.0
116.35	3.0
116.67	4.0
116.99	1.0
117.31	2.0
117.62	3.0
117.95	4.0
118.39	1.0
118.88	2.0
119.51	3.0
120.15	4.0
120.78	1.0
121.41	2.0
122.05	3.0
122.66	4.0
123.3	1.0
123.95	2.0
124.58	3.0
125.21	4.0
125.84	1.0
126.47	2.0
127.1	3.0
127.74	4.0
128.37	1.0
128.99	2.0
129.64	3.0
130.27	4.0
130.9	1.0
131.54	2.0
132.16	3.0
132.8	4.0
133.43	1.0
134.07	2.0
134.69	3.0
135.33	4.0
135.96	1.0
136.58	2.0
137.22	3.0
137.86	4.0
138.51	1.0
139.13	2.0
139.75	3.0
140.39	4.0
141.02	1.0
141.65	2.0
142.28	3.0
142.91	4.0
143.54	1.0
144.18	2.0
144.8	3.0
145.43	4.0
146.07	1.0
146.7	2.0
147.34	3.0
147.97	4.0
148.62	1.0
149.25	2.0
149.85	3.0
150.5	4.0
151.13	1.0
151.76	2.0
152.39	3.0
153.02	4.0
153.66	1.0
154.31	2.0
154.92	3.0
155.56	4.0
156.18	1.0
156.82	2.0
157.45	3.0
158.09	4.0
158.73	1.0
159.36	2.0
159.97	3.0
160.61	4.0
161.24	1.0
161.87	2.0
162.5	3.0
163.14	4.0
163.76	1.0
164.39	2.0
165.03	3.0
165.67	4.0
166.29	1.0
166.93	2.0
167.55	3.0
168.19	4.0
168.83	1.0
169.45	2.0
170.07	3.0
170.72	4.0
171.35	1.0
171.98	2.0
172.6	3.0
173.24	4.0
173.88	1.0
174.52	2.0
175.14	3.0
175.77	4.0
176.4	1.0
177.03	2.0
177.66	3.0
178.3	4.0
178.93	1.0
179.56	2.0
180.18	3.0
180.82	4.0
181.45	1.0
182.08	2.0
182.71	3.0
183.36	4.0
183.97	1.0
184.61	2.0
185.23	3.0
185.87	4.0
186.5	1.0
187.14	2.0
187.77	3.0
188.41	4.0
189.05	1.0
189.67	2.0
190.29	3.0
190.92	4.0
191.55	1.0
192.19	2.0
192.81	3.0
193.46	4.0
194.07	1.0
194.71	2.0
195.34	3.0
195.97	4.0
196.61	1.0
197.23	2.0
197.87	3.0
198.49	4.0
199.14	1.0
199.78	2.0
200.39	3.0
201.03	4.0
201.65	1.0
202.29	2.0
202.92	3.0
203.54	4.0
204.19	1.0
204.83	2.0
205.45	3.0
206.08	4.0
206.71	1.0
207.34	2.0
207.97	3.0
208.61	4.0
209.26	1.0
209.86	2.0
210.5	3.0
211.13	4.0
211.76	1.0
212.39	2.0
213.02	3.0
213.49	4.0
213.99	1.0
214.45	2.0
214.93	3.0
215.55	4.0
216.18	1.0
216.81	2.0
217.44	3.0
218.08	4.0
218.69	1.0
219.33	2.0
219.96	3.0
220.6	4.0
221.23	1.0
221.85	2.0
222.48	3.0
223.12	4.0
223.74	1.0
224.39	2.0
225.04	3.0
225.66	4.0
226.28	1.0
226.91	2.0
227.55	3.0
228.18	4.0
228.8	1.0
229.43	2.0
230.08	3.0
230.69	4.0
231.34	1.0
231.98	2.0
232.6	3.0
233.23	4.0
233.85	1.0
234.48	2.0
235.11	3.0
235.75	4.0
236.37	1.0
236.99	2.0
237.65	3.0
238.28	4.0
238.9	1.0
239.53	2.0
240.17	3.0
240.8	4.0
241.45	1.0
242.08	2.0
242.71	3.0
243.33	4.0
243.95	1.0
244.58	2.0
245.21	3.0
245.85	4.0
246.47	1.0
247.1	2.0
247.75	3.0
248.38	4.0
249.01	1.0
249.65	2.0
250.29	3.0
250.92	4.0
251.55	1.0
252.17	2.0
252.8	3.0
253.43	4.0
254.06	1.0
254.68	2.0
255.32	3.0
255.95	4.0
256.58	1.0
257.22	2.0
257.85	3.0
258.47	4.0
259.1	1.0
259.74	2.0
260.37	3.0
261.0	4.0
261.65	1.0
262.27	2.0
262.91	3.0
263.53	4.0
264.14	1.0
264.77	2.0
265.41	3.0
266.06	4.0
266.69	1.0
267.32	2.0
267.96	3.0
268.57	4.0
269.19	1.0
269.83	2.0
270.47	3.0
271.09	4.0
271.74	1.0
272.39	2.0
273.02	3.0
273.63	4.0
274.26	1.0
274.9	2.0
275.51	3.0
276.16	4.0
276.77	1.0
277.4	2.0
278.04	3.0
278.66	4.0
279.29	1.0
279.93	2.0
280.58	3.0
281.2	4.0
281.84	1.0
282.47	2.0
283.1	3.0
283.73	4.0
284.36	1.0
284.98	2.0
285.62	3.0
286.26	4.0
286.88	1.0
287.52	2.0
288.15	3.0
288.77	4.0
289.41	1.0
290.06	2.0
290.69	3.0
291.31	4.0
291.94	1.0
292.57	2.0
293.21	3.0
293.84	4.0
294.47	1.0
295.09	2.0
295.73	3.0
296.35	4.0
296.97	1.0
297.6	2.0
298.23	3.0
298.88	4.0
299.51	1.0
300.15	2.0
300.78	3.0
301.4	4.0
302.05	1.0
302.66	2.0
303.31	3.0
303.93	4.0
304.56	1.0
305.19	2.0
305.83	3.0
306.46	4.0
307.1	1.0
307.73	2.0
308.36	3.0
308.98	4.0
309.61	1.0
310.25	2.0
310.89	3.0
311.5	4.0
312.14	1.0
312.76	2.0
313.38	3.0
314.03	4.0
314.66	1.0
315.28	2.0
315.92	3.0
316.54	4.0
317.17	1.0
317.8	2.0
318.44	3.0
319.06	4.0
319.7	1.0
320.34	2.0
320.97	3.0
321.59	4.0
322.22	1.0
322.86	2.0
323.47	3.0
324.1	4.0
324.73	1.0
325.36	2.0
326.01	3.0
326.64	4.0
327.27	1.0
327.9	2.0
