0.55	4.0
0.92	1.0
1.31	2.0
1.67	3.0
2.05	4.0
2.41	1.0
2.81	2.0
3.19	3.0
3.55	4.0
3.93	1.0
4.33	2.0
4.7	3.0
5.07	4.0
5.45	1.0
5.83	2.0
6.22	3.0
6.6	4.0
6.96	1.0
7.34	2.0
7.74	3.0
8.1	4.0
8.5	1.0
8.86	2.0
9.24	3.0
9.63	4.0
10.02	1.0
10.39	2.0
10.79	3.0
11.16	4.0
11.57	1.0
11.94	2.0
12.34	3.0
12.72	4.0
13.09	1.0
13.47	2.0
13.86	3.0
14.24	4.0
14.61	1.0
15.0	2.0
15.38	3.0
15.76	4.0
16.14	1.0
16.52	2.0
16.92	3.0
17.29	4.0
17.68	1.0
18.05	2.0
18.44	3.0
18.82	4.0
19.21	1.0
19.6	2.0
19.99	3.0
20.37	4.0
20.76	1.0
21.15	2.0
21.54	3.0
21.92	4.0
22.31	1.0
22.69	2.0
23.09	3.0
23.47	4.0
23.83	1.0
24.23	2.0
24.61	3.0
24.98	4.0
25.36	1.0
25.75	2.0
26.13	3.0
26.5	4.0
26.88	1.0
27.25	2.0
27.64	3.0
28.01	4.0
28.4	1.0
28.79	2.0
29.17	3.0
29.56	4.0
29.96	1.0
30.34	2.0
30.73	3.0
31.11	4.0
31.49	1.0
31.88	2.0
32.25	3.0
32.64	4.0
33.02	1.0
33.4	2.0
33.79	3.0
34.17	4.0
34.56	1.0
34.94	2.0
35.34	3.0
35.71	4.0
36.09	1.0
36.47	2.0
36.87	3.0
37.24	4.0
37.62	1.0
37.99	2.0
38.39	3.0
38.77	4.0
39.17	1.0
39.55	2.0
39.94	3.0
40.32	4.0
40.71	1.0
41.09	2.0
41.49	3.0
41.87	4.0
42.26	1.0
42.64	2.0
43.05	3.0
43.42	4.0
43.82	1.0
44.2	2.0
44.58	3.0
44.97	4.0
45.34	1.0
45.75	2.0
46.13	3.0
46.49	4.0
46.88	1.0
47.27	2.0
47.67	3.0
48.04	4.0
48.45	1.0
48.82	2.0
49.21	3.0
49.6	4.0
50.01	1.0
50.38	2.0
50.77	3.0
51.17	4.0
51.57	1.0
51.94	2.0
52.32	3.0
52.71	4.0
53.12	1.0
53.5	2.0
53.9	3.0
54.28	4.0
54.67	1.0
55.05	2.0
55.45	3.0
55.85	4.0
56.23	1.0
56.62	2.0
57.02	3.0
57.39	4.0
57.77	1.0
58.17	2.0
58.55	3.0
58.92	4.0
59.32	1.0
59.71	2.0
60.1	3.0
60.49	4.0
60.89	1.0
61.27	2.0
61.67	3.0
62.05	4.0
62.44	1.0
62.83	2.0
63.22	3.0
63.6	4.0
63.99	1.0
64.38	2.0
64.78	3.0
65.15	4.0
65.55	1.0
65.93	2.0
66.32	3.0
66.72	4.0
67.12	1.0
67.5	2.0
67.9	3.0
68.28	4.0
68.66	1.0
69.05	2.0
69.44	3.0
69.84	4.0
70.22	1.0
70.61	2.0
71.02	3.0
71.41	4.0
71.8	1.0
72.18	2.0
72.58	3.0
72.95	4.0
73.36	1.0
73.73	2.0
74.13	3.0
74.52	4.0
74.92	1.0
75.32	2.0
75.72	3.0
76.08	4.0
76.46	1.0
76.86	2.0
77.24	3.0
77.61	4.0
78.0	1.0
78.4	2.0
78.8	3.0
79.18	4.0
79.56	1.0
79.96	2.0
80.36	3.0
80.74	4.0
81.15	1.0
81.53	2.0
81.94	3.0
82.32	4.0
82.7	1.0
83.09	2.0
83.48	3.0
83.87	4.0
84.27	1.0
84.67	2.0
85.05	3.0
85.43	4.0
85.81	1.0
86.2	2.0
86.59	3.0
86.97	4.0
87.36	1.0
87.75	2.0
88.15	3.0
88.54	4.0
88.92	1.0
89.32	2.0
89.71	3.0
90.1	4.0
90.5	1.0
90.9	2.0
91.29	3.0
91.68	4.0
92.05	1.0
92.44	2.0
92.83	3.0
93.22	4.0
93.63	1.0
94.0	2.0
94.4	3.0
94.78	4.0
95.18	1.0
95.57	2.0
95.96	3.0
96.35	4.0
96.75	1.0
97.13	2.0
97.53	3.0
97.91	4.0
98.3	1.0
98.7	2.0
99.1	3.0
99.49	4.0
99.88	1.0
100.26	2.0
100.64	3.0
101.05	4.0
101.42	1.0
101.8	2.0
102.18	3.0
102.56	4.0
102.94	1.0
103.34	2.0
103.74	3.0
104.11	4.0
104.52	1.0
104.9	2.0
105.3	3.0
105.7	4.0
106.09	1.0
106.49	2.0
106.9	3.0
107.29	4.0
107.68	1.0
108.07	2.0
108.48	3.0
108.87	4.0
109.27	1.0
109.68	2.0
110.08	3.0
110.45	4.0
110.82	1.0
111.23	2.0
111.62	3.0
111.99	4.0
112.38	1.0
112.77	2.0
113.18	3.0
113.56	4.0
113.96	1.0
114.34	2.0
114.74	3.0
115.13	4.0
115.53	1.0
115.93	2.0
116.32	3.0
116.71	4.0
117.12	1.0
117.5	2.0
117.9	3.0
118.3	4.0
118.68	1.0
119.09	2.0
119.48	3.0
119.86	4.0
120.24	1.0
120.63	2.0
121.02	3.0
121.4	4.0
121.75	1.0
122.14	2.0
122.51	3.0
122.86	4.0
123.24	1.0
123.62	2.0
123.99	3.0
