0.47	2.0
0.81	3.0
1.16	4.0
1.5	1.0
1.83	2.0
2.18	3.0
2.5	4.0
2.85	1.0
3.19	2.0
3.51	3.0
3.84	4.0
4.18	1.0
4.51	2.0
4.84	3.0
5.16	4.0
5.51	1.0
5.84	2.0
6.16	3.0
6.49	4.0
6.84	1.0
7.18	2.0
7.51	3.0
7.84	4.0
8.18	1.0
8.51	2.0
8.84	3.0
9.17	4.0
9.51	1.0
9.83	2.0
10.18	3.0
10.52	4.0
10.86	1.0
11.19	2.0
11.54	3.0
11.87	4.0
12.22	1.0
12.54	2.0
12.89	3.0
13.22	4.0
13.58	1.0
13.9	2.0
14.26	3.0
14.6	4.0
14.94	1.0
15.29	2.0
15.64	3.0
15.98	4.0
16.32	1.0
16.66	2.0
17.01	3.0
17.35	4.0
17.7	1.0
18.03	2.0
18.38	3.0
18.72	4.0
19.08	1.0
19.41	2.0
19.75	3.0
20.09	4.0
20.44	1.0
20.78	2.0
21.14	3.0
21.48	4.0
21.83	1.0
22.17	2.0
22.54	3.0
22.87	4.0
23.22	1.0
23.57	2.0
23.92	3.0
24.27	4.0
24.61	1.0
24.96	2.0
25.32	3.0
25.65	4.0
26.01	1.0
26.35	2.0
26.69	3.0
27.03	4.0
27.38	1.0
27.73	2.0
28.08	3.0
28.41	4.0
28.77	1.0
29.12	2.0
29.47	3.0
29.82	4.0
30.17	1.0
30.51	2.0
30.86	3.0
31.21	4.0
31.57	1.0
31.92	2.0
32.26	3.0
32.61	4.0
32.96	1.0
33.3	2.0
33.65	3.0
33.99	4.0
34.35	1.0
34.69	2.0
35.05	3.0
35.4	4.0
35.76	1.0
36.09	2.0
36.43	3.0
36.78	4.0
37.14	1.0
37.48	2.0
37.84	3.0
38.19	4.0
38.53	1.0
38.87	2.0
39.24	3.0
39.57	4.0
39.92	1.0
40.28	2.0
40.63	3.0
40.96	4.0
41.3	1.0
41.64	2.0
42.0	3.0
42.34	4.0
42.69	1.0
43.05	2.0
43.41	3.0
43.76	4.0
44.11	1.0
44.46	2.0
44.81	3.0
45.16	4.0
45.52	1.0
45.86	2.0
46.22	3.0
46.57	4.0
46.92	1.0
47.27	2.0
47.62	3.0
47.98	4.0
48.34	1.0
48.68	2.0
49.04	3.0
49.39	4.0
49.73	1.0
50.08	2.0
50.43	3.0
50.78	4.0
51.14	1.0
51.49	2.0
51.83	3.0
52.19	4.0
52.54	1.0
52.89	2.0
53.25	3.0
53.6	4.0
53.93	1.0
54.29	2.0
54.64	3.0
54.98	4.0
55.33	1.0
55.66	2.0
56.02	3.0
56.36	4.0
56.71	1.0
57.06	2.0
57.42	3.0
57.77	4.0
58.12	1.0
58.47	2.0
58.83	3.0
59.18	4.0
59.54	1.0
59.88	2.0
60.24	3.0
60.58	4.0
60.94	1.0
61.28	2.0
61.64	3.0
61.99	4.0
62.35	1.0
62.7	2.0
63.06	3.0
63.41	4.0
63.76	1.0
64.1	2.0
64.45	3.0
64.81	4.0
65.16	1.0
65.51	2.0
65.87	3.0
66.22	4.0
66.57	1.0
66.95	2.0
67.31	3.0
67.64	4.0
67.99	1.0
68.36	2.0
68.7	3.0
69.06	4.0
69.41	1.0
69.75	2.0
70.1	3.0
70.44	4.0
70.8	1.0
71.14	2.0
71.5	3.0
71.84	4.0
72.19	1.0
72.54	2.0
72.9	3.0
73.24	4.0
73.59	1.0
73.95	2.0
74.31	3.0
74.65	4.0
74.99	1.0
75.34	2.0
75.71	3.0
76.06	4.0
76.42	1.0
76.75	2.0
77.12	3.0
77.45	4.0
77.8	1.0
78.15	2.0
78.52	3.0
78.86	4.0
79.21	1.0
79.56	2.0
79.92	3.0
80.27	4.0
80.62	1.0
80.95	2.0
81.32	3.0
81.65	4.0
82.01	1.0
82.35	2.0
82.7	3.0
83.05	4.0
83.41	1.0
83.76	2.0
84.12	3.0
84.47	4.0
84.83	1.0
85.18	2.0
85.54	3.0
85.89	4.0
86.25	1.0
86.59	2.0
86.95	3.0
87.3	4.0
87.64	1.0
87.99	2.0
88.35	3.0
88.69	4.0
89.01	1.0
89.36	2.0
89.72	3.0
90.06	4.0
90.4	1.0
90.75	2.0
91.12	3.0
91.46	4.0
91.81	1.0
92.16	2.0
92.52	3.0
92.86	4.0
93.23	1.0
93.57	2.0
93.92	3.0
94.28	4.0
94.64	1.0
94.99	2.0
95.34	3.0
95.68	4.0
96.03	1.0
96.39	2.0
96.75	3.0
97.1	4.0
97.45	1.0
97.8	2.0
98.15	3.0
98.5	4.0
98.86	1.0
99.21	2.0
99.56	3.0
99.9	4.0
100.24	1.0
100.59	2.0
100.95	3.0
101.29	4.0
101.64	1.0
101.99	2.0
102.36	3.0
102.69	4.0
103.05	1.0
103.39	2.0
103.74	3.0
104.1	4.0
104.46	1.0
104.82	2.0
105.17	3.0
105.53	4.0
105.9	1.0
106.24	2.0
106.6	3.0
106.95	4.0
107.32	1.0
107.67	2.0
108.03	3.0
108.37	4.0
108.74	1.0
109.08	2.0
109.45	3.0
109.79	4.0
110.14	1.0
110.5	2.0
110.85	3.0
111.21	4.0
111.57	1.0
111.92	2.0
112.28	3.0
112.63	4.0
112.99	1.0
113.35	2.0
113.72	3.0
114.06	4.0
114.42	1.0
114.77	2.0
115.11	3.0
115.47	4.0
115.82	1.0
116.17	2.0
116.53	3.0
116.88	4.0
117.23	1.0
117.57	2.0
117.92	3.0
118.27	4.0
118.61	1.0
118.96	2.0
119.31	3.0
119.66	4.0
120.01	1.0
120.35	2.0
120.7	3.0
121.04	4.0
121.38	1.0
121.73	2.0
122.09	3.0
122.42	4.0
122.77	1.0
123.12	2.0
123.48	3.0
123.82	4.0
124.18	1.0
124.52	2.0
124.85	3.0
125.2	4.0
125.55	1.0
125.9	2.0
126.24	3.0
126.59	4.0
126.94	1.0
127.31	2.0
127.66	3.0
128.01	4.0
