0.47	3.0
0.91	4.0
1.37	1.0
1.83	2.0
2.3	3.0
2.76	4.0
3.22	1.0
3.69	2.0
4.16	3.0
4.62	4.0
5.07	1.0
5.53	2.0
6.01	3.0
6.48	4.0
6.94	1.0
7.41	2.0
7.87	3.0
8.34	4.0
8.81	1.0
9.27	2.0
9.74	3.0
10.22	4.0
10.68	1.0
11.16	2.0
11.62	3.0
12.1	4.0
12.56	1.0
13.04	2.0
13.5	3.0
13.98	4.0
14.44	1.0
14.87	2.0
15.31	3.0
15.75	4.0
16.21	1.0
16.68	2.0
17.15	3.0
17.63	4.0
18.09	1.0
18.57	2.0
19.03	3.0
19.51	4.0
19.97	1.0
20.46	2.0
20.92	3.0
21.4	4.0
21.86	1.0
22.35	2.0
22.8	3.0
23.29	4.0
23.75	1.0
24.23	2.0
24.69	3.0
25.17	4.0
25.63	1.0
26.12	2.0
26.58	3.0
27.07	4.0
27.53	1.0
28.02	2.0
28.48	3.0
28.95	4.0
29.41	1.0
29.89	2.0
30.35	3.0
30.82	4.0
31.27	1.0
31.74	2.0
32.23	3.0
32.7	4.0
33.16	1.0
33.64	2.0
34.13	3.0
34.59	4.0
35.05	1.0
35.51	2.0
35.98	3.0
36.45	4.0
36.92	1.0
37.4	2.0
37.86	3.0
38.33	4.0
38.8	1.0
39.27	2.0
39.73	3.0
40.21	4.0
40.68	1.0
41.15	2.0
41.62	3.0
42.09	4.0
42.55	1.0
43.05	2.0
43.51	3.0
43.98	4.0
44.45	1.0
44.89	2.0
45.34	3.0
45.78	4.0
46.22	1.0
46.71	2.0
47.19	3.0
47.67	4.0
48.14	1.0
48.62	2.0
49.09	3.0
49.56	4.0
50.03	1.0
50.51	2.0
50.98	3.0
51.46	4.0
51.93	1.0
52.41	2.0
52.87	3.0
53.35	4.0
53.81	1.0
54.3	2.0
54.76	3.0
55.24	4.0
55.71	1.0
56.19	2.0
56.67	3.0
57.14	4.0
57.62	1.0
58.1	2.0
58.57	3.0
59.05	4.0
59.52	1.0
60.0	2.0
60.47	3.0
60.94	4.0
61.42	1.0
61.88	2.0
62.36	3.0
62.83	4.0
63.29	1.0
63.78	2.0
64.24	3.0
64.71	4.0
65.19	1.0
65.65	2.0
66.13	3.0
66.6	4.0
67.08	1.0
67.56	2.0
68.03	3.0
68.51	4.0
68.98	1.0
69.47	2.0
69.94	3.0
70.41	4.0
70.88	1.0
71.37	2.0
71.86	3.0
72.33	4.0
72.8	1.0
73.3	2.0
73.77	3.0
74.26	4.0
74.73	1.0
75.21	2.0
75.68	3.0
76.16	4.0
76.63	1.0
77.13	2.0
77.62	3.0
78.1	4.0
78.57	1.0
79.05	2.0
79.53	3.0
80.01	4.0
80.48	1.0
80.96	2.0
81.44	3.0
81.92	4.0
82.39	1.0
82.87	2.0
83.34	3.0
83.82	4.0
84.28	1.0
84.78	2.0
85.24	3.0
85.73	4.0
86.21	1.0
86.69	2.0
87.16	3.0
87.65	4.0
88.13	1.0
88.62	2.0
89.09	3.0
89.57	4.0
90.05	1.0
90.54	2.0
91.02	3.0
91.5	4.0
91.98	1.0
92.49	2.0
92.97	3.0
93.46	4.0
93.93	1.0
94.41	2.0
94.9	3.0
95.36	4.0
95.83	1.0
96.33	2.0
96.8	3.0
97.28	4.0
97.77	1.0
98.26	2.0
98.73	3.0
99.21	4.0
99.7	1.0
100.19	2.0
100.66	3.0
101.13	4.0
101.62	1.0
102.09	2.0
102.57	3.0
103.05	4.0
103.53	1.0
104.02	2.0
104.5	3.0
104.97	4.0
105.45	1.0
105.94	2.0
106.41	3.0
106.89	4.0
107.38	1.0
107.87	2.0
108.34	3.0
108.82	4.0
109.29	1.0
109.77	2.0
110.27	3.0
110.74	4.0
111.21	1.0
111.7	2.0
112.19	3.0
112.67	4.0
113.14	1.0
113.64	2.0
114.12	3.0
114.6	4.0
115.08	1.0
115.54	2.0
116.03	3.0
116.5	4.0
116.98	1.0
117.47	2.0
117.93	3.0
118.42	4.0
118.9	1.0
119.39	2.0
119.87	3.0
120.35	4.0
120.83	1.0
121.33	2.0
121.81	3.0
122.29	4.0
122.78	1.0
123.29	2.0
123.77	3.0
124.25	4.0
124.74	1.0
125.22	2.0
125.7	3.0
126.17	4.0
126.65	1.0
127.15	2.0
127.64	3.0
128.11	4.0
128.6	1.0
129.1	2.0
129.58	3.0
130.07	4.0
130.54	1.0
131.03	2.0
