0.43	1.0
0.91	2.0
1.36	3.0
1.82	4.0
2.28	1.0
2.73	2.0
3.16	3.0
3.61	4.0
4.07	1.0
4.54	2.0
5.0	3.0
5.46	4.0
5.91	1.0
6.38	2.0
6.85	3.0
7.31	4.0
7.77	1.0
8.24	2.0
8.71	3.0
9.17	4.0
9.64	1.0
10.09	2.0
10.56	3.0
11.02	4.0
11.49	1.0
11.94	2.0
12.4	3.0
12.87	4.0
13.34	1.0
13.79	2.0
14.25	3.0
14.7	4.0
15.16	1.0
15.64	2.0
16.11	3.0
16.57	4.0
17.05	1.0
17.51	2.0
17.98	3.0
18.45	4.0
18.92	1.0
19.38	2.0
19.85	3.0
20.32	4.0
20.79	1.0
21.25	2.0
21.71	3.0
22.18	4.0
22.64	1.0
23.09	2.0
23.52	3.0
23.98	4.0
24.42	1.0
24.88	2.0
25.33	3.0
25.79	4.0
26.24	1.0
26.71	2.0
27.17	3.0
27.64	4.0
28.11	1.0
28.57	2.0
29.03	3.0
29.49	4.0
29.95	1.0
30.43	2.0
30.89	3.0
31.36	4.0
31.82	1.0
32.28	2.0
32.74	3.0
33.22	4.0
33.67	1.0
34.14	2.0
34.62	3.0
35.08	4.0
35.55	1.0
36.02	2.0
36.48	3.0
36.95	4.0
37.41	1.0
37.88	2.0
38.36	3.0
38.83	4.0
39.28	1.0
39.76	2.0
40.22	3.0
40.69	4.0
41.15	1.0
41.62	2.0
42.09	3.0
42.56	4.0
43.03	1.0
43.49	2.0
43.96	3.0
44.42	4.0
44.88	1.0
45.34	2.0
45.76	3.0
46.22	4.0
46.66	1.0
47.13	2.0
47.58	3.0
48.04	4.0
48.5	1.0
48.96	2.0
49.42	3.0
49.88	4.0
50.34	1.0
50.8	2.0
51.28	3.0
51.74	4.0
52.21	1.0
52.69	2.0
53.14	3.0
53.61	4.0
54.07	1.0
54.54	2.0
55.01	3.0
55.47	4.0
55.95	1.0
56.41	2.0
56.88	3.0
57.34	4.0
57.8	1.0
58.28	2.0
58.74	3.0
59.21	4.0
59.69	1.0
60.15	2.0
60.62	3.0
61.08	4.0
61.54	1.0
62.01	2.0
62.49	3.0
62.96	4.0
63.43	1.0
63.92	2.0
64.39	3.0
64.86	4.0
65.33	1.0
65.81	2.0
66.29	3.0
66.75	4.0
67.22	1.0
67.7	2.0
68.17	3.0
68.64	4.0
69.1	1.0
69.55	2.0
70.03	3.0
70.49	4.0
70.94	1.0
71.42	2.0
71.89	3.0
72.35	4.0
72.82	1.0
73.28	2.0
73.75	3.0
74.22	4.0
74.69	1.0
75.16	2.0
75.63	3.0
76.09	4.0
76.55	1.0
77.02	2.0
77.49	3.0
77.95	4.0
78.42	1.0
78.89	2.0
79.36	3.0
79.83	4.0
80.29	1.0
80.76	2.0
81.22	3.0
81.69	4.0
82.15	1.0
82.6	2.0
83.04	3.0
83.51	4.0
83.97	1.0
84.43	2.0
84.88	3.0
85.35	4.0
85.8	1.0
86.27	2.0
86.74	3.0
87.2	4.0
87.65	1.0
88.11	2.0
88.54	3.0
88.99	4.0
89.45	1.0
89.94	2.0
90.41	3.0
90.87	4.0
91.34	1.0
91.82	2.0
92.28	3.0
92.74	4.0
93.21	1.0
93.67	2.0
94.15	3.0
94.62	4.0
95.08	1.0
95.55	2.0
96.02	3.0
96.49	4.0
96.95	1.0
97.42	2.0
97.89	3.0
98.35	4.0
98.81	1.0
99.28	2.0
99.74	3.0
100.21	4.0
100.67	1.0
101.12	2.0
101.6	3.0
102.06	4.0
102.53	1.0
102.99	2.0
103.45	3.0
103.92	4.0
104.38	1.0
104.85	2.0
105.32	3.0
105.78	4.0
106.25	1.0
106.71	2.0
107.17	3.0
107.62	4.0
108.11	1.0
108.57	2.0
109.04	3.0
109.5	4.0
109.97	1.0
110.42	2.0
110.9	3.0
111.37	4.0
111.83	1.0
112.3	2.0
112.78	3.0
113.24	4.0
113.71	1.0
114.18	2.0
114.65	3.0
115.12	4.0
115.59	1.0
116.08	2.0
116.54	3.0
117.0	4.0
117.48	1.0
117.95	2.0
118.42	3.0
118.89	4.0
119.37	1.0
119.84	2.0
120.32	3.0
120.79	4.0
121.25	1.0
121.72	2.0
122.21	3.0
122.69	4.0
123.17	1.0
123.65	2.0
124.14	3.0
124.62	4.0
125.09	1.0
125.55	2.0
126.04	3.0
126.51	4.0
126.98	1.0
127.46	2.0
127.94	3.0
128.41	4.0
128.89	1.0
129.36	2.0
129.84	3.0
130.31	4.0
130.78	1.0
131.26	2.0
131.74	3.0
132.21	4.0
132.68	1.0
133.15	2.0
133.61	3.0
134.09	4.0
134.56	1.0
135.03	2.0
135.51	3.0
135.98	4.0
136.44	1.0
136.92	2.0
137.39	3.0
137.85	4.0
138.33	1.0
138.81	2.0
139.28	3.0
139.75	4.0
140.22	1.0
140.7	2.0
141.16	3.0
141.64	4.0
142.1	1.0
142.57	2.0
143.0	3.0
143.47	4.0
143.93	1.0
144.39	2.0
144.86	3.0
145.33	4.0
145.79	1.0
146.28	2.0
146.75	3.0
147.21	4.0
147.67	1.0
148.14	2.0
148.61	3.0
149.11	4.0
149.59	1.0
150.07	2.0
