1.17	1.0
1.53	2.0
1.91	3.0
2.28	4.0
2.63	1.0
2.99	2.0
3.36	3.0
3.73	4.0
4.08	1.0
4.44	2.0
4.78	3.0
5.13	4.0
5.49	1.0
5.84	2.0
6.2	3.0
6.55	4.0
6.9	1.0
7.27	2.0
7.63	3.0
7.99	4.0
8.34	1.0
8.71	2.0
9.06	3.0
9.43	4.0
9.78	1.0
10.17	2.0
10.54	3.0
10.89	4.0
11.26	1.0
11.63	2.0
11.99	3.0
12.35	4.0
12.7	1.0
13.07	2.0
13.43	3.0
13.79	4.0
14.15	1.0
14.51	2.0
14.87	3.0
15.23	4.0
15.59	1.0
15.97	2.0
16.34	3.0
16.69	4.0
17.06	1.0
17.41	2.0
17.78	3.0
18.14	4.0
18.49	1.0
18.87	2.0
19.23	3.0
19.59	4.0
19.96	1.0
20.32	2.0
20.66	3.0
21.01	4.0
21.36	1.0
21.72	2.0
22.09	3.0
22.44	4.0
22.8	1.0
23.16	2.0
23.52	3.0
23.88	4.0
24.23	1.0
24.6	2.0
24.96	3.0
25.32	4.0
25.68	1.0
26.04	2.0
26.4	3.0
26.76	4.0
27.21	1.0
27.83	2.0
28.55	3.0
29.27	4.0
29.98	1.0
30.71	2.0
31.43	3.0
32.16	4.0
32.89	1.0
33.63	2.0
34.36	3.0
35.08	4.0
35.83	1.0
36.57	2.0
37.33	3.0
38.06	4.0
38.77	1.0
39.52	2.0
40.24	3.0
40.95	4.0
41.67	1.0
42.36	2.0
43.06	3.0
43.76	4.0
44.46	1.0
45.17	2.0
45.88	3.0
46.57	4.0
47.25	1.0
47.96	2.0
48.67	3.0
49.38	4.0
50.11	1.0
50.81	2.0
51.51	3.0
52.21	4.0
52.89	1.0
53.6	2.0
54.31	3.0
55.03	4.0
55.75	1.0
56.47	2.0
57.19	3.0
57.89	4.0
58.6	1.0
59.32	2.0
60.02	3.0
60.75	4.0
61.47	1.0
62.18	2.0
62.9	3.0
63.62	4.0
64.34	1.0
65.09	2.0
65.83	3.0
66.56	4.0
67.31	1.0
68.05	2.0
68.79	3.0
69.52	4.0
70.24	1.0
70.98	2.0
71.68	3.0
72.39	4.0
73.1	1.0
73.83	2.0
74.53	3.0
75.24	4.0
75.94	1.0
76.65	2.0
77.37	3.0
78.08	4.0
78.79	1.0
79.51	2.0
80.21	3.0
80.94	4.0
81.63	1.0
82.35	2.0
83.06	3.0
83.76	4.0
84.45	1.0
85.16	2.0
85.85	3.0
86.56	4.0
87.28	1.0
87.89	2.0
88.4	3.0
88.9	4.0
89.39	1.0
89.88	2.0
90.37	3.0
90.84	4.0
91.32	1.0
91.81	2.0
92.28	3.0
92.75	4.0
93.21	1.0
93.68	2.0
94.13	3.0
94.58	4.0
95.04	1.0
95.49	2.0
95.92	3.0
96.38	4.0
96.82	1.0
97.27	2.0
97.74	3.0
98.18	4.0
98.65	1.0
99.11	2.0
99.57	3.0
100.02	4.0
100.49	1.0
100.93	2.0
101.38	3.0
101.8	4.0
102.24	1.0
102.68	2.0
103.14	3.0
103.58	4.0
104.04	1.0
104.48	2.0
104.92	3.0
105.38	4.0
105.83	1.0
106.28	2.0
106.74	3.0
107.19	4.0
107.64	1.0
108.1	2.0
108.55	3.0
108.99	4.0
109.47	1.0
109.93	2.0
110.37	3.0
110.84	4.0
111.28	1.0
111.74	2.0
112.2	3.0
112.65	4.0
113.11	1.0
113.56	2.0
114.01	3.0
114.48	4.0
114.93	1.0
115.41	2.0
115.85	3.0
116.32	4.0
116.96	1.0
117.72	2.0
118.72	3.0
119.73	4.0
120.71	1.0
121.73	2.0
122.73	3.0
123.74	4.0
124.75	1.0
125.72	2.0
126.73	3.0
127.71	4.0
128.68	1.0
129.65	2.0
130.64	3.0
131.62	4.0
132.57	1.0
133.54	2.0
134.52	3.0
135.45	4.0
136.46	1.0
137.41	2.0
138.39	3.0
139.31	4.0
140.3	1.0
141.28	2.0
142.19	3.0
143.14	4.0
144.09	1.0
145.09	2.0
146.05	3.0
147.04	4.0
148.0	1.0
148.97	2.0
149.92	3.0
150.93	4.0
151.9	1.0
152.86	2.0
153.83	3.0
154.82	4.0
155.8	1.0
156.78	2.0
157.77	3.0
158.74	4.0
159.74	1.0
160.71	2.0
161.69	3.0
162.7	4.0
163.69	1.0
164.7	2.0
