0.45	1.0
1.33	2.0
2.24	3.0
3.12	4.0
4.04	1.0
4.92	2.0
5.78	3.0
6.65	4.0
7.52	1.0
8.35	2.0
9.22	3.0
10.07	4.0
10.92	1.0
11.77	2.0
12.62	3.0
13.47	4.0
14.3	1.0
15.16	2.0
16.01	3.0
16.85	4.0
17.69	1.0
18.54	2.0
19.37	3.0
20.19	4.0
21.04	1.0
21.89	2.0
22.73	3.0
23.57	4.0
24.42	1.0
25.26	2.0
26.11	3.0
26.98	4.0
27.78	1.0
28.64	2.0
29.47	3.0
30.32	4.0
31.14	1.0
31.99	2.0
32.84	3.0
33.67	4.0
34.47	1.0
35.32	2.0
36.14	3.0
36.95	4.0
37.77	1.0
38.59	2.0
39.4	3.0
40.24	4.0
41.06	1.0
41.9	2.0
42.71	3.0
43.59	4.0
44.42	1.0
45.26	2.0
46.1	3.0
46.91	4.0
47.73	1.0
48.55	2.0
49.37	3.0
50.19	4.0
51.02	1.0
51.83	2.0
52.67	3.0
53.5	4.0
54.33	1.0
55.14	2.0
55.98	3.0
56.8	4.0
57.61	1.0
58.45	2.0
59.27	3.0
60.11	4.0
60.96	1.0
61.79	2.0
62.64	3.0
63.47	4.0
64.3	1.0
65.14	2.0
65.95	3.0
66.83	4.0
67.62	1.0
68.47	2.0
69.28	3.0
70.12	4.0
70.95	1.0
71.78	2.0
72.62	3.0
73.45	4.0
74.27	1.0
75.12	2.0
75.93	3.0
76.74	4.0
77.6	1.0
78.41	2.0
79.21	3.0
80.04	4.0
80.85	1.0
81.66	2.0
82.48	3.0
83.26	4.0
84.01	1.0
84.83	2.0
85.65	3.0
86.49	4.0
87.29	1.0
88.13	2.0
88.97	3.0
89.81	4.0
90.63	1.0
91.47	2.0
92.31	3.0
93.14	4.0
93.94	1.0
94.77	2.0
95.6	3.0
96.43	4.0
97.25	1.0
98.11	2.0
98.95	3.0
99.79	4.0
100.63	1.0
101.46	2.0
102.28	3.0
103.11	4.0
103.93	1.0
104.79	2.0
105.62	3.0
106.47	4.0
107.29	1.0
108.16	2.0
108.98	3.0
109.82	4.0
110.66	1.0
111.47	2.0
112.3	3.0
113.14	4.0
113.96	1.0
114.79	2.0
115.64	3.0
116.42	4.0
117.24	1.0
118.08	2.0
118.88	3.0
119.7	4.0
120.51	1.0
121.35	2.0
122.18	3.0
122.98	4.0
123.78	1.0
124.61	2.0
125.44	3.0
126.29	4.0
127.1	1.0
127.94	2.0
128.76	3.0
129.6	4.0
130.43	1.0
131.24	2.0
132.06	3.0
132.89	4.0
133.71	1.0
134.56	2.0
135.4	3.0
136.24	4.0
137.04	1.0
137.85	2.0
138.69	3.0
139.53	4.0
140.34	1.0
141.2	2.0
142.04	3.0
142.85	4.0
143.65	1.0
144.53	2.0
145.37	3.0
146.17	4.0
146.97	1.0
147.81	2.0
148.64	3.0
149.47	4.0
150.29	1.0
151.13	2.0
151.95	3.0
152.76	4.0
153.56	1.0
154.39	2.0
155.18	3.0
155.94	4.0
156.77	1.0
157.6	2.0
158.4	3.0
159.21	4.0
160.03	1.0
160.89	2.0
161.71	3.0
162.53	4.0
163.36	1.0
164.18	2.0
165.03	3.0
165.87	4.0
166.69	1.0
167.55	2.0
168.36	3.0
169.18	4.0
170.0	1.0
170.84	2.0
171.66	3.0
172.46	4.0
173.27	1.0
174.09	2.0
174.89	3.0
175.72	4.0
