0.45	1.0
1.11	2.0
1.77	3.0
2.4	4.0
3.05	1.0
3.71	2.0
4.35	3.0
5.01	4.0
5.67	1.0
6.33	2.0
6.99	3.0
7.62	4.0
8.26	1.0
8.93	2.0
9.6	3.0
10.23	4.0
10.87	1.0
11.52	2.0
12.17	3.0
12.81	4.0
13.44	1.0
14.1	2.0
14.72	3.0
15.37	4.0
16.0	1.0
16.65	2.0
17.3	3.0
17.95	4.0
18.6	1.0
19.26	2.0
19.91	3.0
20.57	4.0
21.2	1.0
21.85	2.0
22.51	3.0
23.15	4.0
23.78	1.0
24.44	2.0
25.07	3.0
25.75	4.0
26.38	1.0
27.04	2.0
27.68	3.0
28.35	4.0
28.97	1.0
29.64	2.0
30.28	3.0
30.94	4.0
31.58	1.0
32.26	2.0
32.9	3.0
33.56	4.0
34.2	1.0
34.85	2.0
35.52	3.0
36.13	4.0
36.79	1.0
37.46	2.0
38.12	3.0
38.74	4.0
39.38	1.0
40.03	2.0
40.66	3.0
41.32	4.0
41.96	1.0
42.6	2.0
43.24	3.0
43.89	4.0
44.53	1.0
45.18	2.0
45.81	3.0
46.46	4.0
47.1	1.0
47.77	2.0
48.39	3.0
49.03	4.0
49.68	1.0
50.32	2.0
50.95	3.0
51.58	4.0
52.22	1.0
52.89	2.0
53.53	3.0
54.16	4.0
54.79	1.0
55.45	2.0
56.09	3.0
56.72	4.0
57.35	1.0
57.99	2.0
58.63	3.0
59.26	4.0
59.89	1.0
60.54	2.0
61.19	3.0
61.83	4.0
62.46	1.0
63.1	2.0
63.76	3.0
64.41	4.0
65.03	1.0
65.7	2.0
66.32	3.0
66.97	4.0
67.6	1.0
68.26	2.0
68.89	3.0
69.54	4.0
70.16	1.0
70.81	2.0
71.47	3.0
72.09	4.0
72.72	1.0
73.37	2.0
73.99	3.0
74.63	4.0
75.28	1.0
75.93	2.0
76.58	3.0
77.23	4.0
77.86	1.0
78.52	2.0
79.15	3.0
79.8	4.0
80.42	1.0
81.06	2.0
81.68	3.0
82.32	4.0
82.97	1.0
83.63	2.0
84.27	3.0
84.94	4.0
85.58	1.0
86.23	2.0
86.89	3.0
87.53	4.0
88.16	1.0
88.82	2.0
89.45	3.0
90.11	4.0
90.76	1.0
91.44	2.0
92.14	3.0
92.77	4.0
93.53	1.0
94.24	2.0
95.07	3.0
95.96	4.0
96.83	1.0
97.74	2.0
98.66	3.0
99.6	4.0
100.49	1.0
101.42	2.0
102.33	3.0
103.3	4.0
104.2	1.0
105.08	2.0
105.98	3.0
106.88	4.0
107.76	1.0
108.7	2.0
109.56	3.0
110.41	4.0
111.23	1.0
112.13	2.0
112.99	3.0
113.91	4.0
114.85	1.0
115.94	2.0
117.01	3.0
118.05	4.0
119.07	1.0
120.02	2.0
120.98	3.0
121.94	4.0
122.88	1.0
123.84	2.0
124.78	3.0
125.76	4.0
