1.08	4.0
1.74	1.0
2.44	2.0
3.15	3.0
3.84	4.0
4.58	1.0
5.23	2.0
5.9	3.0
6.62	4.0
7.28	1.0
7.95	2.0
8.63	3.0
9.32	4.0
10.03	1.0
10.76	2.0
11.41	3.0
12.09	4.0
12.67	1.0
13.29	2.0
13.9	3.0
14.52	4.0
15.16	1.0
15.85	2.0
16.52	3.0
17.17	4.0
17.84	1.0
18.49	2.0
19.11	3.0
19.75	4.0
20.37	1.0
21.05	2.0
21.7	3.0
22.35	4.0
23.0	1.0
23.68	2.0
24.34	3.0
25.0	4.0
25.66	1.0
26.34	2.0
27.0	3.0
27.68	4.0
28.36	1.0
29.07	2.0
29.75	3.0
30.47	4.0
31.18	1.0
31.88	2.0
32.71	3.0
33.5	4.0
34.26	1.0
35.04	2.0
35.71	3.0
36.44	4.0
37.07	1.0
37.74	2.0
38.36	3.0
39.01	4.0
39.65	1.0
40.36	2.0
41.03	3.0
41.71	4.0
42.4	1.0
43.07	2.0
43.68	3.0
44.3	4.0
44.93	1.0
45.59	2.0
46.25	3.0
46.93	4.0
47.59	1.0
48.25	2.0
48.92	3.0
49.6	4.0
50.29	1.0
50.97	2.0
51.62	3.0
52.28	4.0
52.94	1.0
53.64	2.0
54.32	3.0
54.98	4.0
55.61	1.0
56.3	2.0
56.95	3.0
57.59	4.0
58.21	1.0
58.87	2.0
59.46	3.0
60.07	4.0
60.7	1.0
61.32	2.0
61.95	3.0
62.55	4.0
63.16	1.0
63.74	2.0
64.36	3.0
64.94	4.0
65.54	1.0
66.14	2.0
66.77	3.0
67.35	4.0
67.95	1.0
68.55	2.0
69.16	3.0
69.74	4.0
70.33	1.0
70.94	2.0
71.55	3.0
72.14	4.0
72.76	1.0
73.36	2.0
73.95	3.0
74.56	4.0
75.2	1.0
75.84	2.0
76.48	3.0
77.11	4.0
77.72	1.0
78.36	2.0
78.99	3.0
79.6	4.0
80.28	1.0
81.03	2.0
81.76	3.0
82.5	4.0
83.28	1.0
83.98	2.0
84.76	3.0
85.42	4.0
86.12	1.0
86.79	2.0
87.44	3.0
88.09	4.0
88.72	1.0
89.34	2.0
89.94	3.0
90.54	4.0
91.2	1.0
91.83	2.0
92.52	3.0
93.2	4.0
93.84	1.0
94.45	2.0
95.05	3.0
95.65	4.0
96.29	1.0
96.92	2.0
97.53	3.0
98.13	4.0
98.75	1.0
99.36	2.0
99.97	3.0
100.6	4.0
101.24	1.0
101.89	2.0
102.52	3.0
103.15	4.0
103.78	1.0
104.38	2.0
105.0	3.0
105.58	4.0
106.21	1.0
106.8	2.0
107.41	3.0
108.01	4.0
108.59	1.0
109.19	2.0
109.8	3.0
110.4	4.0
110.99	1.0
111.59	2.0
112.23	3.0
112.81	4.0
113.38	1.0
114.0	2.0
114.6	3.0
115.21	4.0
115.8	1.0
116.42	2.0
117.02	3.0
117.61	4.0
118.21	1.0
118.8	2.0
119.43	3.0
120.06	4.0
120.71	1.0
121.33	2.0
121.97	3.0
122.62	4.0
123.23	1.0
123.87	2.0
124.56	3.0
125.21	4.0
125.82	1.0
126.5	2.0
127.21	3.0
127.95	4.0
128.77	1.0
129.51	2.0
130.33	3.0
131.04	4.0
131.71	1.0
132.38	2.0
133.05	3.0
133.68	4.0
134.32	1.0
134.97	2.0
135.58	3.0
136.2	4.0
136.84	1.0
137.51	2.0
138.15	3.0
138.76	4.0
139.4	1.0
140.07	2.0
140.68	3.0
141.26	4.0
141.88	1.0
142.5	2.0
143.14	3.0
143.75	4.0
144.35	1.0
144.93	2.0
145.52	3.0
146.12	4.0
146.71	1.0
147.42	2.0
148.11	3.0
148.77	4.0
149.39	1.0
150.01	2.0
150.66	3.0
151.29	4.0
151.92	1.0
152.53	2.0
153.15	3.0
153.77	4.0
154.38	1.0
154.98	2.0
155.59	3.0
156.2	4.0
156.8	1.0
157.41	2.0
158.03	3.0
158.63	4.0
159.23	1.0
159.85	2.0
160.45	3.0
161.06	4.0
161.68	1.0
162.29	2.0
162.93	3.0
163.55	4.0
164.17	1.0
164.78	2.0
165.42	3.0
166.03	4.0
166.7	1.0
167.33	2.0
167.96	3.0
168.89	4.0
169.79	1.0
170.78	2.0
171.74	3.0
172.38	4.0
172.97	1.0
173.59	2.0
174.28	3.0
174.92	4.0
175.55	1.0
176.17	2.0
176.79	3.0
177.37	4.0
178.02	1.0
178.64	2.0
179.28	3.0
179.85	4.0
180.43	1.0
181.05	2.0
181.65	3.0
182.25	4.0
182.85	1.0
183.46	2.0
184.05	3.0
184.65	4.0
185.23	1.0
185.84	2.0
186.44	3.0
187.04	4.0
187.64	1.0
188.26	2.0
188.86	3.0
189.46	4.0
190.04	1.0
190.65	2.0
191.24	3.0
191.85	4.0
192.44	1.0
193.04	2.0
193.63	3.0
194.24	4.0
194.81	1.0
195.43	2.0
196.02	3.0
196.62	4.0
197.2	1.0
197.8	2.0
198.39	3.0
199.0	4.0
199.59	1.0
200.21	2.0
200.82	3.0
201.42	4.0
202.0	1.0
202.6	2.0
203.2	3.0
203.79	4.0
204.38	1.0
204.97	2.0
205.56	3.0
206.14	4.0
206.74	1.0
207.34	2.0
207.93	3.0
208.52	4.0
209.11	1.0
209.72	2.0
210.32	3.0
210.91	4.0
211.52	1.0
212.16	2.0
212.79	3.0
213.41	4.0
214.03	1.0
214.62	2.0
215.25	3.0
215.87	4.0
216.45	1.0
217.08	2.0
217.74	3.0
218.32	4.0
218.93	1.0
219.53	2.0
220.14	3.0
220.7	4.0
221.28	1.0
221.87	2.0
222.45	3.0
223.03	4.0
223.62	1.0
224.21	2.0
224.8	3.0
225.38	4.0
225.97	1.0
226.57	2.0
227.16	3.0
227.74	4.0
228.32	1.0
228.9	2.0
229.52	3.0
230.1	4.0
230.68	1.0
231.28	2.0
231.86	3.0
232.44	4.0
233.03	1.0
233.62	2.0
234.21	3.0
234.83	4.0
235.42	1.0
236.06	2.0
236.64	3.0
237.22	4.0
237.82	1.0
238.43	2.0
239.04	3.0
239.63	4.0
240.22	1.0
240.83	2.0
241.42	3.0
242.01	4.0
242.62	1.0
243.21	2.0
243.82	3.0
244.41	4.0
