0.7	1.0
1.31	2.0
1.91	3.0
2.57	4.0
3.18	1.0
3.83	2.0
4.43	3.0
5.06	4.0
5.71	1.0
6.34	2.0
6.96	3.0
7.58	4.0
8.21	1.0
8.87	2.0
9.47	3.0
10.1	4.0
10.72	1.0
11.34	2.0
11.93	3.0
12.54	4.0
13.18	1.0
13.77	2.0
14.39	3.0
15.0	4.0
15.65	1.0
16.28	2.0
16.91	3.0
17.55	4.0
18.22	1.0
18.86	2.0
19.53	3.0
20.19	4.0
20.86	1.0
21.5	2.0
22.11	3.0
22.75	4.0
23.37	1.0
24.0	2.0
24.62	3.0
25.26	4.0
25.86	1.0
26.52	2.0
27.15	3.0
27.78	4.0
28.4	1.0
29.04	2.0
29.66	3.0
30.27	4.0
30.91	1.0
31.56	2.0
32.18	3.0
32.82	4.0
33.44	1.0
34.08	2.0
34.69	3.0
35.33	4.0
35.92	1.0
36.54	2.0
37.17	3.0
37.82	4.0
38.43	1.0
39.08	2.0
39.68	3.0
40.29	4.0
40.91	1.0
41.55	2.0
42.17	3.0
42.82	4.0
43.44	1.0
44.06	2.0
44.67	3.0
45.29	4.0
45.89	1.0
46.51	2.0
47.15	3.0
47.8	4.0
48.4	1.0
49.01	2.0
49.64	3.0
50.23	4.0
50.86	1.0
51.46	2.0
52.08	3.0
52.7	4.0
53.32	1.0
53.95	2.0
54.58	3.0
55.22	4.0
55.83	1.0
56.47	2.0
57.37	3.0
58.27	4.0
58.85	1.0
59.42	2.0
60.0	3.0
60.59	4.0
61.17	1.0
61.75	2.0
62.33	3.0
62.92	4.0
63.5	1.0
64.08	2.0
64.67	3.0
65.25	4.0
65.84	1.0
66.42	2.0
67.01	3.0
67.6	4.0
68.19	1.0
68.75	2.0
69.34	3.0
69.92	4.0
70.51	1.0
71.09	2.0
71.66	3.0
72.25	4.0
72.84	1.0
73.43	2.0
74.01	3.0
74.6	4.0
75.19	1.0
75.78	2.0
76.34	3.0
76.93	4.0
77.52	1.0
78.08	2.0
78.67	3.0
79.23	4.0
79.81	1.0
80.38	2.0
80.95	3.0
81.52	4.0
82.09	1.0
82.67	2.0
83.24	3.0
83.8	4.0
84.36	1.0
84.93	2.0
85.5	3.0
86.06	4.0
86.62	1.0
87.19	2.0
87.76	3.0
88.32	4.0
88.88	1.0
89.43	2.0
89.99	3.0
90.56	4.0
91.13	1.0
91.68	2.0
92.24	3.0
92.8	4.0
93.36	1.0
93.92	2.0
94.49	3.0
95.05	4.0
95.61	1.0
96.18	2.0
96.74	3.0
97.3	4.0
97.87	1.0
98.44	2.0
98.99	3.0
99.56	4.0
100.13	1.0
100.69	2.0
101.25	3.0
101.82	4.0
102.38	1.0
102.95	2.0
103.52	3.0
104.08	4.0
104.63	1.0
105.19	2.0
105.74	3.0
106.31	4.0
106.87	1.0
107.43	2.0
107.99	3.0
108.55	4.0
109.11	1.0
109.67	2.0
110.23	3.0
110.79	4.0
111.36	1.0
111.93	2.0
112.5	3.0
113.04	4.0
113.59	1.0
114.15	2.0
114.69	3.0
115.26	4.0
115.82	1.0
116.38	2.0
116.93	3.0
117.5	4.0
118.05	1.0
118.62	2.0
119.17	3.0
119.74	4.0
120.57	1.0
121.43	2.0
122.25	3.0
123.08	4.0
123.65	1.0
124.23	2.0
124.81	3.0
125.37	4.0
125.94	1.0
126.5	2.0
127.07	3.0
127.65	4.0
128.22	1.0
128.78	2.0
129.36	3.0
129.93	4.0
130.5	1.0
131.06	2.0
131.64	3.0
132.2	4.0
132.78	1.0
133.33	2.0
133.91	3.0
134.46	4.0
135.05	1.0
135.61	2.0
136.19	3.0
136.76	4.0
137.33	1.0
137.91	2.0
138.48	3.0
139.04	4.0
139.61	1.0
140.17	2.0
140.74	3.0
141.29	4.0
141.86	1.0
142.42	2.0
142.99	3.0
143.56	4.0
144.12	1.0
144.67	2.0
145.22	3.0
145.79	4.0
146.35	1.0
146.91	2.0
147.46	3.0
148.01	4.0
148.58	1.0
149.12	2.0
149.66	3.0
150.23	4.0
150.79	1.0
151.34	2.0
151.9	3.0
152.47	4.0
153.03	1.0
153.58	2.0
154.15	3.0
154.71	4.0
155.27	1.0
155.83	2.0
156.38	3.0
156.95	4.0
157.51	1.0
158.07	2.0
158.64	3.0
159.19	4.0
159.76	1.0
160.3	2.0
160.87	3.0
161.43	4.0
161.98	1.0
162.54	2.0
163.1	3.0
163.66	4.0
164.22	1.0
164.77	2.0
165.34	3.0
165.9	4.0
166.44	1.0
167.0	2.0
167.55	3.0
168.11	4.0
168.65	1.0
169.22	2.0
169.77	3.0
170.33	4.0
170.89	1.0
171.44	2.0
171.99	3.0
172.54	4.0
173.1	1.0
173.65	2.0
174.2	3.0
174.75	4.0
175.3	1.0
175.89	2.0
176.43	3.0
176.99	4.0
177.54	1.0
178.1	2.0
178.66	3.0
179.21	4.0
179.77	1.0
180.31	2.0
180.87	3.0
181.41	4.0
181.96	1.0
182.52	2.0
183.08	3.0
183.63	4.0
184.17	1.0
184.69	2.0
185.27	3.0
185.82	4.0
186.39	1.0
186.98	2.0
187.55	3.0
188.12	4.0
188.68	1.0
189.24	2.0
189.81	3.0
190.37	4.0
190.94	1.0
191.5	2.0
192.08	3.0
192.63	4.0
193.21	1.0
193.76	2.0
194.32	3.0
194.89	4.0
195.47	1.0
196.03	2.0
196.59	3.0
197.16	4.0
197.72	1.0
198.28	2.0
198.86	3.0
199.41	4.0
199.97	1.0
200.54	2.0
201.11	3.0
201.68	4.0
202.24	1.0
202.81	2.0
203.37	3.0
203.93	4.0
204.48	1.0
205.05	2.0
205.61	3.0
206.18	4.0
206.75	1.0
207.3	2.0
207.88	3.0
208.42	4.0
208.98	1.0
209.54	2.0
210.1	3.0
210.66	4.0
211.24	1.0
211.81	2.0
212.37	3.0
212.92	4.0
213.47	1.0
214.04	2.0
214.59	3.0
215.12	4.0
215.68	1.0
216.23	2.0
216.78	3.0
217.32	4.0
217.87	1.0
218.43	2.0
218.98	3.0
219.5	4.0
220.05	1.0
220.61	2.0
221.15	3.0
221.71	4.0
222.26	1.0
222.82	2.0
223.37	3.0
223.9	4.0
224.47	1.0
225.0	2.0
225.54	3.0
226.1	4.0
226.65	1.0
227.21	2.0
227.75	3.0
228.28	4.0
228.82	1.0
229.38	2.0
229.93	3.0
230.5	4.0
231.08	1.0
231.65	2.0
232.21	3.0
232.77	4.0
233.34	1.0
233.89	2.0
234.45	3.0
235.01	4.0
235.56	1.0
236.12	2.0
236.68	3.0
237.24	4.0
237.8	1.0
238.34	2.0
238.89	3.0
239.45	4.0
239.99	1.0
240.55	2.0
241.1	3.0
241.64	4.0
242.21	1.0
242.75	2.0
243.31	3.0
243.86	4.0
244.4	1.0
244.97	2.0
245.52	3.0
246.05	4.0
246.58	1.0
247.13	2.0
247.7	3.0
248.26	4.0
248.83	1.0
249.39	2.0
249.96	3.0
250.52	4.0
251.09	1.0
251.64	2.0
252.2	3.0
252.76	4.0
253.32	1.0
253.89	2.0
254.46	3.0
255.02	4.0
255.59	1.0
256.14	2.0
256.7	3.0
257.27	4.0
257.82	1.0
258.37	2.0
258.93	3.0
259.5	4.0
260.06	1.0
260.62	2.0
261.19	3.0
261.75	4.0
262.31	1.0
262.86	2.0
263.44	3.0
263.99	4.0
264.54	1.0
265.1	2.0
265.66	3.0
266.19	4.0
266.74	1.0
267.29	2.0
267.87	3.0
268.43	4.0
268.98	1.0
269.53	2.0
270.1	3.0
270.66	4.0
271.22	1.0
271.78	2.0
272.34	3.0
272.89	4.0
273.46	1.0
274.01	2.0
274.57	3.0
275.12	4.0
275.69	1.0
276.25	2.0
276.82	3.0
277.37	4.0
277.94	1.0
278.48	2.0
279.05	3.0
279.61	4.0
280.17	1.0
280.72	2.0
281.29	3.0
281.85	4.0
282.42	1.0
282.95	2.0
283.51	3.0
284.05	4.0
284.61	1.0
285.16	2.0
285.71	3.0
286.26	4.0
286.8	1.0
287.35	2.0
287.9	3.0
288.44	4.0
288.98	1.0
289.53	2.0
290.07	3.0
290.6	4.0
291.15	1.0
291.69	2.0
292.24	3.0
292.78	4.0
293.33	1.0
293.88	2.0
294.39	3.0
294.93	4.0
295.46	1.0
296.0	2.0
296.55	3.0
297.09	4.0
297.64	1.0
298.23	2.0
298.79	3.0
299.29	4.0
299.8	1.0
300.35	2.0
300.82	3.0
301.32	4.0
301.8	1.0
302.26	2.0
302.74	3.0
303.24	4.0
303.72	1.0
304.18	2.0
304.67	3.0
305.14	4.0
305.65	1.0
306.26	2.0
306.83	3.0
307.41	4.0
308.01	1.0
308.6	2.0
309.24	3.0
309.83	4.0
