0.6	2.0
1.19	3.0
1.75	4.0
2.31	1.0
2.83	2.0
3.38	3.0
3.93	4.0
4.49	1.0
5.06	2.0
5.59	3.0
6.11	4.0
6.64	1.0
7.19	2.0
7.72	3.0
8.25	4.0
8.76	1.0
9.29	2.0
9.79	3.0
10.31	4.0
10.82	1.0
11.34	2.0
11.87	3.0
12.37	4.0
12.9	1.0
13.41	2.0
13.91	3.0
14.44	4.0
14.95	1.0
15.48	2.0
16.01	3.0
16.53	4.0
17.04	1.0
17.54	2.0
18.06	3.0
18.56	4.0
19.08	1.0
19.6	2.0
20.12	3.0
20.63	4.0
21.13	1.0
21.63	2.0
22.15	3.0
22.64	4.0
23.15	1.0
23.65	2.0
24.15	3.0
24.64	4.0
25.15	1.0
25.63	2.0
26.13	3.0
26.63	4.0
27.12	1.0
27.61	2.0
28.12	3.0
28.62	4.0
29.13	1.0
29.62	2.0
30.13	3.0
30.61	4.0
31.11	1.0
31.61	2.0
32.11	3.0
32.61	4.0
33.11	1.0
33.6	2.0
34.1	3.0
34.6	4.0
35.1	1.0
35.59	2.0
36.09	3.0
36.59	4.0
37.08	1.0
37.57	2.0
38.06	3.0
38.55	4.0
39.03	1.0
39.52	2.0
40.01	3.0
40.51	4.0
41.01	1.0
41.51	2.0
42.0	3.0
42.49	4.0
42.98	1.0
43.48	2.0
43.97	3.0
44.47	4.0
44.97	1.0
45.46	2.0
45.95	3.0
46.45	4.0
46.95	1.0
47.44	2.0
47.93	3.0
48.43	4.0
48.94	1.0
49.43	2.0
49.92	3.0
50.41	4.0
50.91	1.0
51.39	2.0
51.89	3.0
52.38	4.0
52.88	1.0
53.37	2.0
53.87	3.0
54.35	4.0
54.84	1.0
55.33	2.0
55.83	3.0
56.32	4.0
56.82	1.0
57.31	2.0
57.8	3.0
58.28	4.0
58.78	1.0
59.26	2.0
59.75	3.0
60.24	4.0
60.74	1.0
61.23	2.0
61.72	3.0
62.21	4.0
62.7	1.0
63.18	2.0
63.68	3.0
64.17	4.0
64.67	1.0
65.15	2.0
65.64	3.0
66.12	4.0
66.62	1.0
67.13	2.0
67.62	3.0
68.12	4.0
68.62	1.0
69.1	2.0
69.59	3.0
70.07	4.0
70.58	1.0
71.06	2.0
71.56	3.0
72.05	4.0
72.53	1.0
73.03	2.0
73.51	3.0
74.01	4.0
74.5	1.0
74.98	2.0
75.48	3.0
75.97	4.0
76.46	1.0
76.95	2.0
77.44	3.0
77.92	4.0
78.41	1.0
78.9	2.0
79.4	3.0
79.89	4.0
80.37	1.0
80.86	2.0
81.34	3.0
81.83	4.0
82.33	1.0
82.82	2.0
83.3	3.0
83.81	4.0
84.29	1.0
84.78	2.0
85.27	3.0
85.76	4.0
86.24	1.0
86.73	2.0
87.22	3.0
87.71	4.0
88.19	1.0
88.68	2.0
89.17	3.0
89.65	4.0
90.15	1.0
90.63	2.0
91.13	3.0
91.61	4.0
92.1	1.0
92.58	2.0
93.06	3.0
93.55	4.0
94.04	1.0
94.53	2.0
95.02	3.0
95.52	4.0
96.01	1.0
96.5	2.0
96.98	3.0
97.47	4.0
97.95	1.0
98.44	2.0
98.92	3.0
99.41	4.0
99.9	1.0
100.38	2.0
100.87	3.0
101.36	4.0
101.85	1.0
102.33	2.0
102.83	3.0
103.32	4.0
103.81	1.0
104.29	2.0
104.79	3.0
105.27	4.0
105.76	1.0
106.25	2.0
106.74	3.0
107.23	4.0
107.72	1.0
108.21	2.0
108.7	3.0
109.19	4.0
109.68	1.0
110.16	2.0
110.65	3.0
111.14	4.0
111.62	1.0
112.11	2.0
112.6	3.0
113.08	4.0
113.59	1.0
114.07	2.0
114.56	3.0
115.05	4.0
115.54	1.0
116.03	2.0
116.51	3.0
116.99	4.0
117.48	1.0
117.96	2.0
118.45	3.0
118.94	4.0
119.44	1.0
119.93	2.0
120.41	3.0
120.9	4.0
121.39	1.0
121.89	2.0
122.38	3.0
122.87	4.0
123.35	1.0
123.82	2.0
124.31	3.0
124.78	4.0
125.3	1.0
125.8	2.0
126.29	3.0
126.78	4.0
127.27	1.0
127.77	2.0
128.25	3.0
128.74	4.0
129.23	1.0
129.72	2.0
130.21	3.0
130.69	4.0
131.17	1.0
131.66	2.0
132.13	3.0
132.62	4.0
133.1	1.0
133.59	2.0
134.08	3.0
134.57	4.0
135.05	1.0
135.54	2.0
136.03	3.0
136.51	4.0
137.01	1.0
137.48	2.0
137.97	3.0
138.44	4.0
138.92	1.0
139.41	2.0
139.9	3.0
140.37	4.0
140.85	1.0
141.34	2.0
141.81	3.0
142.3	4.0
142.79	1.0
143.26	2.0
143.74	3.0
144.22	4.0
144.7	1.0
145.17	2.0
145.64	3.0
146.12	4.0
146.59	1.0
147.07	2.0
147.55	3.0
148.02	4.0
148.5	1.0
148.98	2.0
149.45	3.0
149.92	4.0
150.41	1.0
150.87	2.0
151.35	3.0
151.82	4.0
152.29	1.0
152.75	2.0
153.22	3.0
153.7	4.0
154.16	1.0
154.63	2.0
155.1	3.0
155.57	4.0
156.04	1.0
156.51	2.0
156.99	3.0
157.46	4.0
157.93	1.0
158.4	2.0
158.88	3.0
159.36	4.0
159.82	1.0
160.3	2.0
160.77	3.0
161.23	4.0
161.72	1.0
162.18	2.0
162.65	3.0
163.14	4.0
163.61	1.0
164.08	2.0
164.56	3.0
165.03	4.0
165.52	1.0
165.99	2.0
166.47	3.0
166.95	4.0
167.42	1.0
167.89	2.0
168.36	3.0
168.83	4.0
169.34	1.0
169.83	2.0
170.32	3.0
170.81	4.0
171.3	1.0
171.79	2.0
172.27	3.0
172.75	4.0
173.25	1.0
173.75	2.0
174.24	3.0
174.72	4.0
175.22	1.0
175.7	2.0
176.19	3.0
176.67	4.0
177.18	1.0
177.65	2.0
178.15	3.0
178.65	4.0
179.13	1.0
179.62	2.0
180.1	3.0
180.58	4.0
181.08	1.0
181.59	2.0
182.07	3.0
182.55	4.0
183.02	1.0
183.48	2.0
183.96	3.0
184.43	4.0
184.9	1.0
185.37	2.0
185.84	3.0
186.31	4.0
186.78	1.0
187.26	2.0
187.74	3.0
188.21	4.0
188.69	1.0
189.18	2.0
189.65	3.0
190.12	4.0
190.6	1.0
191.08	2.0
191.55	3.0
192.03	4.0
192.51	1.0
192.97	2.0
193.45	3.0
193.93	4.0
194.4	1.0
194.87	2.0
195.36	3.0
195.83	4.0
196.3	1.0
196.77	2.0
197.24	3.0
197.71	4.0
198.19	1.0
198.67	2.0
199.16	3.0
199.63	4.0
200.09	1.0
200.57	2.0
201.05	3.0
201.52	4.0
202.0	1.0
202.47	2.0
202.95	3.0
203.43	4.0
203.89	1.0
204.36	2.0
204.83	3.0
205.3	4.0
205.77	1.0
206.23	2.0
206.72	3.0
207.18	4.0
207.65	1.0
208.12	2.0
208.58	3.0
209.04	4.0
209.5	1.0
209.97	2.0
210.44	3.0
210.9	4.0
211.37	1.0
211.84	2.0
212.3	3.0
212.77	4.0
213.23	1.0
213.69	2.0
214.15	3.0
214.63	4.0
215.11	1.0
215.57	2.0
216.05	3.0
216.5	4.0
216.97	1.0
217.43	2.0
217.88	3.0
218.35	4.0
218.82	1.0
219.3	2.0
219.77	3.0
220.23	4.0
220.69	1.0
221.16	2.0
221.62	3.0
222.09	4.0
222.57	1.0
223.03	2.0
223.55	3.0
224.09	4.0
224.67	1.0
225.32	2.0
225.96	3.0
226.6	4.0
227.24	1.0
227.85	2.0
228.53	3.0
229.19	4.0
229.93	1.0
230.66	2.0
231.38	3.0
232.13	4.0
232.89	1.0
233.79	2.0
234.77	3.0
235.69	4.0
