0.32	1.0
0.77	2.0
1.22	3.0
1.64	1.0
2.08	2.0
2.5	3.0
2.92	1.0
3.34	2.0
3.78	3.0
4.2	1.0
4.62	2.0
5.03	3.0
5.43	1.0
5.84	2.0
6.26	3.0
6.72	1.0
7.16	2.0
7.6	3.0
8.02	1.0
8.47	2.0
8.93	3.0
9.44	1.0
9.97	2.0
10.54	3.0
11.16	1.0
11.75	2.0
12.31	3.0
12.92	1.0
13.48	2.0
14.02	3.0
14.54	1.0
15.04	2.0
15.51	3.0
15.97	1.0
16.45	2.0
16.91	3.0
17.38	1.0
17.83	2.0
18.28	3.0
18.73	1.0
19.19	2.0
19.63	3.0
20.1	1.0
20.57	2.0
21.01	3.0
21.46	1.0
21.9	2.0
22.36	3.0
22.83	1.0
23.3	2.0
23.74	3.0
24.21	1.0
24.67	2.0
25.11	3.0
25.57	1.0
26.03	2.0
26.48	3.0
26.93	1.0
27.42	2.0
27.89	3.0
28.34	1.0
28.79	2.0
29.23	3.0
29.68	1.0
30.16	2.0
30.61	3.0
31.08	1.0
31.53	2.0
31.97	3.0
32.41	1.0
32.86	2.0
33.31	3.0
33.77	1.0
34.23	2.0
34.66	3.0
35.11	1.0
35.58	2.0
36.02	3.0
36.47	1.0
36.93	2.0
37.37	3.0
37.82	1.0
38.25	2.0
38.69	3.0
39.16	1.0
39.63	2.0
40.07	3.0
40.53	1.0
40.99	2.0
41.44	3.0
41.89	1.0
42.34	2.0
42.77	3.0
43.2	1.0
43.66	2.0
44.09	3.0
44.53	1.0
44.97	2.0
45.4	3.0
45.83	1.0
46.25	2.0
46.69	3.0
47.1	1.0
47.54	2.0
47.96	3.0
48.39	1.0
48.83	2.0
49.27	3.0
49.71	1.0
50.15	2.0
50.6	3.0
51.06	1.0
51.51	2.0
51.97	3.0
52.5	1.0
53.02	2.0
53.55	3.0
54.11	1.0
54.61	2.0
55.12	3.0
55.63	1.0
56.1	2.0
56.56	3.0
57.01	1.0
57.47	2.0
57.91	3.0
58.37	1.0
58.82	2.0
59.3	3.0
59.74	1.0
60.2	2.0
60.64	3.0
61.08	1.0
61.54	2.0
61.98	3.0
62.43	1.0
62.88	2.0
63.34	3.0
63.79	1.0
64.25	2.0
64.7	3.0
65.15	1.0
65.62	2.0
66.07	3.0
66.54	1.0
66.98	2.0
67.43	3.0
67.89	1.0
68.34	2.0
68.79	3.0
69.24	1.0
69.68	2.0
70.12	3.0
70.59	1.0
71.03	2.0
71.47	3.0
71.94	1.0
72.37	2.0
72.82	3.0
73.26	1.0
73.7	2.0
74.13	3.0
74.56	1.0
75.01	2.0
75.46	3.0
75.91	1.0
76.36	2.0
76.8	3.0
77.25	1.0
77.7	2.0
78.13	3.0
78.57	1.0
79.0	2.0
79.44	3.0
79.89	1.0
80.36	2.0
80.8	3.0
81.24	1.0
81.7	2.0
82.14	3.0
82.57	1.0
83.03	2.0
83.46	3.0
83.91	1.0
84.35	2.0
84.78	3.0
85.22	1.0
85.67	2.0
86.09	3.0
86.53	1.0
86.97	2.0
87.39	3.0
87.82	1.0
88.26	2.0
88.7	3.0
89.14	1.0
89.58	2.0
90.01	3.0
90.45	1.0
90.88	2.0
91.33	3.0
91.77	1.0
92.21	2.0
92.64	3.0
93.11	1.0
93.57	2.0
94.02	3.0
94.49	1.0
94.97	2.0
95.42	3.0
95.94	1.0
96.43	2.0
96.93	3.0
97.54	1.0
98.12	2.0
98.7	3.0
99.25	1.0
99.86	2.0
100.41	3.0
101.02	1.0
101.5	2.0
101.96	3.0
102.43	1.0
102.91	2.0
103.36	3.0
103.84	1.0
104.3	2.0
104.75	3.0
105.2	1.0
105.68	2.0
106.12	3.0
106.58	1.0
107.02	2.0
107.47	3.0
107.92	1.0
108.38	2.0
108.82	3.0
109.26	1.0
109.72	2.0
110.17	3.0
110.62	1.0
111.08	2.0
111.53	3.0
111.97	1.0
112.43	2.0
112.9	3.0
113.37	1.0
113.83	2.0
114.26	3.0
114.7	1.0
115.14	2.0
115.59	3.0
116.04	1.0
116.5	2.0
116.95	3.0
117.41	1.0
117.87	2.0
118.32	3.0
118.78	1.0
119.24	2.0
119.69	3.0
120.15	1.0
120.63	2.0
121.07	3.0
121.52	1.0
121.98	2.0
122.42	3.0
122.86	1.0
123.31	2.0
123.77	3.0
124.23	1.0
124.68	2.0
125.14	3.0
125.59	1.0
126.06	2.0
126.51	3.0
126.98	1.0
127.42	2.0
127.88	3.0
128.35	1.0
128.78	2.0
129.24	3.0
129.7	1.0
130.15	2.0
130.6	3.0
131.04	1.0
131.49	2.0
131.93	3.0
132.38	1.0
132.82	2.0
133.25	3.0
133.69	1.0
134.12	2.0
134.56	3.0
135.0	1.0
135.46	2.0
135.89	3.0
136.34	1.0
136.8	2.0
137.25	3.0
137.7	1.0
138.17	2.0
138.62	3.0
139.1	1.0
139.59	2.0
140.12	3.0
140.72	1.0
141.32	2.0
141.9	3.0
142.47	1.0
143.09	2.0
143.65	3.0
144.12	1.0
144.63	2.0
145.1	3.0
145.58	1.0
146.06	2.0
146.53	3.0
146.98	1.0
147.47	2.0
147.94	3.0
148.4	1.0
148.87	2.0
149.32	3.0
149.8	1.0
150.26	2.0
150.71	3.0
151.16	1.0
151.6	2.0
152.08	3.0
152.55	1.0
153.02	2.0
153.48	3.0
153.95	1.0
154.41	2.0
154.86	3.0
155.33	1.0
155.78	2.0
156.24	3.0
156.7	1.0
157.16	2.0
157.61	3.0
158.06	1.0
158.5	2.0
158.95	3.0
159.41	1.0
159.88	2.0
160.33	3.0
160.8	1.0
161.27	2.0
161.72	3.0
162.17	1.0
162.62	2.0
163.07	3.0
163.51	1.0
163.96	2.0
164.42	3.0
164.88	1.0
165.35	2.0
165.8	3.0
166.25	1.0
166.71	2.0
167.16	3.0
167.61	1.0
168.09	2.0
168.54	3.0
169.01	1.0
169.47	2.0
169.93	3.0
170.38	1.0
170.85	2.0
171.3	3.0
171.75	1.0
172.21	2.0
172.68	3.0
173.12	1.0
173.59	2.0
174.03	3.0
174.48	1.0
174.94	2.0
175.37	3.0
175.83	1.0
176.29	2.0
176.73	3.0
177.16	1.0
177.62	2.0
178.05	3.0
178.51	1.0
178.95	2.0
179.39	3.0
179.84	1.0
180.29	2.0
180.74	3.0
181.2	1.0
181.66	2.0
182.11	3.0
182.6	1.0
183.11	2.0
183.59	3.0
184.09	1.0
184.61	2.0
185.12	3.0
185.69	1.0
186.26	2.0
186.92	3.0
187.78	1.0
188.69	2.0
189.54	3.0
190.43	1.0
191.35	2.0
192.31	3.0
193.24	1.0
194.11	2.0
195.04	3.0
