0.02	1.0
0.52	2.0
0.99	3.0
1.47	1.0
1.98	2.0
2.47	3.0
2.95	1.0
3.45	2.0
3.96	3.0
4.46	1.0
4.95	2.0
5.44	3.0
5.96	1.0
6.44	2.0
6.91	3.0
7.43	1.0
7.92	2.0
8.43	3.0
8.95	1.0
9.44	2.0
9.94	3.0
10.44	1.0
10.93	2.0
11.41	3.0
11.91	1.0
12.38	2.0
12.91	3.0
13.43	1.0
13.9	2.0
14.41	3.0
14.92	1.0
15.4	2.0
15.92	3.0
16.41	1.0
16.91	2.0
17.41	3.0
17.89	1.0
18.37	2.0
18.89	3.0
19.4	1.0
19.88	2.0
20.39	3.0
20.88	1.0
21.34	2.0
21.87	3.0
22.37	1.0
22.83	2.0
23.34	3.0
23.84	1.0
24.32	2.0
24.82	3.0
25.33	1.0
25.8	2.0
26.32	3.0
26.81	1.0
27.3	2.0
27.83	3.0
28.31	1.0
28.79	2.0
29.31	3.0
29.79	1.0
30.28	2.0
30.8	3.0
31.3	1.0
31.77	2.0
32.29	3.0
32.77	1.0
33.24	2.0
33.76	3.0
34.26	1.0
34.74	2.0
35.23	3.0
35.73	1.0
36.24	2.0
36.74	3.0
37.23	1.0
37.73	2.0
38.23	3.0
38.72	1.0
39.21	2.0
39.7	3.0
40.2	1.0
40.69	2.0
41.17	3.0
41.69	1.0
42.2	2.0
42.68	3.0
43.19	1.0
43.67	2.0
44.17	3.0
44.7	1.0
45.16	2.0
45.65	3.0
46.17	1.0
46.66	2.0
47.13	3.0
47.65	1.0
48.16	2.0
48.68	3.0
49.17	1.0
49.67	2.0
50.16	3.0
50.67	1.0
51.16	2.0
51.69	3.0
52.17	1.0
52.67	2.0
53.19	3.0
53.66	1.0
54.14	2.0
54.64	3.0
55.15	1.0
55.63	2.0
56.13	3.0
56.61	1.0
57.1	2.0
57.58	3.0
58.07	1.0
58.55	2.0
59.07	3.0
59.57	1.0
60.07	2.0
60.57	3.0
61.08	1.0
61.56	2.0
62.07	3.0
62.57	1.0
63.06	2.0
63.55	3.0
64.07	1.0
64.58	2.0
65.05	3.0
65.56	1.0
66.07	2.0
66.56	3.0
67.04	1.0
67.54	2.0
68.03	3.0
68.55	1.0
69.02	2.0
69.53	3.0
70.03	1.0
70.51	2.0
71.0	3.0
71.53	1.0
72.01	2.0
72.52	3.0
73.03	1.0
73.52	2.0
74.02	3.0
74.51	1.0
75.01	2.0
75.51	3.0
76.0	1.0
76.49	2.0
76.99	3.0
77.47	1.0
77.95	2.0
78.45	3.0
78.97	1.0
79.45	2.0
79.94	3.0
80.45	1.0
80.95	2.0
81.44	3.0
81.92	1.0
82.39	2.0
82.9	3.0
83.4	1.0
83.9	2.0
84.39	3.0
84.9	1.0
85.38	2.0
85.88	3.0
86.41	1.0
86.91	2.0
87.39	3.0
87.91	1.0
88.4	2.0
88.91	3.0
89.42	1.0
89.91	2.0
90.43	3.0
90.92	1.0
91.39	2.0
91.88	3.0
92.37	1.0
92.87	2.0
93.4	3.0
93.9	1.0
94.38	2.0
94.88	3.0
95.39	1.0
95.85	2.0
96.35	3.0
96.85	1.0
97.32	2.0
97.84	3.0
98.32	1.0
98.82	2.0
99.31	3.0
99.82	1.0
100.29	2.0
100.81	3.0
101.3	1.0
101.79	2.0
102.31	3.0
102.79	1.0
103.29	2.0
103.76	3.0
104.28	1.0
104.77	2.0
105.28	3.0
105.79	1.0
106.27	2.0
106.77	3.0
107.29	1.0
107.76	2.0
108.29	3.0
108.78	1.0
109.27	2.0
109.77	3.0
110.26	1.0
110.73	2.0
111.25	3.0
111.74	1.0
112.2	2.0
112.73	3.0
113.22	1.0
113.71	2.0
114.21	3.0
114.72	1.0
115.2	2.0
115.71	3.0
116.2	1.0
116.69	2.0
117.2	3.0
117.71	1.0
118.2	2.0
118.7	3.0
119.21	1.0
119.69	2.0
120.2	3.0
120.71	1.0
121.2	2.0
121.68	3.0
122.19	1.0
122.7	2.0
123.17	3.0
123.66	1.0
124.15	2.0
124.68	3.0
125.17	1.0
125.65	2.0
126.15	3.0
126.65	1.0
127.13	2.0
127.62	3.0
128.12	1.0
128.63	2.0
129.12	3.0
129.63	1.0
130.12	2.0
130.63	3.0
131.13	1.0
131.62	2.0
132.11	3.0
132.63	1.0
133.1	2.0
133.61	3.0
134.1	1.0
134.58	2.0
135.09	3.0
135.59	1.0
136.07	2.0
136.58	3.0
137.08	1.0
137.56	2.0
138.05	3.0
138.55	1.0
139.02	2.0
139.51	3.0
140.02	1.0
140.52	2.0
141.02	3.0
141.52	1.0
142.0	2.0
142.5	3.0
143.03	1.0
143.52	2.0
144.01	3.0
144.5	1.0
145.02	2.0
145.53	3.0
146.03	1.0
146.53	2.0
147.03	3.0
147.54	1.0
148.04	2.0
148.52	3.0
149.02	1.0
149.49	2.0
149.99	3.0
150.5	1.0
150.99	2.0
151.49	3.0
152.0	1.0
152.49	2.0
153.0	3.0
153.49	1.0
153.99	2.0
154.48	3.0
154.98	1.0
155.46	2.0
155.96	3.0
156.46	1.0
156.92	2.0
157.42	3.0
157.9	1.0
158.4	2.0
158.89	3.0
159.42	1.0
159.89	2.0
160.4	3.0
160.9	1.0
161.39	2.0
161.88	3.0
162.39	1.0
162.88	2.0
163.36	3.0
163.87	1.0
164.36	2.0
164.87	3.0
165.39	1.0
165.89	2.0
166.38	3.0
166.91	1.0
167.41	2.0
167.91	3.0
168.45	1.0
168.93	2.0
169.43	3.0
169.93	1.0
170.42	2.0
170.92	3.0
171.44	1.0
171.92	2.0
172.41	3.0
172.9	1.0
173.39	2.0
173.91	3.0
174.42	1.0
174.89	2.0
175.41	3.0
175.89	1.0
176.39	2.0
176.89	3.0
177.37	1.0
177.87	2.0
178.38	3.0
178.87	1.0
179.35	2.0
179.87	3.0
180.37	1.0
180.83	2.0
181.33	3.0
181.84	1.0
182.3	2.0
182.82	3.0
183.3	1.0
183.77	2.0
184.29	3.0
184.79	1.0
185.3	2.0
185.79	3.0
186.3	1.0
186.8	2.0
187.3	3.0
187.81	1.0
188.34	2.0
188.82	3.0
189.31	1.0
189.78	2.0
190.28	3.0
190.78	1.0
191.26	2.0
191.76	3.0
192.27	1.0
192.74	2.0
193.26	3.0
193.75	1.0
194.23	2.0
194.72	3.0
195.24	1.0
195.72	2.0
196.21	3.0
196.72	1.0
197.21	2.0
197.72	3.0
198.24	1.0
198.72	2.0
199.23	3.0
199.73	1.0
200.22	2.0
200.73	3.0
201.24	1.0
201.73	2.0
202.21	3.0
202.73	1.0
203.21	2.0
203.7	3.0
204.2	1.0
204.69	2.0
205.18	3.0
205.7	1.0
206.18	2.0
206.67	3.0
207.17	1.0
207.65	2.0
208.15	3.0
208.65	1.0
209.15	2.0
209.66	3.0
210.16	1.0
210.65	2.0
211.15	3.0
211.65	1.0
212.16	2.0
212.63	3.0
213.13	1.0
213.63	2.0
214.12	3.0
214.62	1.0
215.1	2.0
215.61	3.0
216.11	1.0
216.59	2.0
217.09	3.0
217.59	1.0
218.06	2.0
218.55	3.0
219.06	1.0
219.54	2.0
220.05	3.0
220.56	1.0
221.06	2.0
221.57	3.0
222.07	1.0
222.55	2.0
223.07	3.0
223.57	1.0
224.07	2.0
224.59	3.0
225.08	1.0
225.58	2.0
226.09	3.0
226.61	1.0
227.09	2.0
227.61	3.0
228.1	1.0
228.6	2.0
229.08	3.0
229.56	1.0
230.04	2.0
230.53	3.0
231.04	1.0
231.52	2.0
232.02	3.0
232.51	1.0
232.99	2.0
233.5	3.0
233.99	1.0
234.47	2.0
234.97	3.0
235.47	1.0
235.96	2.0
236.46	3.0
236.96	1.0
237.44	2.0
237.94	3.0
238.43	1.0
238.9	2.0
239.42	3.0
239.93	1.0
240.41	2.0
240.92	3.0
241.4	1.0
241.9	2.0
242.43	3.0
242.92	1.0
243.41	2.0
243.92	3.0
244.43	1.0
244.93	2.0
245.42	3.0
245.93	1.0
246.43	2.0
246.92	3.0
247.42	1.0
247.91	2.0
248.4	3.0
248.9	1.0
249.38	2.0
249.89	3.0
250.4	1.0
250.88	2.0
251.4	3.0
251.9	1.0
252.4	2.0
252.9	3.0
253.4	1.0
253.89	2.0
254.36	3.0
254.87	1.0
255.36	2.0
255.84	3.0
256.35	1.0
256.86	2.0
257.35	3.0
257.85	1.0
258.33	2.0
258.82	3.0
259.32	1.0
259.78	2.0
260.29	3.0
260.8	1.0
261.29	2.0
261.79	3.0
262.3	1.0
262.79	2.0
263.27	3.0
263.79	1.0
264.29	2.0
264.78	3.0
265.29	1.0
265.78	2.0
266.28	3.0
266.8	1.0
267.3	2.0
267.8	3.0
268.31	1.0
268.8	2.0
269.29	3.0
269.79	1.0
270.28	2.0
270.8	3.0
271.3	1.0
271.8	2.0
272.27	3.0
272.76	1.0
273.28	2.0
273.79	3.0
274.28	1.0
