0.22	4.0
0.84	1.0
1.44	2.0
2.02	3.0
2.63	4.0
3.24	1.0
3.84	2.0
4.45	3.0
5.04	4.0
5.64	1.0
6.25	2.0
6.85	3.0
7.44	4.0
8.04	1.0
8.64	2.0
9.25	3.0
9.85	4.0
10.46	1.0
11.06	2.0
11.65	3.0
12.25	4.0
12.84	1.0
13.43	2.0
14.03	3.0
14.63	4.0
15.23	1.0
15.84	2.0
16.43	3.0
16.88	4.0
17.34	1.0
17.8	2.0
18.26	3.0
18.83	4.0
19.42	1.0
20.04	2.0
20.61	3.0
21.23	4.0
21.82	1.0
22.45	2.0
23.04	3.0
23.63	4.0
24.23	1.0
24.84	2.0
25.45	3.0
26.04	4.0
26.63	1.0
27.25	2.0
27.84	3.0
28.44	4.0
29.04	1.0
29.65	2.0
30.23	3.0
30.85	4.0
31.43	1.0
32.05	2.0
32.66	3.0
33.24	4.0
33.83	1.0
34.45	2.0
35.04	3.0
35.64	4.0
36.25	1.0
36.86	2.0
37.45	3.0
38.05	4.0
38.63	1.0
39.25	2.0
39.84	3.0
40.44	4.0
41.03	1.0
41.64	2.0
42.25	3.0
42.83	4.0
43.43	1.0
44.04	2.0
44.64	3.0
45.22	4.0
45.82	1.0
46.44	2.0
47.04	3.0
47.65	4.0
48.25	1.0
48.84	2.0
49.45	3.0
50.03	4.0
50.62	1.0
51.25	2.0
51.83	3.0
52.44	4.0
53.02	1.0
53.63	2.0
54.24	3.0
54.84	4.0
55.45	1.0
56.05	2.0
56.64	3.0
57.23	4.0
57.83	1.0
58.43	2.0
59.03	3.0
59.63	4.0
60.22	1.0
60.84	2.0
61.45	3.0
62.04	4.0
62.64	1.0
63.23	2.0
63.83	3.0
64.43	4.0
65.02	1.0
65.62	2.0
66.22	3.0
66.82	4.0
67.42	1.0
68.02	2.0
68.62	3.0
69.22	4.0
69.81	1.0
70.44	2.0
71.05	3.0
71.65	4.0
72.24	1.0
72.84	2.0
73.45	3.0
74.04	4.0
74.64	1.0
75.24	2.0
75.84	3.0
76.42	4.0
77.03	1.0
77.63	2.0
78.23	3.0
78.84	4.0
79.44	1.0
80.04	2.0
80.64	3.0
81.24	4.0
81.84	1.0
82.43	2.0
83.03	3.0
83.62	4.0
84.23	1.0
84.82	2.0
85.43	3.0
86.03	4.0
86.63	1.0
87.23	2.0
87.84	3.0
88.43	4.0
89.04	1.0
89.64	2.0
90.24	3.0
90.84	4.0
91.43	1.0
92.02	2.0
92.63	3.0
93.23	4.0
93.83	1.0
94.42	2.0
95.02	3.0
95.62	4.0
96.22	1.0
96.83	2.0
97.44	3.0
98.04	4.0
98.64	1.0
99.24	2.0
99.85	3.0
100.43	4.0
101.03	1.0
101.64	2.0
102.23	3.0
102.83	4.0
103.42	1.0
104.03	2.0
104.63	3.0
105.23	4.0
105.84	1.0
106.45	2.0
107.04	3.0
107.63	4.0
108.22	1.0
108.84	2.0
109.44	3.0
110.05	4.0
110.63	1.0
111.24	2.0
111.84	3.0
112.44	4.0
113.03	1.0
113.65	2.0
114.26	3.0
114.85	4.0
115.44	1.0
116.05	2.0
116.65	3.0
117.24	4.0
117.85	1.0
118.44	2.0
119.04	3.0
119.64	4.0
120.25	1.0
120.85	2.0
121.44	3.0
122.05	4.0
122.67	1.0
123.25	2.0
123.84	3.0
124.43	4.0
125.03	1.0
125.64	2.0
126.24	3.0
126.84	4.0
127.43	1.0
128.04	2.0
128.64	3.0
129.25	4.0
129.83	1.0
130.45	2.0
131.03	3.0
131.63	4.0
132.22	1.0
132.84	2.0
133.43	3.0
134.03	4.0
134.63	1.0
135.24	2.0
135.83	3.0
136.44	4.0
137.04	1.0
137.64	2.0
138.23	3.0
138.83	4.0
139.44	1.0
140.04	2.0
140.64	3.0
141.23	4.0
141.83	1.0
142.44	2.0
143.04	3.0
143.63	4.0
144.23	1.0
144.84	2.0
145.45	3.0
146.03	4.0
146.62	1.0
147.23	2.0
147.84	3.0
148.43	4.0
149.02	1.0
149.61	2.0
150.22	3.0
150.82	4.0
151.42	1.0
152.04	2.0
152.63	3.0
153.24	4.0
153.83	1.0
154.43	2.0
155.02	3.0
155.62	4.0
156.23	1.0
156.83	2.0
157.42	3.0
158.03	4.0
158.63	1.0
159.25	2.0
159.84	3.0
160.41	4.0
161.03	1.0
161.63	2.0
162.23	3.0
162.83	4.0
163.43	1.0
164.03	2.0
164.64	3.0
165.23	4.0
165.82	1.0
166.43	2.0
167.03	3.0
167.63	4.0
168.24	1.0
168.82	2.0
169.43	3.0
170.04	4.0
170.62	1.0
171.23	2.0
171.83	3.0
172.43	4.0
173.02	1.0
173.62	2.0
174.23	3.0
174.83	4.0
175.43	1.0
176.03	2.0
176.63	3.0
177.23	4.0
177.83	1.0
178.42	2.0
179.03	3.0
179.63	4.0
180.22	1.0
180.83	2.0
181.43	3.0
182.04	4.0
182.64	1.0
183.24	2.0
183.83	3.0
184.43	4.0
185.03	1.0
185.63	2.0
186.23	3.0
186.83	4.0
187.44	1.0
188.03	2.0
188.63	3.0
189.23	4.0
189.83	1.0
190.44	2.0
191.03	3.0
191.63	4.0
192.23	1.0
192.83	2.0
193.43	3.0
194.03	4.0
194.63	1.0
195.24	2.0
195.83	3.0
196.43	4.0
197.03	1.0
197.63	2.0
198.21	3.0
198.85	4.0
199.43	1.0
200.06	2.0
200.66	3.0
201.29	4.0
201.87	1.0
202.52	2.0
203.16	3.0
203.77	4.0
204.39	1.0
205.02	2.0
205.65	3.0
206.29	4.0
206.91	1.0
207.57	2.0
208.2	3.0
208.83	4.0
209.46	1.0
