0.09	1.0
0.66	2.0
1.22	3.0
1.78	4.0
2.31	1.0
2.88	2.0
3.43	3.0
3.97	4.0
4.53	1.0
5.1	2.0
5.66	3.0
6.23	4.0
6.8	1.0
7.38	2.0
7.95	3.0
8.51	4.0
9.08	1.0
9.65	2.0
10.22	3.0
10.78	4.0
11.35	1.0
11.93	2.0
12.52	3.0
13.07	4.0
13.66	1.0
14.23	2.0
14.8	3.0
15.36	4.0
15.95	1.0
16.53	2.0
17.1	3.0
17.66	4.0
18.24	1.0
18.81	2.0
19.37	3.0
19.95	4.0
20.52	1.0
21.12	2.0
21.69	3.0
22.29	4.0
22.87	1.0
23.46	2.0
24.03	3.0
24.61	4.0
25.18	1.0
25.76	2.0
26.33	3.0
26.92	4.0
27.49	1.0
28.07	2.0
28.63	3.0
29.2	4.0
29.79	1.0
30.41	2.0
31.01	3.0
31.6	4.0
32.19	1.0
32.78	2.0
33.36	3.0
33.93	4.0
34.5	1.0
35.11	2.0
35.69	3.0
36.28	4.0
36.86	1.0
37.44	2.0
38.03	3.0
38.61	4.0
39.2	1.0
39.8	2.0
40.37	3.0
40.96	4.0
41.54	1.0
42.11	2.0
42.7	3.0
43.27	4.0
43.86	1.0
44.44	2.0
45.03	3.0
45.6	4.0
46.18	1.0
46.77	2.0
47.35	3.0
47.94	4.0
48.53	1.0
49.13	2.0
49.72	3.0
50.31	4.0
50.88	1.0
51.47	2.0
52.05	3.0
52.63	4.0
53.21	1.0
53.8	2.0
54.4	3.0
55.0	4.0
55.58	1.0
56.16	2.0
56.74	3.0
57.33	4.0
57.92	1.0
58.52	2.0
59.13	3.0
59.7	4.0
60.3	1.0
60.9	2.0
61.52	3.0
62.1	4.0
62.68	1.0
63.29	2.0
63.88	3.0
64.48	4.0
65.08	1.0
65.66	2.0
66.25	3.0
66.84	4.0
67.38	1.0
67.96	2.0
68.54	3.0
69.11	4.0
69.69	1.0
70.27	2.0
70.84	3.0
71.41	4.0
71.98	1.0
72.56	2.0
73.13	3.0
73.7	4.0
74.26	1.0
74.84	2.0
75.43	3.0
76.02	4.0
76.59	1.0
77.18	2.0
77.76	3.0
78.35	4.0
78.92	1.0
79.51	2.0
80.09	3.0
80.67	4.0
81.24	1.0
81.81	2.0
82.38	3.0
82.96	4.0
83.54	1.0
84.12	2.0
84.7	3.0
85.28	4.0
85.86	1.0
86.43	2.0
87.03	3.0
87.6	4.0
88.22	1.0
88.79	2.0
89.37	3.0
89.93	4.0
90.53	1.0
91.13	2.0
91.72	3.0
92.3	4.0
92.88	1.0
93.48	2.0
94.07	3.0
94.66	4.0
95.25	1.0
95.85	2.0
96.44	3.0
97.04	4.0
97.63	1.0
98.22	2.0
98.8	3.0
99.39	4.0
99.97	1.0
100.58	2.0
101.16	3.0
101.74	4.0
102.32	1.0
102.91	2.0
103.5	3.0
104.08	4.0
104.67	1.0
105.27	2.0
105.86	3.0
106.44	4.0
107.03	1.0
107.61	2.0
108.19	3.0
108.78	4.0
109.36	1.0
109.96	2.0
110.56	3.0
111.16	4.0
111.74	1.0
112.34	2.0
112.93	3.0
113.51	4.0
114.1	1.0
114.7	2.0
115.3	3.0
115.89	4.0
116.48	1.0
117.08	2.0
117.66	3.0
118.25	4.0
118.85	1.0
119.44	2.0
120.04	3.0
120.63	4.0
121.2	1.0
121.8	2.0
122.39	3.0
122.95	4.0
123.54	1.0
124.13	2.0
124.74	3.0
125.33	4.0
125.91	1.0
126.49	2.0
127.04	3.0
127.61	4.0
128.19	1.0
128.77	2.0
129.35	3.0
129.92	4.0
130.48	1.0
131.06	2.0
131.62	3.0
132.19	4.0
132.76	1.0
133.33	2.0
133.89	3.0
134.46	4.0
135.03	1.0
135.61	2.0
136.17	3.0
136.75	4.0
137.29	1.0
137.86	2.0
138.43	3.0
139.0	4.0
139.57	1.0
140.14	2.0
140.68	3.0
141.28	4.0
141.83	1.0
142.4	2.0
142.96	3.0
143.53	4.0
144.09	1.0
144.66	2.0
145.23	3.0
145.8	4.0
146.38	1.0
146.93	2.0
147.49	3.0
148.06	4.0
148.62	1.0
149.19	2.0
149.73	3.0
150.31	4.0
150.87	1.0
151.43	2.0
152.0	3.0
152.56	4.0
153.11	1.0
153.67	2.0
154.22	3.0
154.79	4.0
155.34	1.0
155.91	2.0
156.47	3.0
157.03	4.0
157.58	1.0
158.16	2.0
158.73	3.0
159.31	4.0
159.88	1.0
160.46	2.0
161.02	3.0
161.6	4.0
162.17	1.0
162.75	2.0
163.32	3.0
163.89	4.0
164.46	1.0
165.04	2.0
165.6	3.0
166.19	4.0
166.75	1.0
167.33	2.0
167.9	3.0
168.48	4.0
169.05	1.0
169.63	2.0
170.21	3.0
170.78	4.0
171.35	1.0
171.93	2.0
172.49	3.0
173.07	4.0
173.64	1.0
174.21	2.0
174.79	3.0
175.35	4.0
175.92	1.0
176.48	2.0
177.04	3.0
177.62	4.0
178.18	1.0
178.75	2.0
179.31	3.0
179.87	4.0
180.43	1.0
181.0	2.0
181.57	3.0
182.14	4.0
182.72	1.0
183.29	2.0
183.87	3.0
184.45	4.0
185.04	1.0
185.59	2.0
186.17	3.0
186.78	4.0
187.35	1.0
187.97	2.0
188.61	3.0
189.23	4.0
189.86	1.0
190.53	2.0
191.15	3.0
191.8	4.0
192.45	1.0
193.06	2.0
193.69	3.0
194.27	4.0
194.88	1.0
195.47	2.0
196.05	3.0
196.64	4.0
197.21	1.0
197.81	2.0
198.38	3.0
198.97	4.0
199.55	1.0
200.14	2.0
200.73	3.0
201.33	4.0
201.92	1.0
202.5	2.0
203.08	3.0
203.66	4.0
204.25	1.0
204.82	2.0
205.43	3.0
206.02	4.0
206.61	1.0
207.2	2.0
207.78	3.0
208.37	4.0
208.95	1.0
209.54	2.0
210.13	3.0
210.7	4.0
211.28	1.0
211.87	2.0
212.46	3.0
213.05	4.0
213.64	1.0
214.25	2.0
214.84	3.0
215.42	4.0
216.01	1.0
216.6	2.0
217.2	3.0
217.78	4.0
218.35	1.0
218.95	2.0
219.55	3.0
220.13	4.0
220.71	1.0
221.3	2.0
221.88	3.0
222.47	4.0
223.08	1.0
223.67	2.0
224.28	3.0
224.87	4.0
225.48	1.0
226.08	2.0
226.7	3.0
227.25	4.0
227.84	1.0
228.45	2.0
229.05	3.0
229.64	4.0
230.23	1.0
230.82	2.0
231.42	3.0
232.0	4.0
232.58	1.0
233.16	2.0
233.72	3.0
234.3	4.0
234.86	1.0
235.45	2.0
236.02	3.0
236.59	4.0
237.17	1.0
237.75	2.0
238.32	3.0
238.91	4.0
239.49	1.0
240.06	2.0
240.65	3.0
241.22	4.0
241.8	1.0
242.35	2.0
242.91	3.0
243.46	4.0
244.03	1.0
244.59	2.0
245.16	3.0
245.72	4.0
246.28	1.0
246.85	2.0
247.41	3.0
247.97	4.0
248.53	1.0
249.1	2.0
249.66	3.0
250.24	4.0
250.8	1.0
251.36	2.0
251.92	3.0
252.49	4.0
253.04	1.0
253.6	2.0
254.17	3.0
254.73	4.0
255.3	1.0
255.86	2.0
256.43	3.0
256.99	4.0
257.55	1.0
258.12	2.0
258.67	3.0
259.26	4.0
259.86	1.0
260.42	2.0
260.99	3.0
261.67	4.0
262.36	1.0
263.14	2.0
263.9	3.0
264.67	4.0
265.43	1.0
266.18	2.0
266.95	3.0
267.71	4.0
268.52	1.0
269.28	2.0
270.04	3.0
270.91	4.0
271.77	1.0
272.72	2.0
273.63	3.0
274.6	4.0
275.52	1.0
276.46	2.0
277.46	3.0
278.37	4.0
279.35	1.0
280.28	2.0
281.18	3.0
282.12	4.0
283.1	1.0
284.02	2.0
284.93	3.0
285.84	4.0
286.76	1.0
287.66	2.0
