0.53	1.0
0.96	2.0
1.41	3.0
1.83	4.0
2.28	1.0
2.73	2.0
3.18	3.0
3.62	4.0
4.08	1.0
4.53	2.0
5.0	3.0
5.45	4.0
5.91	1.0
6.35	2.0
6.8	3.0
7.25	4.0
7.71	1.0
8.16	2.0
8.62	3.0
9.06	4.0
9.52	1.0
9.99	2.0
10.44	3.0
10.89	4.0
11.36	1.0
11.83	2.0
12.28	3.0
12.74	4.0
13.2	1.0
13.65	2.0
14.12	3.0
14.57	4.0
15.03	1.0
15.5	2.0
15.96	3.0
16.41	4.0
16.88	1.0
17.32	2.0
17.78	3.0
18.25	4.0
18.7	1.0
19.17	2.0
19.63	3.0
20.08	4.0
20.54	1.0
21.0	2.0
21.46	3.0
21.92	4.0
22.38	1.0
22.85	2.0
23.32	3.0
23.77	4.0
24.23	1.0
24.69	2.0
25.16	3.0
25.62	4.0
26.09	1.0
26.56	2.0
27.03	3.0
27.5	4.0
27.97	1.0
28.42	2.0
28.87	3.0
29.31	4.0
29.77	1.0
30.25	2.0
30.7	3.0
31.16	4.0
31.63	1.0
32.09	2.0
32.55	3.0
33.01	4.0
33.48	1.0
33.95	2.0
34.39	3.0
34.85	4.0
35.32	1.0
35.77	2.0
36.24	3.0
36.69	4.0
37.15	1.0
37.61	2.0
38.08	3.0
38.53	4.0
39.0	1.0
39.45	2.0
39.93	3.0
40.39	4.0
40.85	1.0
41.32	2.0
41.77	3.0
42.22	4.0
42.69	1.0
43.14	2.0
43.6	3.0
44.06	4.0
44.52	1.0
44.99	2.0
45.45	3.0
45.91	4.0
46.36	1.0
46.83	2.0
47.3	3.0
47.74	4.0
48.21	1.0
48.68	2.0
49.14	3.0
49.6	4.0
50.07	1.0
50.52	2.0
50.98	3.0
51.44	4.0
51.89	1.0
52.35	2.0
52.82	3.0
53.28	4.0
53.75	1.0
54.22	2.0
54.7	3.0
55.16	4.0
55.64	1.0
56.1	2.0
56.58	3.0
57.04	4.0
57.51	1.0
57.98	2.0
58.45	3.0
58.9	4.0
59.37	1.0
59.84	2.0
60.3	3.0
60.76	4.0
61.24	1.0
61.7	2.0
62.17	3.0
62.64	4.0
63.09	1.0
63.55	2.0
64.03	3.0
64.47	4.0
64.95	1.0
65.39	2.0
65.86	3.0
66.31	4.0
66.76	1.0
67.22	2.0
67.68	3.0
68.14	4.0
68.6	1.0
69.07	2.0
69.54	3.0
70.0	4.0
70.47	1.0
70.94	2.0
71.39	3.0
71.85	4.0
72.32	1.0
72.77	2.0
73.25	3.0
73.71	4.0
74.17	1.0
74.64	2.0
75.1	3.0
75.56	4.0
76.03	1.0
76.49	2.0
76.96	3.0
77.41	4.0
77.89	1.0
78.35	2.0
78.8	3.0
79.27	4.0
79.73	1.0
80.18	2.0
80.65	3.0
81.11	4.0
81.58	1.0
82.04	2.0
82.52	3.0
82.98	4.0
83.43	1.0
83.9	2.0
84.37	3.0
84.83	4.0
85.29	1.0
85.77	2.0
86.22	3.0
86.69	4.0
87.17	1.0
87.62	2.0
88.08	3.0
88.53	4.0
88.99	1.0
89.46	2.0
89.93	3.0
90.38	4.0
90.85	1.0
91.31	2.0
91.79	3.0
92.26	4.0
92.71	1.0
93.18	2.0
93.66	3.0
94.11	4.0
94.57	1.0
95.04	2.0
95.51	3.0
95.97	4.0
96.43	1.0
96.9	2.0
97.36	3.0
97.83	4.0
98.3	1.0
98.78	2.0
99.24	3.0
99.7	4.0
100.16	1.0
100.61	2.0
101.09	3.0
101.55	4.0
102.01	1.0
102.46	2.0
102.92	3.0
103.36	4.0
103.8	1.0
104.27	2.0
104.73	3.0
105.19	4.0
105.66	1.0
106.12	2.0
106.59	3.0
107.05	4.0
107.53	1.0
108.0	2.0
108.47	3.0
108.94	4.0
109.4	1.0
109.86	2.0
110.33	3.0
110.79	4.0
111.25	1.0
111.72	2.0
112.18	3.0
112.63	4.0
113.1	1.0
113.57	2.0
114.04	3.0
114.5	4.0
114.96	1.0
115.44	2.0
115.89	3.0
116.34	4.0
116.81	1.0
117.27	2.0
117.74	3.0
118.19	4.0
118.67	1.0
119.13	2.0
119.6	3.0
120.06	4.0
120.53	1.0
120.99	2.0
121.46	3.0
121.93	4.0
122.39	1.0
122.86	2.0
123.32	3.0
123.79	4.0
124.25	1.0
124.7	2.0
125.15	3.0
125.6	4.0
126.06	1.0
126.53	2.0
127.0	3.0
127.46	4.0
127.94	1.0
128.39	2.0
128.86	3.0
129.31	4.0
129.77	1.0
130.24	2.0
130.7	3.0
131.14	4.0
131.61	1.0
132.07	2.0
132.53	3.0
132.98	4.0
133.46	1.0
133.92	2.0
134.38	3.0
134.82	4.0
135.29	1.0
135.74	2.0
136.21	3.0
136.66	4.0
137.12	1.0
137.58	2.0
138.04	3.0
138.49	4.0
138.96	1.0
139.42	2.0
139.88	3.0
140.33	4.0
140.79	1.0
141.26	2.0
141.73	3.0
