0.65	4.0
1.04	1.0
1.43	2.0
1.81	3.0
2.2	4.0
2.6	1.0
3.0	2.0
3.38	3.0
3.78	4.0
4.16	1.0
4.57	2.0
4.97	3.0
5.37	4.0
5.77	1.0
6.17	2.0
6.57	3.0
6.97	4.0
7.39	1.0
7.82	2.0
8.24	3.0
8.68	4.0
9.08	1.0
9.49	2.0
9.9	3.0
10.33	4.0
10.73	1.0
11.16	2.0
11.58	3.0
12.0	4.0
12.41	1.0
12.8	2.0
13.18	3.0
13.56	4.0
13.97	1.0
14.38	2.0
14.79	3.0
15.2	4.0
15.6	1.0
16.01	2.0
16.41	3.0
16.82	4.0
17.23	1.0
17.64	2.0
18.06	3.0
18.47	4.0
18.89	1.0
19.29	2.0
19.7	3.0
20.11	4.0
20.52	1.0
20.94	2.0
21.35	3.0
21.76	4.0
22.18	1.0
22.59	2.0
23.01	3.0
23.43	4.0
23.85	1.0
24.27	2.0
24.68	3.0
25.1	4.0
25.51	1.0
25.92	2.0
26.33	3.0
26.73	4.0
27.14	1.0
27.57	2.0
27.99	3.0
28.4	4.0
28.81	1.0
29.22	2.0
29.65	3.0
30.07	4.0
30.48	1.0
30.9	2.0
31.34	3.0
31.77	4.0
32.19	1.0
32.58	2.0
32.96	3.0
33.35	4.0
33.76	1.0
34.18	2.0
34.59	3.0
35.01	4.0
35.41	1.0
35.82	2.0
36.22	3.0
36.64	4.0
37.05	1.0
37.47	2.0
37.89	3.0
38.3	4.0
38.7	1.0
39.11	2.0
39.51	3.0
39.93	4.0
40.34	1.0
40.77	2.0
41.18	3.0
41.6	4.0
42.0	1.0
42.42	2.0
42.84	3.0
43.26	4.0
43.67	1.0
44.09	2.0
44.5	3.0
44.91	4.0
45.32	1.0
45.74	2.0
46.15	3.0
46.58	4.0
46.99	1.0
47.42	2.0
47.84	3.0
48.26	4.0
48.68	1.0
49.09	2.0
49.52	3.0
49.95	4.0
50.37	1.0
50.8	2.0
51.22	3.0
51.64	4.0
52.05	1.0
52.46	2.0
52.88	3.0
53.3	4.0
53.71	1.0
54.14	2.0
54.57	3.0
55.0	4.0
55.41	1.0
55.83	2.0
56.25	3.0
56.67	4.0
57.1	1.0
57.52	2.0
57.94	3.0
58.35	4.0
58.77	1.0
59.19	2.0
59.61	3.0
60.03	4.0
60.44	1.0
60.87	2.0
61.29	3.0
61.71	4.0
62.12	1.0
62.54	2.0
62.97	3.0
63.4	4.0
63.82	1.0
64.25	2.0
64.67	3.0
65.1	4.0
65.51	1.0
65.93	2.0
66.33	3.0
66.71	4.0
67.12	1.0
67.52	2.0
67.93	3.0
68.35	4.0
68.77	1.0
69.18	2.0
69.61	3.0
70.02	4.0
70.43	1.0
70.86	2.0
71.28	3.0
71.69	4.0
72.09	1.0
72.5	2.0
72.9	3.0
73.27	4.0
73.66	1.0
74.08	2.0
74.49	3.0
74.92	4.0
75.33	1.0
75.75	2.0
76.17	3.0
76.6	4.0
77.03	1.0
77.45	2.0
77.87	3.0
78.29	4.0
78.71	1.0
79.13	2.0
79.54	3.0
79.96	4.0
80.38	1.0
80.81	2.0
81.23	3.0
81.66	4.0
82.08	1.0
82.5	2.0
82.92	3.0
83.34	4.0
83.76	1.0
84.19	2.0
84.61	3.0
85.04	4.0
85.46	1.0
85.89	2.0
86.31	3.0
86.74	4.0
87.16	1.0
87.61	2.0
88.04	3.0
88.46	4.0
88.89	1.0
89.33	2.0
89.78	3.0
90.22	4.0
90.65	1.0
91.09	2.0
91.54	3.0
91.96	4.0
92.41	1.0
92.82	2.0
93.21	3.0
93.62	4.0
94.03	1.0
94.46	2.0
94.89	3.0
95.31	4.0
95.73	1.0
96.15	2.0
96.57	3.0
96.99	4.0
97.42	1.0
97.85	2.0
98.26	3.0
98.7	4.0
99.12	1.0
99.54	2.0
99.97	3.0
100.39	4.0
100.81	1.0
101.24	2.0
101.67	3.0
102.1	4.0
102.52	1.0
102.96	2.0
103.37	3.0
103.82	4.0
104.24	1.0
104.67	2.0
105.09	3.0
105.52	4.0
105.94	1.0
106.36	2.0
106.79	3.0
107.23	4.0
107.66	1.0
108.09	2.0
108.53	3.0
108.95	4.0
109.38	1.0
109.8	2.0
110.23	3.0
110.66	4.0
111.08	1.0
111.52	2.0
111.94	3.0
112.37	4.0
112.78	1.0
113.21	2.0
113.63	3.0
114.06	4.0
114.48	1.0
114.91	2.0
115.34	3.0
115.77	4.0
116.19	1.0
116.61	2.0
117.04	3.0
117.47	4.0
117.9	1.0
118.32	2.0
118.76	3.0
119.2	4.0
119.63	1.0
120.05	2.0
120.47	3.0
120.9	4.0
121.32	1.0
121.75	2.0
122.18	3.0
122.6	4.0
123.02	1.0
123.44	2.0
123.88	3.0
124.32	4.0
124.75	1.0
125.18	2.0
125.6	3.0
126.03	4.0
126.46	1.0
126.88	2.0
127.3	3.0
127.73	4.0
128.16	1.0
128.59	2.0
129.03	3.0
129.44	4.0
129.87	1.0
130.3	2.0
130.73	3.0
131.16	4.0
131.59	1.0
132.02	2.0
132.45	3.0
132.88	4.0
133.3	1.0
133.73	2.0
134.15	3.0
134.58	4.0
135.02	1.0
135.45	2.0
135.88	3.0
136.3	4.0
136.72	1.0
137.14	2.0
137.57	3.0
138.0	4.0
138.42	1.0
138.85	2.0
139.28	3.0
139.7	4.0
140.12	1.0
140.54	2.0
140.96	3.0
141.4	4.0
141.82	1.0
142.25	2.0
142.69	3.0
143.12	4.0
