0.5	1.0
0.91	2.0
1.32	3.0
1.74	4.0
2.18	1.0
2.61	2.0
3.05	3.0
3.5	4.0
3.94	1.0
4.37	2.0
4.82	3.0
5.25	4.0
5.7	1.0
6.14	2.0
6.59	3.0
7.02	4.0
7.45	1.0
7.87	2.0
8.31	3.0
8.74	4.0
9.18	1.0
9.64	2.0
10.07	3.0
10.54	4.0
10.98	1.0
11.41	2.0
11.87	3.0
12.31	4.0
12.74	1.0
13.17	2.0
13.62	3.0
14.05	4.0
14.49	1.0
14.92	2.0
15.36	3.0
15.79	4.0
16.25	1.0
16.67	2.0
17.12	3.0
17.56	4.0
18.0	1.0
18.43	2.0
18.87	3.0
19.31	4.0
19.76	1.0
20.19	2.0
20.63	3.0
21.08	4.0
21.52	1.0
21.96	2.0
22.4	3.0
22.85	4.0
23.29	1.0
23.73	2.0
24.18	3.0
24.62	4.0
25.06	1.0
25.53	2.0
26.0	3.0
26.45	4.0
26.91	1.0
27.38	2.0
27.82	3.0
28.25	4.0
28.7	1.0
29.13	2.0
29.59	3.0
30.02	4.0
30.47	1.0
30.89	2.0
31.33	3.0
31.77	4.0
32.22	1.0
32.68	2.0
33.11	3.0
33.58	4.0
34.03	1.0
34.47	2.0
34.93	3.0
35.36	4.0
35.8	1.0
36.24	2.0
36.69	3.0
37.13	4.0
37.58	1.0
38.01	2.0
38.44	3.0
38.89	4.0
39.34	1.0
39.77	2.0
40.22	3.0
40.67	4.0
41.11	1.0
41.55	2.0
42.01	3.0
42.44	4.0
42.89	1.0
43.32	2.0
43.77	3.0
44.21	4.0
44.65	1.0
45.11	2.0
45.56	3.0
45.99	4.0
46.44	1.0
46.89	2.0
47.33	3.0
47.78	4.0
48.23	1.0
48.67	2.0
49.14	3.0
49.59	4.0
50.04	1.0
50.48	2.0
50.92	3.0
51.36	4.0
51.8	1.0
52.25	2.0
52.7	3.0
53.15	4.0
53.59	1.0
54.04	2.0
54.49	3.0
54.93	4.0
55.37	1.0
55.82	2.0
56.28	3.0
56.71	4.0
57.16	1.0
57.6	2.0
58.04	3.0
58.48	4.0
58.92	1.0
59.36	2.0
59.81	3.0
60.25	4.0
60.69	1.0
61.14	2.0
61.61	3.0
62.05	4.0
62.48	1.0
62.91	2.0
63.34	3.0
63.75	4.0
64.19	1.0
64.62	2.0
65.05	3.0
65.48	4.0
65.93	1.0
66.37	2.0
66.82	3.0
67.26	4.0
67.72	1.0
68.16	2.0
68.62	3.0
69.07	4.0
69.52	1.0
69.96	2.0
70.42	3.0
70.87	4.0
71.32	1.0
71.77	2.0
72.22	3.0
72.67	4.0
73.11	1.0
73.58	2.0
74.03	3.0
74.5	4.0
74.96	1.0
75.41	2.0
75.86	3.0
76.31	4.0
76.76	1.0
77.21	2.0
77.67	3.0
78.11	4.0
78.56	1.0
79.01	2.0
79.46	3.0
79.91	4.0
80.36	1.0
80.83	2.0
81.28	3.0
81.76	4.0
82.2	1.0
82.66	2.0
83.11	3.0
83.55	4.0
84.0	1.0
84.45	2.0
84.9	3.0
85.34	4.0
85.8	1.0
86.23	2.0
86.67	3.0
87.11	4.0
87.57	1.0
88.01	2.0
88.46	3.0
88.9	4.0
89.34	1.0
89.78	2.0
90.24	3.0
90.7	4.0
91.15	1.0
91.58	2.0
92.03	3.0
92.47	4.0
92.92	1.0
93.37	2.0
93.83	3.0
94.28	4.0
94.72	1.0
95.17	2.0
95.62	3.0
96.06	4.0
96.53	1.0
97.0	2.0
97.48	3.0
97.94	4.0
98.41	1.0
98.86	2.0
99.32	3.0
99.76	4.0
100.2	1.0
100.64	2.0
101.09	3.0
101.53	4.0
101.98	1.0
102.43	2.0
102.88	3.0
103.33	4.0
103.79	1.0
104.22	2.0
104.67	3.0
105.11	4.0
105.57	1.0
106.01	2.0
106.46	3.0
106.9	4.0
107.36	1.0
107.8	2.0
108.27	3.0
108.71	4.0
109.16	1.0
109.61	2.0
110.05	3.0
110.48	4.0
110.93	1.0
111.38	2.0
111.82	3.0
112.27	4.0
112.72	1.0
113.17	2.0
113.61	3.0
114.04	4.0
114.49	1.0
114.94	2.0
115.38	3.0
115.83	4.0
116.28	1.0
116.72	2.0
117.16	3.0
117.6	4.0
118.04	1.0
118.48	2.0
118.93	3.0
119.37	4.0
119.8	1.0
120.24	2.0
120.69	3.0
121.13	4.0
121.54	1.0
121.99	2.0
122.42	3.0
122.83	4.0
123.27	1.0
123.7	2.0
124.14	3.0
124.57	4.0
125.02	1.0
125.46	2.0
125.9	3.0
126.34	4.0
126.79	1.0
127.23	2.0
127.68	3.0
128.13	4.0
128.59	1.0
129.04	2.0
129.49	3.0
129.94	4.0
130.39	1.0
130.85	2.0
131.3	3.0
131.75	4.0
132.2	1.0
132.64	2.0
133.1	3.0
133.54	4.0
133.99	1.0
134.43	2.0
134.89	3.0
135.32	4.0
135.79	1.0
136.23	2.0
136.69	3.0
137.13	4.0
137.65	1.0
138.19	2.0
138.7	3.0
139.23	4.0
