0.48	1.0
1.14	2.0
1.77	3.0
2.42	4.0
3.04	1.0
3.69	2.0
4.28	3.0
4.91	4.0
5.53	1.0
6.17	2.0
6.8	3.0
7.45	4.0
8.06	1.0
8.71	2.0
9.33	3.0
10.02	4.0
10.66	1.0
11.3	2.0
11.9	3.0
12.55	4.0
13.17	1.0
13.81	2.0
14.42	3.0
15.08	4.0
15.72	1.0
16.37	2.0
16.95	3.0
17.56	4.0
18.2	1.0
18.85	2.0
19.47	3.0
20.13	4.0
20.8	1.0
21.44	2.0
22.05	3.0
22.69	4.0
23.33	1.0
23.96	2.0
24.56	3.0
25.22	4.0
25.86	1.0
26.54	2.0
27.17	3.0
27.83	4.0
28.48	1.0
29.09	2.0
29.71	3.0
30.36	4.0
31.01	1.0
31.68	2.0
32.33	3.0
32.95	4.0
33.6	1.0
34.26	2.0
34.9	3.0
35.52	4.0
36.19	1.0
36.84	2.0
37.46	3.0
38.14	4.0
38.82	1.0
39.5	2.0
40.12	3.0
40.8	4.0
41.45	1.0
42.11	2.0
42.78	3.0
43.44	4.0
44.15	1.0
44.84	2.0
45.48	3.0
46.16	4.0
46.84	1.0
47.49	2.0
48.16	3.0
48.82	4.0
49.51	1.0
50.19	2.0
50.83	3.0
51.49	4.0
52.15	1.0
52.81	2.0
53.42	3.0
54.07	4.0
54.76	1.0
55.41	2.0
56.06	3.0
56.67	4.0
57.33	1.0
58.0	2.0
58.65	3.0
59.29	4.0
59.94	1.0
60.57	2.0
61.22	3.0
61.93	4.0
62.59	1.0
63.25	2.0
63.87	3.0
64.53	4.0
65.18	1.0
65.83	2.0
66.48	3.0
67.13	4.0
67.74	1.0
68.39	2.0
69.02	3.0
69.68	4.0
70.32	1.0
70.97	2.0
71.58	3.0
72.24	4.0
72.85	1.0
73.5	2.0
74.1	3.0
74.73	4.0
75.37	1.0
76.01	2.0
76.65	3.0
77.31	4.0
77.94	1.0
78.57	2.0
79.19	3.0
79.8	4.0
80.46	1.0
81.13	2.0
81.79	3.0
82.46	4.0
83.11	1.0
83.78	2.0
84.42	3.0
85.08	4.0
85.73	1.0
86.4	2.0
87.04	3.0
87.68	4.0
88.29	1.0
88.95	2.0
89.62	3.0
90.29	4.0
90.97	1.0
91.67	2.0
92.36	3.0
93.03	4.0
93.66	1.0
94.36	2.0
94.99	3.0
95.66	4.0
96.28	1.0
96.93	2.0
97.55	3.0
98.2	4.0
98.88	1.0
99.57	2.0
100.25	3.0
100.92	4.0
101.58	1.0
102.25	2.0
102.92	3.0
103.56	4.0
104.2	1.0
104.9	2.0
105.56	3.0
106.28	4.0
106.93	1.0
107.59	2.0
108.24	3.0
108.9	4.0
109.55	1.0
110.22	2.0
110.86	3.0
111.56	4.0
112.22	1.0
112.9	2.0
113.55	3.0
114.23	4.0
114.87	1.0
115.53	2.0
116.22	3.0
116.92	4.0
117.56	1.0
118.28	2.0
118.93	3.0
119.62	4.0
120.27	1.0
120.96	2.0
121.59	3.0
122.28	4.0
122.93	1.0
123.61	2.0
124.28	3.0
124.96	4.0
125.61	1.0
126.27	2.0
126.95	3.0
127.68	4.0
128.38	1.0
129.05	2.0
129.77	3.0
130.43	4.0
131.14	1.0
131.81	2.0
132.48	3.0
133.15	4.0
133.81	1.0
134.46	2.0
135.08	3.0
135.77	4.0
136.44	1.0
137.11	2.0
137.78	3.0
138.46	4.0
139.14	1.0
139.81	2.0
140.48	3.0
141.22	4.0
141.89	1.0
142.62	2.0
143.27	3.0
143.94	4.0
144.59	1.0
145.27	2.0
145.99	3.0
146.65	4.0
147.35	1.0
148.0	2.0
148.67	3.0
149.35	4.0
150.0	1.0
150.68	2.0
151.32	3.0
151.98	4.0
152.68	1.0
153.34	2.0
153.99	3.0
154.64	4.0
155.32	1.0
155.99	2.0
156.65	3.0
157.35	4.0
158.0	1.0
158.74	2.0
159.42	3.0
160.09	4.0
160.78	1.0
161.47	2.0
162.18	3.0
162.87	4.0
163.62	1.0
164.29	2.0
165.02	3.0
165.77	4.0
166.48	1.0
167.23	2.0
167.89	3.0
168.59	4.0
169.32	1.0
170.01	2.0
170.7	3.0
171.4	4.0
172.06	1.0
172.72	2.0
173.35	3.0
174.01	4.0
174.67	1.0
175.33	2.0
175.96	3.0
176.59	4.0
177.24	1.0
177.9	2.0
178.55	3.0
179.21	4.0
179.85	1.0
180.51	2.0
181.19	3.0
181.9	4.0
182.61	1.0
183.25	2.0
183.9	3.0
184.56	4.0
185.23	1.0
185.92	2.0
186.6	3.0
187.25	4.0
187.86	1.0
188.55	2.0
189.18	3.0
189.86	4.0
190.56	1.0
191.22	2.0
191.82	3.0
192.47	4.0
193.09	1.0
193.74	2.0
194.36	3.0
195.0	4.0
195.63	1.0
196.3	2.0
196.94	3.0
197.57	4.0
198.17	1.0
198.83	2.0
199.43	3.0
200.06	4.0
200.71	1.0
201.37	2.0
202.01	3.0
202.7	4.0
203.39	1.0
204.07	2.0
204.73	3.0
205.44	4.0
206.11	1.0
206.8	2.0
207.48	3.0
208.13	4.0
208.8	1.0
209.48	2.0
210.14	3.0
210.8	4.0
211.54	1.0
212.22	2.0
212.91	3.0
213.6	4.0
214.28	1.0
214.94	2.0
215.6	3.0
216.33	4.0
217.03	1.0
217.7	2.0
218.34	3.0
219.01	4.0
219.68	1.0
220.34	2.0
220.97	3.0
221.64	4.0
222.28	1.0
222.96	2.0
223.66	3.0
224.34	4.0
224.98	1.0
225.69	2.0
226.37	3.0
227.04	4.0
227.71	1.0
228.39	2.0
229.07	3.0
229.74	4.0
230.41	1.0
231.09	2.0
231.74	3.0
232.44	4.0
233.1	1.0
233.76	2.0
234.48	3.0
235.13	4.0
235.81	1.0
236.46	2.0
237.13	3.0
237.87	4.0
238.67	1.0
239.36	2.0
240.08	3.0
240.77	4.0
241.44	1.0
242.15	2.0
242.82	3.0
243.58	4.0
244.37	1.0
245.12	2.0
245.9	3.0
246.66	4.0
247.43	1.0
248.16	2.0
