0.73	4.0
1.64	1.0
2.6	2.0
3.57	3.0
4.51	4.0
5.46	1.0
6.43	2.0
7.35	3.0
8.33	4.0
9.28	1.0
10.22	2.0
11.18	3.0
12.14	4.0
13.09	1.0
14.04	2.0
15.0	3.0
15.95	4.0
16.9	1.0
17.85	2.0
18.79	3.0
19.75	4.0
20.7	1.0
21.66	2.0
22.61	3.0
23.57	4.0
24.53	1.0
25.48	2.0
26.42	3.0
27.38	4.0
28.35	1.0
29.29	2.0
30.23	3.0
31.19	4.0
32.13	1.0
33.1	2.0
34.05	3.0
35.01	4.0
35.95	1.0
36.91	2.0
37.86	3.0
38.83	4.0
39.76	1.0
40.72	2.0
41.66	3.0
42.62	4.0
43.58	1.0
44.54	2.0
45.48	3.0
46.44	4.0
47.39	1.0
48.35	2.0
49.29	3.0
50.25	4.0
51.19	1.0
52.15	2.0
53.09	3.0
54.05	4.0
55.01	1.0
55.96	2.0
56.91	3.0
57.87	4.0
58.82	1.0
59.79	2.0
60.73	3.0
61.68	4.0
62.63	1.0
63.6	2.0
64.52	3.0
65.49	4.0
66.45	1.0
67.42	2.0
68.35	3.0
69.31	4.0
70.25	1.0
71.22	2.0
72.15	3.0
73.11	4.0
74.07	1.0
75.02	2.0
75.97	3.0
76.93	4.0
77.87	1.0
78.84	2.0
79.77	3.0
80.74	4.0
81.69	1.0
82.64	2.0
83.59	3.0
84.55	4.0
85.5	1.0
86.47	2.0
87.41	3.0
88.36	4.0
89.31	1.0
90.28	2.0
91.22	3.0
92.18	4.0
93.13	1.0
94.1	2.0
95.03	3.0
96.0	4.0
96.96	1.0
97.9	2.0
98.87	3.0
99.79	4.0
100.77	1.0
101.72	2.0
102.66	3.0
103.64	4.0
104.59	1.0
105.53	2.0
106.49	3.0
107.43	4.0
108.39	1.0
109.34	2.0
110.27	3.0
111.25	4.0
112.2	1.0
113.14	2.0
114.1	3.0
115.05	4.0
116.02	1.0
117.0	2.0
117.93	3.0
118.88	4.0
119.82	1.0
120.79	2.0
121.73	3.0
122.69	4.0
123.61	1.0
124.59	2.0
125.54	3.0
126.49	4.0
127.44	1.0
128.4	2.0
129.37	3.0
130.31	4.0
131.26	1.0
132.22	2.0
133.16	3.0
134.12	4.0
135.06	1.0
136.03	2.0
136.99	3.0
137.94	4.0
138.87	1.0
139.85	2.0
140.8	3.0
141.75	4.0
142.7	1.0
143.66	2.0
144.61	3.0
145.57	4.0
146.5	1.0
147.47	2.0
148.42	3.0
149.38	4.0
150.33	1.0
151.29	2.0
152.23	3.0
153.2	4.0
154.14	1.0
155.1	2.0
156.02	3.0
157.01	4.0
157.96	1.0
158.9	2.0
159.85	3.0
160.83	4.0
161.76	1.0
162.72	2.0
163.65	3.0
164.62	4.0
165.58	1.0
166.54	2.0
167.47	3.0
168.44	4.0
169.39	1.0
170.35	2.0
171.31	3.0
172.22	4.0
173.19	1.0
174.16	2.0
175.09	3.0
176.06	4.0
176.98	1.0
177.97	2.0
178.92	3.0
179.87	4.0
180.82	1.0
181.8	2.0
182.74	3.0
183.69	4.0
184.64	1.0
185.6	2.0
186.55	3.0
187.51	4.0
188.46	1.0
189.43	2.0
190.38	3.0
191.32	4.0
192.23	1.0
193.21	2.0
194.19	3.0
195.14	4.0
196.09	1.0
197.04	2.0
197.99	3.0
198.93	4.0
199.87	1.0
200.85	2.0
201.8	3.0
202.74	4.0
203.71	1.0
204.67	2.0
205.61	3.0
206.57	4.0
207.52	1.0
208.48	2.0
209.43	3.0
210.38	4.0
211.34	1.0
212.29	2.0
213.21	3.0
214.19	4.0
215.11	1.0
216.1	2.0
217.05	3.0
218.0	4.0
218.96	1.0
219.92	2.0
220.86	3.0
221.82	4.0
222.76	1.0
223.71	2.0
224.67	3.0
225.62	4.0
226.57	1.0
227.54	2.0
228.49	3.0
229.45	4.0
230.38	1.0
231.35	2.0
232.31	3.0
233.26	4.0
234.2	1.0
235.16	2.0
236.11	3.0
237.05	4.0
237.99	1.0
238.96	2.0
239.87	3.0
240.85	4.0
241.81	1.0
242.79	2.0
243.73	3.0
244.7	4.0
245.63	1.0
246.6	2.0
247.54	3.0
248.51	4.0
249.45	1.0
250.43	2.0
251.37	3.0
252.3	4.0
253.26	1.0
254.21	2.0
255.17	3.0
256.13	4.0
257.08	1.0
258.03	2.0
258.96	3.0
259.93	4.0
260.86	1.0
261.85	2.0
262.8	3.0
263.74	4.0
264.66	1.0
265.67	2.0
266.61	3.0
267.55	4.0
268.48	1.0
269.47	2.0
270.42	3.0
271.38	4.0
272.34	1.0
273.29	2.0
274.23	3.0
275.19	4.0
276.13	1.0
277.11	2.0
278.04	3.0
278.99	4.0
279.93	1.0
280.91	2.0
281.85	3.0
282.8	4.0
283.75	1.0
284.72	2.0
285.67	3.0
286.63	4.0
287.59	1.0
288.54	2.0
289.5	3.0
290.44	4.0
291.39	1.0
292.35	2.0
293.3	3.0
294.25	4.0
295.21	1.0
296.18	2.0
297.12	3.0
298.06	4.0
298.99	1.0
299.97	2.0
300.93	3.0
301.89	4.0
302.82	1.0
303.79	2.0
304.74	3.0
305.69	4.0
306.62	1.0
307.58	2.0
308.52	3.0
309.37	4.0
310.27	1.0
311.22	2.0
312.1	3.0
313.02	4.0
313.89	1.0
314.79	2.0
315.72	3.0
316.65	4.0
317.56	1.0
318.54	2.0
319.48	3.0
