0.34	1.0
1.13	2.0
2.0	3.0
2.79	4.0
3.64	1.0
4.47	2.0
5.36	3.0
6.16	4.0
7.03	1.0
7.85	2.0
8.71	3.0
9.56	4.0
10.42	1.0
11.26	2.0
12.11	3.0
12.98	4.0
13.89	1.0
14.73	2.0
15.56	3.0
16.39	4.0
17.17	1.0
17.94	2.0
18.78	3.0
19.54	4.0
20.42	1.0
21.23	2.0
22.06	3.0
22.87	4.0
23.7	1.0
24.5	2.0
25.34	3.0
26.14	4.0
26.95	1.0
27.77	2.0
28.58	3.0
29.38	4.0
30.25	1.0
31.02	2.0
31.83	3.0
32.65	4.0
33.49	1.0
34.29	2.0
35.07	3.0
35.88	4.0
36.71	1.0
37.53	2.0
38.3	3.0
39.1	4.0
39.91	1.0
40.71	2.0
41.53	3.0
42.34	4.0
43.11	1.0
43.92	2.0
44.7	3.0
45.55	4.0
46.36	1.0
47.18	2.0
48.09	3.0
48.9	4.0
49.74	1.0
50.53	2.0
51.29	3.0
52.09	4.0
52.89	1.0
53.69	2.0
54.45	3.0
55.24	4.0
55.99	1.0
56.79	2.0
57.59	3.0
58.37	4.0
59.17	1.0
59.97	2.0
60.8	3.0
61.61	4.0
62.38	1.0
63.14	2.0
63.94	3.0
64.75	4.0
65.61	1.0
66.41	2.0
67.22	3.0
68.02	4.0
68.8	1.0
69.61	2.0
70.45	3.0
71.33	4.0
72.16	1.0
72.95	2.0
73.78	3.0
74.56	4.0
75.34	1.0
76.12	2.0
76.93	3.0
77.71	4.0
78.51	1.0
79.29	2.0
80.08	3.0
80.86	4.0
81.66	1.0
82.41	2.0
83.24	3.0
83.99	4.0
84.82	1.0
85.57	2.0
86.35	3.0
87.15	4.0
87.93	1.0
88.77	2.0
89.56	3.0
90.33	4.0
91.13	1.0
91.9	2.0
92.7	3.0
93.46	4.0
94.26	1.0
95.06	2.0
95.82	3.0
96.62	4.0
97.43	1.0
98.2	2.0
99.01	3.0
99.81	4.0
100.6	1.0
101.38	2.0
102.19	3.0
102.99	4.0
103.84	1.0
104.76	2.0
105.64	3.0
106.42	4.0
107.2	1.0
108.01	2.0
108.8	3.0
109.59	4.0
110.4	1.0
111.15	2.0
111.96	3.0
112.74	4.0
113.53	1.0
114.33	2.0
115.13	3.0
115.89	4.0
116.71	1.0
117.48	2.0
118.29	3.0
119.06	4.0
119.84	1.0
120.65	2.0
121.5	3.0
122.41	4.0
123.27	1.0
124.04	2.0
124.82	3.0
125.65	4.0
126.4	1.0
127.23	2.0
127.96	3.0
128.71	4.0
129.49	1.0
130.27	2.0
130.99	3.0
131.73	4.0
132.49	1.0
133.26	2.0
134.01	3.0
134.73	4.0
135.49	1.0
136.25	2.0
137.0	3.0
137.77	4.0
138.49	1.0
139.31	2.0
140.05	3.0
140.86	4.0
141.64	1.0
142.42	2.0
143.2	3.0
143.95	4.0
144.73	1.0
145.53	2.0
146.27	3.0
147.04	4.0
147.79	1.0
148.59	2.0
149.36	3.0
150.12	4.0
150.91	1.0
151.7	2.0
152.45	3.0
153.3	4.0
154.26	1.0
155.03	2.0
155.8	3.0
156.51	4.0
157.26	1.0
157.95	2.0
158.72	3.0
159.53	4.0
160.35	1.0
161.22	2.0
162.02	3.0
162.84	4.0
163.62	1.0
164.39	2.0
165.22	3.0
166.02	4.0
166.82	1.0
167.64	2.0
168.43	3.0
169.2	4.0
170.04	1.0
170.81	2.0
171.61	3.0
172.41	4.0
173.22	1.0
173.98	2.0
174.78	3.0
175.53	4.0
176.33	1.0
177.13	2.0
177.91	3.0
178.7	4.0
179.48	1.0
180.28	2.0
181.07	3.0
181.84	4.0
182.67	1.0
183.43	2.0
184.21	3.0
184.98	4.0
185.8	1.0
186.59	2.0
187.37	3.0
188.16	4.0
188.92	1.0
189.68	2.0
190.5	3.0
191.31	4.0
192.13	1.0
193.03	2.0
193.89	3.0
194.7	4.0
195.48	1.0
196.29	2.0
197.08	3.0
197.88	4.0
198.66	1.0
199.41	2.0
200.18	3.0
200.98	4.0
201.74	1.0
202.5	2.0
203.27	3.0
204.08	4.0
204.85	1.0
205.67	2.0
206.46	3.0
207.25	4.0
208.03	1.0
208.79	2.0
209.52	3.0
210.38	4.0
211.2	1.0
212.04	2.0
212.83	3.0
213.68	4.0
214.47	1.0
215.3	2.0
216.09	3.0
216.9	4.0
217.71	1.0
218.57	2.0
219.4	3.0
220.21	4.0
221.04	1.0
221.94	2.0
222.79	3.0
223.61	4.0
224.51	1.0
225.38	2.0
226.2	3.0
227.05	4.0
227.96	1.0
228.82	2.0
229.74	3.0
230.61	4.0
231.45	1.0
232.38	2.0
233.26	3.0
234.09	4.0
234.98	1.0
