0.5	1.0
0.85	2.0
1.21	3.0
1.56	4.0
1.92	1.0
2.27	2.0
2.63	3.0
2.98	4.0
3.34	1.0
3.69	2.0
4.05	3.0
4.4	4.0
4.76	1.0
5.11	2.0
5.47	3.0
5.82	4.0
6.18	1.0
6.53	2.0
6.89	3.0
7.24	4.0
7.6	1.0
7.95	2.0
8.31	3.0
8.66	4.0
9.02	1.0
9.37	2.0
9.73	3.0
10.08	4.0
10.44	1.0
10.79	2.0
11.15	3.0
11.51	4.0
11.87	1.0
12.22	2.0
12.57	3.0
12.93	4.0
13.29	1.0
13.64	2.0
13.99	3.0
14.35	4.0
14.71	1.0
15.06	2.0
15.42	3.0
15.77	4.0
16.13	1.0
16.48	2.0
16.84	3.0
17.19	4.0
17.55	1.0
17.9	2.0
18.25	3.0
18.61	4.0
18.97	1.0
19.32	2.0
19.68	3.0
20.03	4.0
20.39	1.0
20.74	2.0
21.09	3.0
21.45	4.0
21.81	1.0
22.16	2.0
22.52	3.0
22.87	4.0
23.23	1.0
23.58	2.0
23.93	3.0
24.29	4.0
24.65	1.0
25.0	2.0
25.36	3.0
25.71	4.0
26.07	1.0
26.42	2.0
26.77	3.0
27.13	4.0
27.49	1.0
27.84	2.0
28.2	3.0
28.55	4.0
28.91	1.0
29.26	2.0
29.61	3.0
29.97	4.0
30.32	1.0
30.68	2.0
31.04	3.0
31.39	4.0
31.75	1.0
32.1	2.0
32.45	3.0
32.81	4.0
33.16	1.0
33.52	2.0
33.87	3.0
34.23	4.0
34.59	1.0
34.94	2.0
35.29	3.0
35.64	4.0
36.0	1.0
36.35	2.0
36.71	3.0
37.06	4.0
37.42	1.0
37.78	2.0
38.13	3.0
38.48	4.0
38.84	1.0
39.19	2.0
39.55	3.0
39.9	4.0
40.26	1.0
40.61	2.0
40.97	3.0
41.32	4.0
41.68	1.0
42.03	2.0
42.39	3.0
42.74	4.0
43.1	1.0
43.45	2.0
43.81	3.0
44.16	4.0
44.52	1.0
44.87	2.0
45.23	3.0
45.58	4.0
45.94	1.0
46.29	2.0
46.65	3.0
47.0	4.0
47.36	1.0
47.71	2.0
48.07	3.0
48.42	4.0
48.78	1.0
49.13	2.0
49.49	3.0
49.84	4.0
50.2	1.0
50.55	2.0
50.91	3.0
51.26	4.0
51.62	1.0
51.97	2.0
52.32	3.0
52.68	4.0
53.04	1.0
53.39	2.0
53.74	3.0
54.1	4.0
54.45	1.0
54.81	2.0
55.16	3.0
55.51	4.0
55.87	1.0
56.22	2.0
56.58	3.0
56.93	4.0
57.29	1.0
57.64	2.0
57.99	3.0
58.35	4.0
58.7	1.0
59.06	2.0
59.41	3.0
59.76	4.0
60.12	1.0
60.47	2.0
60.83	3.0
61.18	4.0
61.54	1.0
61.89	2.0
62.25	3.0
62.6	4.0
62.95	1.0
63.31	2.0
63.66	3.0
64.02	4.0
64.38	1.0
64.73	2.0
65.08	3.0
65.44	4.0
65.8	1.0
66.15	2.0
66.5	3.0
66.86	4.0
67.22	1.0
67.57	2.0
67.92	3.0
68.28	4.0
68.64	1.0
68.99	2.0
69.35	3.0
69.7	4.0
70.06	1.0
70.41	2.0
70.77	3.0
71.12	4.0
71.47	1.0
71.83	2.0
72.18	3.0
72.54	4.0
72.89	1.0
73.25	2.0
73.6	3.0
73.96	4.0
74.31	1.0
74.67	2.0
75.02	3.0
75.37	4.0
75.73	1.0
76.08	2.0
76.44	3.0
76.79	4.0
77.15	1.0
77.51	2.0
77.86	3.0
78.21	4.0
78.57	1.0
78.92	2.0
79.28	3.0
79.63	4.0
79.99	1.0
80.34	2.0
80.69	3.0
81.05	4.0
81.41	1.0
81.76	2.0
82.12	3.0
82.47	4.0
82.83	1.0
83.18	2.0
83.53	3.0
83.89	4.0
84.25	1.0
84.6	2.0
84.96	3.0
85.31	4.0
85.67	1.0
86.02	2.0
86.37	3.0
86.72	4.0
87.09	1.0
87.44	2.0
87.79	3.0
88.14	4.0
88.5	1.0
88.86	2.0
89.21	3.0
89.56	4.0
89.93	1.0
90.28	2.0
90.63	3.0
90.99	4.0
91.34	1.0
91.7	2.0
92.05	3.0
92.4	4.0
92.76	1.0
93.11	2.0
93.47	3.0
93.82	4.0
94.18	1.0
94.53	2.0
94.89	3.0
95.24	4.0
95.6	1.0
95.95	2.0
96.31	3.0
96.66	4.0
97.02	1.0
97.37	2.0
97.72	3.0
98.08	4.0
98.44	1.0
98.79	2.0
99.14	3.0
99.5	4.0
99.85	1.0
100.21	2.0
100.56	3.0
100.91	4.0
101.27	1.0
101.62	2.0
101.98	3.0
102.33	4.0
102.69	1.0
103.05	2.0
103.4	3.0
103.75	4.0
104.11	1.0
104.47	2.0
104.82	3.0
105.16	4.0
105.53	1.0
105.88	2.0
106.23	3.0
106.6	4.0
106.95	1.0
107.3	2.0
107.65	3.0
108.01	4.0
108.37	1.0
108.72	2.0
109.07	3.0
109.42	4.0
109.78	1.0
110.13	2.0
110.49	3.0
110.84	4.0
111.2	1.0
111.55	2.0
111.91	3.0
112.26	4.0
112.62	1.0
112.97	2.0
113.32	3.0
113.68	4.0
114.04	1.0
114.39	2.0
114.74	3.0
115.09	4.0
115.45	1.0
115.8	2.0
116.16	3.0
116.51	4.0
116.87	1.0
117.22	2.0
117.58	3.0
117.93	4.0
118.29	1.0
118.64	2.0
119.0	3.0
119.35	4.0
119.71	1.0
120.06	2.0
120.42	3.0
120.77	4.0
121.13	1.0
121.48	2.0
121.84	3.0
122.19	4.0
122.55	1.0
122.9	2.0
123.26	3.0
123.61	4.0
123.97	1.0
124.32	2.0
124.68	3.0
125.03	4.0
125.39	1.0
125.74	2.0
126.09	3.0
126.45	4.0
126.81	1.0
127.15	2.0
127.51	3.0
127.87	4.0
128.22	1.0
128.57	2.0
128.93	3.0
129.28	4.0
129.64	1.0
130.0	2.0
130.35	3.0
130.7	4.0
131.07	1.0
131.42	2.0
131.77	3.0
132.12	4.0
132.47	1.0
132.83	2.0
133.19	3.0
133.54	4.0
133.9	1.0
134.25	2.0
134.61	3.0
134.96	4.0
135.31	1.0
135.67	2.0
136.02	3.0
136.38	4.0
136.74	1.0
137.09	2.0
137.44	3.0
137.79	4.0
138.15	1.0
138.5	2.0
138.86	3.0
139.21	4.0
139.57	1.0
139.92	2.0
140.28	3.0
140.63	4.0
140.99	1.0
141.34	2.0
141.7	3.0
142.05	4.0
142.41	1.0
142.76	2.0
143.11	3.0
143.47	4.0
143.83	1.0
144.18	2.0
144.53	3.0
144.89	4.0
145.24	1.0
145.59	2.0
145.95	3.0
146.3	4.0
146.66	1.0
147.01	2.0
147.37	3.0
147.72	4.0
148.08	1.0
148.43	2.0
148.78	3.0
149.13	4.0
149.49	1.0
149.84	2.0
150.2	3.0
150.55	4.0
150.91	1.0
151.25	2.0
151.61	3.0
151.96	4.0
152.32	1.0
152.67	2.0
153.02	3.0
153.38	4.0
153.73	1.0
154.08	2.0
154.44	3.0
154.79	4.0
155.15	1.0
155.5	2.0
155.85	3.0
156.2	4.0
156.56	1.0
156.91	2.0
157.26	3.0
157.62	4.0
157.97	1.0
158.33	2.0
158.68	3.0
159.03	4.0
159.39	1.0
159.74	2.0
160.09	3.0
160.45	4.0
160.8	1.0
161.15	2.0
161.51	3.0
161.86	4.0
162.22	1.0
162.57	2.0
162.92	3.0
163.27	4.0
163.63	1.0
163.98	2.0
164.34	3.0
164.68	4.0
165.04	1.0
165.4	2.0
165.75	3.0
166.1	4.0
166.47	1.0
166.81	2.0
167.17	3.0
167.52	4.0
167.88	1.0
168.23	2.0
168.59	3.0
168.93	4.0
169.29	1.0
169.64	2.0
170.0	3.0
170.35	4.0
170.7	1.0
171.06	2.0
171.41	3.0
171.77	4.0
172.12	1.0
172.47	2.0
172.83	3.0
173.18	4.0
173.54	1.0
173.89	2.0
174.24	3.0
174.6	4.0
174.96	1.0
175.31	2.0
175.66	3.0
176.01	4.0
176.37	1.0
176.72	2.0
177.07	3.0
177.43	4.0
177.79	1.0
178.14	2.0
178.49	3.0
178.84	4.0
179.2	1.0
179.55	2.0
179.91	3.0
180.26	4.0
180.62	1.0
180.96	2.0
181.32	3.0
181.67	4.0
182.03	1.0
182.38	2.0
182.73	3.0
183.09	4.0
183.44	1.0
183.8	2.0
184.15	3.0
184.51	4.0
184.85	1.0
185.22	2.0
185.56	3.0
185.92	4.0
186.27	1.0
186.63	2.0
186.98	3.0
187.34	4.0
187.69	1.0
188.04	2.0
188.4	3.0
188.75	4.0
189.11	1.0
189.46	2.0
189.81	3.0
190.17	4.0
190.52	1.0
190.87	2.0
191.23	3.0
191.58	4.0
191.94	1.0
192.29	2.0
192.65	3.0
193.0	4.0
193.36	1.0
193.71	2.0
194.06	3.0
194.41	4.0
194.77	1.0
195.12	2.0
195.48	3.0
195.83	4.0
196.19	1.0
196.54	2.0
196.89	3.0
197.25	4.0
197.6	1.0
197.95	2.0
198.31	3.0
198.66	4.0
199.02	1.0
199.37	2.0
199.73	3.0
200.08	4.0
200.43	1.0
200.79	2.0
201.14	3.0
201.49	4.0
201.85	1.0
202.2	2.0
202.56	3.0
202.91	4.0
203.27	1.0
203.62	2.0
203.98	3.0
204.33	4.0
204.68	1.0
205.04	2.0
205.39	3.0
205.75	4.0
206.1	1.0
206.45	2.0
206.81	3.0
207.16	4.0
207.52	1.0
207.87	2.0
208.22	3.0
208.57	4.0
208.93	1.0
209.28	2.0
209.64	3.0
209.99	4.0
210.35	1.0
210.7	2.0
211.05	3.0
211.4	4.0
211.76	1.0
212.11	2.0
212.47	3.0
212.82	4.0
213.17	1.0
213.52	2.0
213.88	3.0
214.24	4.0
214.59	1.0
214.94	2.0
215.29	3.0
215.65	4.0
216.0	1.0
216.35	2.0
216.71	3.0
217.06	4.0
217.41	1.0
217.76	2.0
218.12	3.0
218.47	4.0
218.82	1.0
219.18	2.0
219.53	3.0
219.88	4.0
220.24	1.0
220.59	2.0
220.94	3.0
221.3	4.0
221.65	1.0
222.0	2.0
222.36	3.0
222.71	4.0
223.06	1.0
223.41	2.0
223.77	3.0
224.12	4.0
224.47	1.0
224.82	2.0
225.19	3.0
225.54	4.0
